year,0:15,0:30,0:45,1:00,1:15,1:30,1:45,2:00,2:15,2:30,2:45,3:00,3:15,3:30,3:45,4:00,4:15,4:30,4:45,5:00,5:15,5:30,5:45,6:00,6:15,6:30,6:45,7:00,7:15,7:30,7:45,8:00,8:15,8:30,8:45,9:00,9:15,9:30,9:45,10:00,10:15,10:30,10:45,11:00,11:15,11:30,11:45,12:00,12:15,12:30,12:45,13:00,13:15,13:30,13:45,14:00,14:15,14:30,14:45,15:00,15:15,15:30,15:45,16:00,16:15,16:30,16:45,17:00,17:15,17:30,17:45,18:00,18:15,18:30,18:45,19:00,19:15,19:30,19:45,20:00,20:15,20:30,20:45,21:00,21:15,21:30,21:45,22:00,22:15,22:30,22:45,23:00,23:15,23:30,23:45,24:00,Date_01AUG2018,Date_01DEC2018,Date_01FEB2019,Date_01JAN2019,Date_01JUL2018,Date_01JUN2018,Date_01MAR2019,Date_01MAY2018,Date_01NOV2018,Date_01OCT2018,Date_01SEP2018,Date_02APR2019,Date_02AUG2018,Date_02DEC2018,Date_02FEB2019,Date_02JAN2019,Date_02JUL2018,Date_02JUN2018,Date_02MAR2019,Date_02MAY2018,Date_02NOV2018,Date_02OCT2018,Date_02SEP2018,Date_03APR2019,Date_03AUG2018,Date_03DEC2018,Date_03FEB2019,Date_03JAN2019,Date_03JUL2018,Date_03JUN2018,Date_03MAR2019,Date_03MAY2018,Date_03NOV2018,Date_03OCT2018,Date_03SEP2018,Date_04APR2019,Date_04AUG2018,Date_04DEC2018,Date_04FEB2019,Date_04JAN2019,Date_04JUL2018,Date_04JUN2018,Date_04MAR2019,Date_04MAY2018,Date_04NOV2018,Date_04OCT2018,Date_04SEP2018,Date_05APR2019,Date_05AUG2018,Date_05DEC2018,Date_05FEB2019,Date_05JAN2019,Date_05JUL2018,Date_05JUN2018,Date_05MAR2019,Date_05MAY2018,Date_05NOV2018,Date_05OCT2018,Date_05SEP2018,Date_06APR2019,Date_06AUG2018,Date_06DEC2018,Date_06FEB2019,Date_06JAN2019,Date_06JUL2018,Date_06JUN2018,Date_06MAR2019,Date_06MAY2018,Date_06NOV2018,Date_06OCT2018,Date_06SEP2018,Date_07APR2019,Date_07AUG2018,Date_07DEC2018,Date_07FEB2019,Date_07JAN2019,Date_07JUL2018,Date_07JUN2018,Date_07MAR2019,Date_07MAY2018,Date_07NOV2018,Date_07SEP2018,Date_08APR2019,Date_08AUG2018,Date_08DEC2018,Date_08FEB2019,Date_08JAN2019,Date_08JUL2018,Date_08JUN2018,Date_08MAR2019,Date_08MAY2018,Date_08NOV2018,Date_08OCT2018,Date_08SEP2018,Date_09APR2019,Date_09AUG2018,Date_09DEC2018,Date_09FEB2019,Date_09JAN2019,Date_09JUL2018,Date_09JUN2018,Date_09MAR2019,Date_09MAY2018,Date_09NOV2018,Date_09OCT2018,Date_09SEP2018,Date_10APR2019,Date_10AUG2018,Date_10DEC2018,Date_10FEB2019,Date_10JAN2019,Date_10JUL2018,Date_10JUN2018,Date_10MAR2019,Date_10MAY2018,Date_10NOV2018,Date_10OCT2018,Date_10SEP2018,Date_11APR2019,Date_11AUG2018,Date_11DEC2018,Date_11FEB2019,Date_11JAN2019,Date_11JUL2018,Date_11JUN2018,Date_11MAR2019,Date_11MAY2018,Date_11NOV2018,Date_11OCT2018,Date_11SEP2018,Date_12APR2019,Date_12AUG2018,Date_12DEC2018,Date_12FEB2019,Date_12JAN2019,Date_12JUL2018,Date_12JUN2018,Date_12MAR2019,Date_12MAY2018,Date_12NOV2018,Date_12OCT2018,Date_12SEP2018,Date_13APR2019,Date_13AUG2018,Date_13DEC2018,Date_13FEB2019,Date_13JAN2019,Date_13JUL2018,Date_13JUN2018,Date_13MAR2019,Date_13MAY2018,Date_13NOV2018,Date_13OCT2018,Date_13SEP2018,Date_14APR2019,Date_14AUG2018,Date_14DEC2018,Date_14FEB2019,Date_14JAN2019,Date_14JUL2018,Date_14JUN2018,Date_14MAR2019,Date_14MAY2018,Date_14NOV2018,Date_14OCT2018,Date_14SEP2018,Date_15APR2019,Date_15AUG2018,Date_15DEC2018,Date_15FEB2019,Date_15JAN2019,Date_15JUL2018,Date_15JUN2018,Date_15MAR2019,Date_15MAY2018,Date_15NOV2018,Date_15OCT2018,Date_15SEP2018,Date_16APR2019,Date_16AUG2018,Date_16DEC2018,Date_16FEB2019,Date_16JAN2019,Date_16JUL2018,Date_16JUN2018,Date_16MAR2019,Date_16MAY2018,Date_16NOV2018,Date_16OCT2018,Date_16SEP2018,Date_17APR2019,Date_17AUG2018,Date_17DEC2018,Date_17FEB2019,Date_17JAN2019,Date_17JUL2018,Date_17JUN2018,Date_17MAR2019,Date_17MAY2018,Date_17NOV2018,Date_17OCT2018,Date_17SEP2018,Date_18APR2019,Date_18AUG2018,Date_18DEC2018,Date_18FEB2019,Date_18JAN2019,Date_18JUL2018,Date_18JUN2018,Date_18MAR2019,Date_18MAY2018,Date_18NOV2018,Date_18OCT2018,Date_18SEP2018,Date_19APR2019,Date_19AUG2018,Date_19DEC2018,Date_19FEB2019,Date_19JAN2019,Date_19JUL2018,Date_19JUN2018,Date_19MAR2019,Date_19MAY2018,Date_19NOV2018,Date_19OCT2018,Date_19SEP2018,Date_20APR2019,Date_20AUG2018,Date_20DEC2018,Date_20FEB2019,Date_20JAN2019,Date_20JUL2018,Date_20JUN2018,Date_20MAR2019,Date_20MAY2018,Date_20NOV2018,Date_20OCT2018,Date_20SEP2018,Date_21APR2019,Date_21AUG2018,Date_21DEC2018,Date_21FEB2019,Date_21JAN2019,Date_21JUL2018,Date_21JUN2018,Date_21MAR2019,Date_21MAY2018,Date_21NOV2018,Date_21OCT2018,Date_21SEP2018,Date_22APR2019,Date_22AUG2018,Date_22DEC2018,Date_22FEB2019,Date_22JAN2019,Date_22JUL2018,Date_22JUN2018,Date_22MAR2019,Date_22MAY2018,Date_22NOV2018,Date_22OCT2018,Date_22SEP2018,Date_23APR2019,Date_23AUG2018,Date_23DEC2018,Date_23FEB2019,Date_23JAN2019,Date_23JUL2018,Date_23JUN2018,Date_23MAR2019,Date_23MAY2018,Date_23NOV2018,Date_23OCT2018,Date_23SEP2018,Date_24APR2019,Date_24AUG2018,Date_24DEC2018,Date_24FEB2019,Date_24JAN2019,Date_24JUL2018,Date_24JUN2018,Date_24MAR2019,Date_24MAY2018,Date_24NOV2018,Date_24OCT2018,Date_24SEP2018,Date_25APR2019,Date_25AUG2018,Date_25DEC2018,Date_25FEB2019,Date_25JAN2019,Date_25JUL2018,Date_25JUN2018,Date_25MAR2019,Date_25MAY2018,Date_25NOV2018,Date_25OCT2018,Date_25SEP2018,Date_26APR2019,Date_26AUG2018,Date_26DEC2018,Date_26FEB2019,Date_26JAN2019,Date_26JUN2018,Date_26MAR2019,Date_26MAY2018,Date_26NOV2018,Date_26OCT2018,Date_26SEP2018,Date_27APR2019,Date_27AUG2018,Date_27DEC2018,Date_27FEB2019,Date_27JAN2019,Date_27JUL2018,Date_27JUN2018,Date_27MAR2019,Date_27MAY2018,Date_27NOV2018,Date_27OCT2018,Date_27SEP2018,Date_28APR2019,Date_28AUG2018,Date_28DEC2018,Date_28FEB2019,Date_28JAN2019,Date_28JUL2018,Date_28JUN2018,Date_28MAR2019,Date_28MAY2018,Date_28NOV2018,Date_28OCT2018,Date_28SEP2018,Date_29APR2019,Date_29AUG2018,Date_29DEC2018,Date_29JUL2018,Date_29JUN2018,Date_29MAR2019,Date_29MAY2018,Date_29NOV2018,Date_29OCT2018,Date_29SEP2018,Date_30APR2019,Date_30AUG2018,Date_30DEC2018,Date_30JAN2019,Date_30JUL2018,Date_30JUN2018,Date_30MAR2019,Date_30MAY2018,Date_30NOV2018,Date_30OCT2018,Date_30SEP2018,Date_31AUG2018,Date_31DEC2018,Date_31JAN2019,Date_31MAR2019,Date_31MAY2018,Date_31OCT2018
2019,24.86844,24.77388,24.20654,23.99852,23.58247,23.58247,23.58247,23.35553,23.22315,22.8071,22.8071,22.8071,22.8071,22.8071,22.52343,22.16412,22.48561,22.8071,22.90166,22.90166,23.16642,23.60138,23.60138,24.16872,25.37905,26.6272,27.55385,28.4616,30.37165,31.35504,31.77109,32.41407,32.94359,33.30291,33.13271,33.09488,33.58658,33.58658,33.58658,33.83243,34.07827,34.04045,34.17283,35.00493,35.00493,34.75908,35.25078,35.43989,35.43989,35.57227,35.89376,35.7803,36.36655,36.40437,35.98832,35.89376,36.00723,36.42328,36.30981,35.98832,35.91268,35.91268,36.10179,36.08288,36.04506,35.89376,35.98832,36.08288,35.64792,35.96941,36.42328,36.25308,35.49663,35.26969,35.32642,35.26969,34.47541,34.09719,33.96481,33.81351,33.73787,33.05706,32.65992,32.43299,32.18714,31.63871,31.01463,30.1258,29.40717,28.51833,28.00773,27.57277,27.06216,26.7974,26.1355,25.64381,False,False,False,False,False,False,False,True,False,False,False,False,False,False,False,False,False,False,False,False,False,False,False,False,False,False,False,False,False,False,False,False,False,False,False,False,False,False,False,False,False,False,False,False,False,False,False,False,False,False,False,False,False,False,False,False,False,False,False,False,False,False,False,False,False,False,False,False,False,False,False,False,False,False,False,False,False,False,False,False,False,False,False,False,False,False,False,False,False,False,False,False,False,False,False,False,False,False,False,False,False,False,False,False,False,False,False,False,False,False,False,False,False,False,False,False,False,False,False,False,False,False,False,False,False,False,False,False,False,False,False,False,False,False,False,False,False,False,False,False,False,False,False,False,False,False,False,False,False,False,False,False,False,False,False,False,False,False,False,False,False,False,False,False,False,False,False,False,False,False,False,False,False,False,False,False,False,False,False,False,False,False,False,False,False,False,False,False,False,False,False,False,False,False,False,False,False,False,False,False,False,False,False,False,False,False,False,False,False,False,False,False,False,False,False,False,False,False,False,False,False,False,False,False,False,False,False,False,False,False,False,False,False,False,False,False,False,False,False,False,False,False,False,False,False,False,False,False,False,False,False,False,False,False,False,False,False,False,False,False,False,False,False,False,False,False,False,False,False,False,False,False,False,False,False,False,False,False,False,False,False,False,False,False,False,False,False,False,False,False,False,False,False,False,False,False,False,False,False,False,False,False,False,False,False,False,False,False,False,False,False,False,False,False,False,False,False,False,False,False,False,False,False,False,False,False,False,False,False,False,False,False,False,False,False,False,False,False,False,False,False,False,False,False,False,False,False,False,False,False,False,False,False,False,False,False,False,False,False,False
2019,25.32231,24.963,24.66042,24.28219,24.28219,24.20654,23.54465,23.39335,22.92057,22.92057,22.92057,22.92057,22.92057,22.92057,22.92057,22.92057,22.52343,22.33432,22.2965,22.2965,23.27989,23.48791,23.75267,24.54695,25.92748,26.83522,28.04555,28.72636,30.27709,31.46851,31.84673,32.50863,33.70005,33.90807,33.88916,33.81351,34.56997,34.55106,34.56997,34.68344,34.6267,35.1184,35.34534,35.2886,35.47771,36.1207,36.25308,36.15852,35.9505,35.9505,36.08288,36.46111,36.85824,36.76369,36.80151,36.40437,36.44219,36.42328,36.21526,35.74247,36.34764,36.40437,36.36655,35.02384,35.1184,35.30751,35.51554,35.51554,35.98832,36.74478,37.53905,37.00953,36.76369,36.34764,36.13961,35.51554,35.09949,34.83473,34.74017,34.00263,34.07827,33.73787,33.41638,33.35964,32.81121,32.47081,31.86564,31.39286,30.18253,29.78539,29.01003,28.27249,27.47821,27.21345,26.70284,26.34353,False,False,False,False,False,False,False,False,False,False,False,False,False,False,False,False,False,False,False,True,False,False,False,False,False,False,False,False,False,False,False,False,False,False,False,False,False,False,False,False,False,False,False,False,False,False,False,False,False,False,False,False,False,False,False,False,False,False,False,False,False,False,False,False,False,False,False,False,False,False,False,False,False,False,False,False,False,False,False,False,False,False,False,False,False,False,False,False,False,False,False,False,False,False,False,False,False,False,False,False,False,False,False,False,False,False,False,False,False,False,False,False,False,False,False,False,False,False,False,False,False,False,False,False,False,False,False,False,False,False,False,False,False,False,False,False,False,False,False,False,False,False,False,False,False,False,False,False,False,False,False,False,False,False,False,False,False,False,False,False,False,False,False,False,False,False,False,False,False,False,False,False,False,False,False,False,False,False,False,False,False,False,False,False,False,False,False,False,False,False,False,False,False,False,False,False,False,False,False,False,False,False,False,False,False,False,False,False,False,False,False,False,False,False,False,False,False,False,False,False,False,False,False,False,False,False,False,False,False,False,False,False,False,False,False,False,False,False,False,False,False,False,False,False,False,False,False,False,False,False,False,False,False,False,False,False,False,False,False,False,False,False,False,False,False,False,False,False,False,False,False,False,False,False,False,False,False,False,False,False,False,False,False,False,False,False,False,False,False,False,False,False,False,False,False,False,False,False,False,False,False,False,False,False,False,False,False,False,False,False,False,False,False,False,False,False,False,False,False,False,False,False,False,False,False,False,False,False,False,False,False,False,False,False,False,False,False,False,False,False,False,False,False,False,False,False,False,False,False,False,False,False,False,False,False,False,False,False,False,False
2019,25.85183,25.64381,25.18993,24.88735,24.49021,24.49021,23.69594,23.65811,23.65811,23.24206,23.03404,23.469,23.07186,23.07186,23.03404,22.4667,22.2965,22.2965,22.2965,22.2965,22.86384,22.9773,24.09307,24.67933,25.87074,26.83522,27.70514,28.48051,30.50403,31.24157,31.82782,32.71666,33.13271,33.4542,33.81351,33.85134,34.04045,34.22956,34.30521,34.49432,35.1184,35.42098,35.83703,36.00723,36.89607,36.59349,36.76369,37.63361,37.31212,36.97171,37.34994,37.63361,37.70926,37.55796,38.31442,38.46571,38.23877,38.80611,38.12531,38.06857,37.89837,38.01184,37.72817,37.10409,37.6147,37.27429,37.17974,36.55566,36.9528,37.14191,37.123,37.02845,36.74478,36.38546,35.91268,35.91268,34.75908,34.32412,34.21065,34.02154,33.51093,33.75678,33.81351,33.41638,32.86795,32.73557,32.16823,31.77109,31.14701,30.06907,29.40717,29.33152,28.59398,28.2914,27.59168,26.85413,False,False,False,False,False,False,False,False,False,False,False,False,False,False,False,False,False,False,False,False,False,False,False,False,False,False,False,False,False,False,False,True,False,False,False,False,False,False,False,False,False,False,False,False,False,False,False,False,False,False,False,False,False,False,False,False,False,False,False,False,False,False,False,False,False,False,False,False,False,False,False,False,False,False,False,False,False,False,False,False,False,False,False,False,False,False,False,False,False,False,False,False,False,False,False,False,False,False,False,False,False,False,False,False,False,False,False,False,False,False,False,False,False,False,False,False,False,False,False,False,False,False,False,False,False,False,False,False,False,False,False,False,False,False,False,False,False,False,False,False,False,False,False,False,False,False,False,False,False,False,False,False,False,False,False,False,False,False,False,False,False,False,False,False,False,False,False,False,False,False,False,False,False,False,False,False,False,False,False,False,False,False,False,False,False,False,False,False,False,False,False,False,False,False,False,False,False,False,False,False,False,False,False,False,False,False,False,False,False,False,False,False,False,False,False,False,False,False,False,False,False,False,False,False,False,False,False,False,False,False,False,False,False,False,False,False,False,False,False,False,False,False,False,False,False,False,False,False,False,False,False,False,False,False,False,False,False,False,False,False,False,False,False,False,False,False,False,False,False,False,False,False,False,False,False,False,False,False,False,False,False,False,False,False,False,False,False,False,False,False,False,False,False,False,False,False,False,False,False,False,False,False,False,False,False,False,False,False,False,False,False,False,False,False,False,False,False,False,False,False,False,False,False,False,False,False,False,False,False,False,False,False,False,False,False,False,False,False,False,False,False,False,False,False,False,False,False,False,False,False,False,False,False,False,False,False,False,False,False,False
2019,25.87074,25.64381,25.39796,25.00082,25.00082,24.54695,24.37675,24.37675,24.05525,23.75267,23.75267,23.75267,23.52573,23.01513,23.01513,23.01513,23.27989,23.56356,23.69594,23.1286,23.54465,23.54465,23.90396,25.26558,26.58937,27.40256,28.40487,29.69084,31.16592,32.77339,33.18944,34.04045,34.43759,34.79691,34.9482,35.15622,35.57227,35.91268,36.1207,36.36655,36.89607,38.08748,37.97401,38.12531,38.33333,38.57918,38.73047,39.12761,39.22216,38.93849,39.29781,38.80611,39.39237,39.1087,38.86285,38.91958,38.57918,38.35224,38.35224,37.84163,37.80381,37.67143,37.16083,36.72586,36.13961,36.27199,36.32873,36.38546,36.36655,36.15852,36.1207,35.98832,35.53445,35.1184,34.68344,34.55106,33.64331,33.51093,33.49202,33.22726,32.7923,32.39516,32.30061,31.75218,31.2983,31.14701,30.71205,30.69314,30.61749,29.89886,29.31261,28.82092,28.14011,27.85644,27.51603,27.08107,False,False,False,False,False,False,False,False,False,False,False,False,False,False,False,False,False,False,False,False,False,False,False,False,False,False,False,False,False,False,False,False,False,False,False,False,False,False,False,False,False,False,False,True,False,False,False,False,False,False,False,False,False,False,False,False,False,False,False,False,False,False,False,False,False,False,False,False,False,False,False,False,False,False,False,False,False,False,False,False,False,False,False,False,False,False,False,False,False,False,False,False,False,False,False,False,False,False,False,False,False,False,False,False,False,False,False,False,False,False,False,False,False,False,False,False,False,False,False,False,False,False,False,False,False,False,False,False,False,False,False,False,False,False,False,False,False,False,False,False,False,False,False,False,False,False,False,False,False,False,False,False,False,False,False,False,False,False,False,False,False,False,False,False,False,False,False,False,False,False,False,False,False,False,False,False,False,False,False,False,False,False,False,False,False,False,False,False,False,False,False,False,False,False,False,False,False,False,False,False,False,False,False,False,False,False,False,False,False,False,False,False,False,False,False,False,False,False,False,False,False,False,False,False,False,False,False,False,False,False,False,False,False,False,False,False,False,False,False,False,False,False,False,False,False,False,False,False,False,False,False,False,False,False,False,False,False,False,False,False,False,False,False,False,False,False,False,False,False,False,False,False,False,False,False,False,False,False,False,False,False,False,False,False,False,False,False,False,False,False,False,False,False,False,False,False,False,False,False,False,False,False,False,False,False,False,False,False,False,False,False,False,False,False,False,False,False,False,False,False,False,False,False,False,False,False,False,False,False,False,False,False,False,False,False,False,False,False,False,False,False,False,False,False,False,False,False,False,False,False,False,False,False,False,False,False,False,False,False,False
2019,26.55155,26.55155,25.88965,25.56816,24.94409,24.86844,24.11199,24.11199,23.60138,23.469,23.469,23.24206,22.84493,22.84493,22.69363,22.75037,23.1286,23.37444,23.18533,22.69363,22.69363,23.2988,23.62029,23.52573,24.39566,24.67933,24.83062,25.22776,25.90857,26.21115,26.91087,26.9676,27.32692,27.6295,28.19684,28.2914,28.70745,28.95329,28.99112,29.4639,29.91777,30.25818,29.97451,30.01233,30.14471,30.06907,30.03124,29.99342,30.61749,30.76879,31.07137,30.88225,30.63641,30.50403,30.40947,30.25818,30.56076,30.35274,30.59858,31.03354,31.03354,30.73096,30.54185,30.57967,30.86334,30.65532,30.74987,31.10919,31.90347,32.41407,32.77339,32.7923,32.86795,33.00033,33.00033,32.67883,32.39516,32.4519,32.39516,31.80891,31.67653,31.44959,31.50633,31.24157,31.37395,31.16592,30.86334,30.69314,30.18253,29.99342,29.21805,28.68854,28.68854,28.04555,27.9699,27.15672,False,False,False,False,False,False,False,False,False,False,False,False,False,False,False,False,False,False,False,False,False,False,False,False,False,False,False,False,False,False,False,False,False,False,False,False,False,False,False,False,False,False,False,False,False,False,False,False,False,False,False,False,False,False,False,True,False,False,False,False,False,False,False,False,False,False,False,False,False,False,False,False,False,False,False,False,False,False,False,False,False,False,False,False,False,False,False,False,False,False,False,False,False,False,False,False,False,False,False,False,False,False,False,False,False,False,False,False,False,False,False,False,False,False,False,False,False,False,False,False,False,False,False,False,False,False,False,False,False,False,False,False,False,False,False,False,False,False,False,False,False,False,False,False,False,False,False,False,False,False,False,False,False,False,False,False,False,False,False,False,False,False,False,False,False,False,False,False,False,False,False,False,False,False,False,False,False,False,False,False,False,False,False,False,False,False,False,False,False,False,False,False,False,False,False,False,False,False,False,False,False,False,False,False,False,False,False,False,False,False,False,False,False,False,False,False,False,False,False,False,False,False,False,False,False,False,False,False,False,False,False,False,False,False,False,False,False,False,False,False,False,False,False,False,False,False,False,False,False,False,False,False,False,False,False,False,False,False,False,False,False,False,False,False,False,False,False,False,False,False,False,False,False,False,False,False,False,False,False,False,False,False,False,False,False,False,False,False,False,False,False,False,False,False,False,False,False,False,False,False,False,False,False,False,False,False,False,False,False,False,False,False,False,False,False,False,False,False,False,False,False,False,False,False,False,False,False,False,False,False,False,False,False,False,False,False,False,False,False,False,False,False,False,False,False,False,False,False,False,False,False,False,False,False,False,False,False,False,False,False
2019,26.92978,26.07877,25.68163,25.20885,25.01973,24.39566,24.28219,24.28219,24.03634,23.65811,23.65811,23.65811,23.48791,22.92057,22.92057,22.92057,22.92057,22.95839,23.39335,22.82601,22.84493,22.84493,23.24206,23.60138,23.82832,24.09307,24.45239,24.45239,24.94409,25.60598,25.92748,26.07877,26.58937,26.58937,26.87305,27.4593,27.38365,27.55385,27.66732,27.95099,28.59398,28.89656,29.18023,29.25588,29.35043,29.78539,29.25588,29.6341,30.23927,30.01233,30.01233,30.01233,30.14471,30.35274,30.296,30.18253,30.35274,30.05015,30.27709,30.48512,30.50403,30.56076,30.50403,30.296,30.50403,30.52294,30.73096,31.31722,31.43068,32.11149,32.69774,32.9625,33.17053,33.17053,33.11379,33.22726,32.69774,32.65992,32.09258,31.86564,31.80891,31.71435,31.31722,31.37395,30.65532,30.61749,30.33382,29.93669,29.48281,28.99112,28.21575,27.6295,27.38365,26.72175,26.24897,25.70054,False,False,False,False,False,False,False,False,False,False,False,False,False,False,False,False,False,False,False,False,False,False,False,False,False,False,False,False,False,False,False,False,False,False,False,False,False,False,False,False,False,False,False,False,False,False,False,False,False,False,False,False,False,False,False,False,False,False,False,False,False,False,False,False,False,False,False,True,False,False,False,False,False,False,False,False,False,False,False,False,False,False,False,False,False,False,False,False,False,False,False,False,False,False,False,False,False,False,False,False,False,False,False,False,False,False,False,False,False,False,False,False,False,False,False,False,False,False,False,False,False,False,False,False,False,False,False,False,False,False,False,False,False,False,False,False,False,False,False,False,False,False,False,False,False,False,False,False,False,False,False,False,False,False,False,False,False,False,False,False,False,False,False,False,False,False,False,False,False,False,False,False,False,False,False,False,False,False,False,False,False,False,False,False,False,False,False,False,False,False,False,False,False,False,False,False,False,False,False,False,False,False,False,False,False,False,False,False,False,False,False,False,False,False,False,False,False,False,False,False,False,False,False,False,False,False,False,False,False,False,False,False,False,False,False,False,False,False,False,False,False,False,False,False,False,False,False,False,False,False,False,False,False,False,False,False,False,False,False,False,False,False,False,False,False,False,False,False,False,False,False,False,False,False,False,False,False,False,False,False,False,False,False,False,False,False,False,False,False,False,False,False,False,False,False,False,False,False,False,False,False,False,False,False,False,False,False,False,False,False,False,False,False,False,False,False,False,False,False,False,False,False,False,False,False,False,False,False,False,False,False,False,False,False,False,False,False,False,False,False,False,False,False,False,False,False,False,False,False,False,False,False,False,False,False,False,False,False,False,False
2019,25.15211,24.7928,24.71715,24.71715,24.03634,24.03634,23.58247,23.37444,23.37444,23.37444,23.37444,23.18533,22.75037,22.75037,22.75037,22.75037,22.75037,22.75037,22.75037,22.75037,22.9773,23.75267,23.94178,24.77388,25.94639,27.1378,28.12119,28.93438,30.82552,31.84673,32.41407,32.94359,33.41638,33.41638,33.52984,33.30291,33.35964,33.51093,34.00263,34.09719,34.75908,35.09949,35.55336,35.51554,35.51554,35.51554,35.68574,35.57227,36.13961,36.44219,36.66913,36.68804,36.91498,36.74478,36.87716,36.72586,37.53905,36.97171,36.80151,36.80151,36.99062,36.93389,36.40437,36.38546,36.66913,36.27199,36.1207,36.40437,36.17744,36.32873,36.6124,36.82042,36.15852,35.9505,35.9505,35.91268,34.85364,34.47541,34.39977,33.85134,33.41638,33.13271,32.81121,32.24387,31.75218,31.69544,30.99572,30.56076,29.97451,28.97221,28.53724,27.83752,27.15672,26.6272,26.23006,25.7951,False,False,False,False,False,False,False,False,False,False,False,False,False,False,False,False,False,False,False,False,False,False,False,False,False,False,False,False,False,False,False,False,False,False,False,False,False,False,False,False,False,False,False,False,False,False,False,False,False,False,False,False,False,False,False,False,False,False,False,False,False,False,False,False,False,False,False,False,False,False,False,False,False,False,False,False,False,False,False,True,False,False,False,False,False,False,False,False,False,False,False,False,False,False,False,False,False,False,False,False,False,False,False,False,False,False,False,False,False,False,False,False,False,False,False,False,False,False,False,False,False,False,False,False,False,False,False,False,False,False,False,False,False,False,False,False,False,False,False,False,False,False,False,False,False,False,False,False,False,False,False,False,False,False,False,False,False,False,False,False,False,False,False,False,False,False,False,False,False,False,False,False,False,False,False,False,False,False,False,False,False,False,False,False,False,False,False,False,False,False,False,False,False,False,False,False,False,False,False,False,False,False,False,False,False,False,False,False,False,False,False,False,False,False,False,False,False,False,False,False,False,False,False,False,False,False,False,False,False,False,False,False,False,False,False,False,False,False,False,False,False,False,False,False,False,False,False,False,False,False,False,False,False,False,False,False,False,False,False,False,False,False,False,False,False,False,False,False,False,False,False,False,False,False,False,False,False,False,False,False,False,False,False,False,False,False,False,False,False,False,False,False,False,False,False,False,False,False,False,False,False,False,False,False,False,False,False,False,False,False,False,False,False,False,False,False,False,False,False,False,False,False,False,False,False,False,False,False,False,False,False,False,False,False,False,False,False,False,False,False,False,False,False,False,False,False,False,False,False,False,False,False,False,False,False,False,False,False,False,False
2019,25.49252,25.01973,24.94409,24.7928,24.39566,24.11199,23.92287,23.37444,23.37444,23.37444,22.82601,22.69363,22.69363,22.69363,22.69363,22.69363,22.59908,22.58017,22.58017,22.58017,23.50682,23.54465,24.20654,24.83062,25.83292,26.89196,27.95099,28.95329,30.69314,31.43068,32.09258,33.03815,33.18944,33.54876,33.88916,33.98372,33.96481,33.90807,33.98372,33.87025,34.24848,34.34303,34.70235,35.1184,35.19404,35.70465,35.74247,35.68574,36.23417,36.2909,36.13961,36.10179,36.30981,36.44219,36.49893,36.57457,36.89607,37.19865,36.76369,36.91498,37.42558,37.63361,37.17974,37.17974,36.70695,36.7826,36.32873,36.38546,36.68804,36.9528,37.10409,36.93389,36.32873,36.17744,36.17744,35.96941,35.23187,34.53215,34.2863,34.19174,33.7946,33.41638,32.83012,32.86795,32.65992,32.14931,31.88456,31.37395,30.40947,29.70975,28.93438,28.36704,27.6295,27.08107,26.7974,26.41917,False,False,False,False,False,False,False,False,False,False,False,False,False,False,False,False,False,False,False,False,False,False,False,False,False,False,False,False,False,False,False,False,False,False,False,False,False,False,False,False,False,False,False,False,False,False,False,False,False,False,False,False,False,False,False,False,False,False,False,False,False,False,False,False,False,False,False,False,False,False,False,False,False,False,False,False,False,False,False,False,False,False,False,False,False,False,False,False,False,False,True,False,False,False,False,False,False,False,False,False,False,False,False,False,False,False,False,False,False,False,False,False,False,False,False,False,False,False,False,False,False,False,False,False,False,False,False,False,False,False,False,False,False,False,False,False,False,False,False,False,False,False,False,False,False,False,False,False,False,False,False,False,False,False,False,False,False,False,False,False,False,False,False,False,False,False,False,False,False,False,False,False,False,False,False,False,False,False,False,False,False,False,False,False,False,False,False,False,False,False,False,False,False,False,False,False,False,False,False,False,False,False,False,False,False,False,False,False,False,False,False,False,False,False,False,False,False,False,False,False,False,False,False,False,False,False,False,False,False,False,False,False,False,False,False,False,False,False,False,False,False,False,False,False,False,False,False,False,False,False,False,False,False,False,False,False,False,False,False,False,False,False,False,False,False,False,False,False,False,False,False,False,False,False,False,False,False,False,False,False,False,False,False,False,False,False,False,False,False,False,False,False,False,False,False,False,False,False,False,False,False,False,False,False,False,False,False,False,False,False,False,False,False,False,False,False,False,False,False,False,False,False,False,False,False,False,False,False,False,False,False,False,False,False,False,False,False,False,False,False,False,False,False,False,False,False,False,False,False,False,False,False,False,False,False,False,False,False,False,False
2019,25.71945,25.3034,24.69824,24.67933,24.16872,24.16872,24.16872,23.94178,23.52573,23.52573,23.43118,23.20424,22.90166,22.69363,22.86384,22.23976,22.23976,22.23976,22.23976,22.39105,22.95839,23.54465,23.97961,24.54695,25.94639,26.92978,27.9699,29.27479,30.42838,31.56306,31.88456,32.60319,33.284,33.54876,33.68114,33.83243,33.85134,34.02154,34.04045,34.32412,35.21296,35.89376,35.91268,36.38546,36.44219,36.49893,36.68804,36.76369,36.97171,37.29321,37.38776,37.55796,37.55796,37.55796,37.46341,37.63361,37.65252,37.25538,37.84163,38.01184,37.7849,37.80381,37.25538,37.17974,37.06627,36.89607,36.93389,37.06627,36.9528,37.25538,37.53905,37.55796,36.80151,36.46111,36.46111,36.08288,35.38316,34.91037,34.34303,34.22956,33.85134,33.51093,33.20835,33.15162,32.56536,32.14931,31.79,30.82552,30.14471,29.33152,28.89656,28.10228,27.51603,27.32692,26.68393,26.28679,False,False,False,False,False,False,False,False,False,False,False,False,False,False,False,False,False,False,False,False,False,False,False,False,False,False,False,False,False,False,False,False,False,False,False,False,False,False,False,False,False,False,False,False,False,False,False,False,False,False,False,False,False,False,False,False,False,False,False,False,False,False,False,False,False,False,False,False,False,False,False,False,False,False,False,False,False,False,False,False,False,False,False,False,False,False,False,False,False,False,False,False,False,False,False,False,False,False,False,False,False,False,True,False,False,False,False,False,False,False,False,False,False,False,False,False,False,False,False,False,False,False,False,False,False,False,False,False,False,False,False,False,False,False,False,False,False,False,False,False,False,False,False,False,False,False,False,False,False,False,False,False,False,False,False,False,False,False,False,False,False,False,False,False,False,False,False,False,False,False,False,False,False,False,False,False,False,False,False,False,False,False,False,False,False,False,False,False,False,False,False,False,False,False,False,False,False,False,False,False,False,False,False,False,False,False,False,False,False,False,False,False,False,False,False,False,False,False,False,False,False,False,False,False,False,False,False,False,False,False,False,False,False,False,False,False,False,False,False,False,False,False,False,False,False,False,False,False,False,False,False,False,False,False,False,False,False,False,False,False,False,False,False,False,False,False,False,False,False,False,False,False,False,False,False,False,False,False,False,False,False,False,False,False,False,False,False,False,False,False,False,False,False,False,False,False,False,False,False,False,False,False,False,False,False,False,False,False,False,False,False,False,False,False,False,False,False,False,False,False,False,False,False,False,False,False,False,False,False,False,False,False,False,False,False,False,False,False,False,False,False,False,False,False,False,False,False,False,False,False,False,False,False,False,False,False,False,False,False,False
2019,25.87074,25.37905,24.98191,24.45239,24.45239,24.07416,23.82832,23.82832,23.82832,23.26097,23.09077,23.09077,22.56125,22.4667,22.4667,22.4667,22.52343,22.52343,22.52343,22.52343,23.01513,23.2988,23.84723,24.26328,25.77619,26.57046,27.68623,28.55616,30.14471,31.48742,31.75218,32.52754,33.07597,33.17053,33.66222,33.90807,33.98372,34.13501,34.32412,34.55106,34.43759,34.64561,34.85364,35.42098,35.49663,35.96941,36.00723,36.27199,36.48002,36.85824,37.08518,37.52014,37.14191,36.76369,37.06627,37.57688,37.91728,37.31212,37.29321,37.33103,37.25538,37.50123,37.17974,37.14191,36.63131,36.23417,36.10179,35.87485,35.81812,35.72356,35.66683,35.62901,35.23187,34.64561,34.43759,34.58888,34.04045,33.56767,33.54876,33.30291,33.30291,32.71666,32.33843,31.88456,31.77109,31.37395,31.07137,30.50403,30.03124,29.35043,28.72636,28.06446,27.68623,27.08107,26.64611,26.34353,False,False,False,False,False,False,False,False,False,False,False,False,False,False,False,False,False,False,False,False,False,False,False,False,False,False,False,False,False,False,False,False,False,False,False,False,False,False,False,False,False,False,False,False,False,False,False,False,False,False,False,False,False,False,False,False,False,False,False,False,False,False,False,False,False,False,False,False,False,False,False,False,False,False,False,False,False,False,False,False,False,False,False,False,False,False,False,False,False,False,False,False,False,False,False,False,False,False,False,False,False,False,False,False,False,False,False,False,False,False,False,False,False,False,True,False,False,False,False,False,False,False,False,False,False,False,False,False,False,False,False,False,False,False,False,False,False,False,False,False,False,False,False,False,False,False,False,False,False,False,False,False,False,False,False,False,False,False,False,False,False,False,False,False,False,False,False,False,False,False,False,False,False,False,False,False,False,False,False,False,False,False,False,False,False,False,False,False,False,False,False,False,False,False,False,False,False,False,False,False,False,False,False,False,False,False,False,False,False,False,False,False,False,False,False,False,False,False,False,False,False,False,False,False,False,False,False,False,False,False,False,False,False,False,False,False,False,False,False,False,False,False,False,False,False,False,False,False,False,False,False,False,False,False,False,False,False,False,False,False,False,False,False,False,False,False,False,False,False,False,False,False,False,False,False,False,False,False,False,False,False,False,False,False,False,False,False,False,False,False,False,False,False,False,False,False,False,False,False,False,False,False,False,False,False,False,False,False,False,False,False,False,False,False,False,False,False,False,False,False,False,False,False,False,False,False,False,False,False,False,False,False,False,False,False,False,False,False,False,False,False,False,False,False,False,False,False,False,False,False,False,False,False,False,False,False,False,False,False,False
2019,25.58707,25.22776,25.05755,24.45239,24.33892,23.86614,23.60138,23.60138,23.60138,23.60138,23.60138,22.86384,23.01513,22.86384,22.78819,22.78819,22.75037,23.33662,22.95839,23.56356,23.69594,24.24437,24.67933,24.69824,26.21115,27.34583,28.48051,29.80431,31.46851,32.86795,33.41638,34.00263,34.38086,34.60779,34.64561,34.77799,34.85364,34.92929,34.53215,34.38086,34.64561,34.66453,34.81582,34.92929,35.06166,35.25078,35.40207,35.64792,35.62901,35.08058,35.09949,34.81582,35.13731,35.32642,35.04275,35.06166,35.06166,35.08058,34.58888,34.56997,34.39977,34.70235,34.74017,34.77799,34.77799,34.74017,34.75908,35.15622,35.34534,36.25308,36.34764,36.36655,36.00723,35.85594,35.53445,35.49663,34.89146,34.36194,34.24848,34.09719,34.24848,33.7946,33.43529,33.00033,32.86795,32.37625,32.37625,31.6198,31.31722,30.82552,30.25818,29.70975,28.87765,28.70745,28.42378,27.47821,False,False,False,False,False,False,False,False,False,False,False,False,False,False,False,False,False,False,False,False,False,False,False,False,False,False,False,False,False,False,False,False,False,False,False,False,False,False,False,False,False,False,False,False,False,False,False,False,False,False,False,False,False,False,False,False,False,False,False,False,False,False,False,False,False,False,False,False,False,False,False,False,False,False,False,False,False,False,False,False,False,False,False,False,False,False,False,False,False,False,False,False,False,False,False,False,False,False,False,False,False,False,False,False,False,False,False,False,False,False,False,False,False,False,False,False,False,False,False,False,False,False,False,False,False,False,True,False,False,False,False,False,False,False,False,False,False,False,False,False,False,False,False,False,False,False,False,False,False,False,False,False,False,False,False,False,False,False,False,False,False,False,False,False,False,False,False,False,False,False,False,False,False,False,False,False,False,False,False,False,False,False,False,False,False,False,False,False,False,False,False,False,False,False,False,False,False,False,False,False,False,False,False,False,False,False,False,False,False,False,False,False,False,False,False,False,False,False,False,False,False,False,False,False,False,False,False,False,False,False,False,False,False,False,False,False,False,False,False,False,False,False,False,False,False,False,False,False,False,False,False,False,False,False,False,False,False,False,False,False,False,False,False,False,False,False,False,False,False,False,False,False,False,False,False,False,False,False,False,False,False,False,False,False,False,False,False,False,False,False,False,False,False,False,False,False,False,False,False,False,False,False,False,False,False,False,False,False,False,False,False,False,False,False,False,False,False,False,False,False,False,False,False,False,False,False,False,False,False,False,False,False,False,False,False,False,False,False,False,False,False,False,False,False,False,False,False,False,False,False,False,False,False,False,False,False,False,False,False,False
2019,27.23236,26.70284,26.15441,26.07877,25.45469,25.28449,24.62259,24.62259,24.11199,23.86614,23.86614,23.56356,23.18533,23.18533,23.18533,23.18533,23.27989,23.2988,23.2988,23.2988,23.2988,23.2988,23.2988,23.73376,24.11199,24.56586,25.18993,25.3034,26.1355,26.83522,27.32692,27.40256,27.95099,28.25357,28.42378,28.82092,29.36934,29.52064,29.6341,29.53955,30.16362,30.82552,30.90117,30.80661,30.76879,31.27939,30.73096,30.57967,30.7877,30.67423,30.76879,30.86334,31.24157,30.76879,30.82552,30.90117,30.57967,30.69314,30.69314,30.90117,31.07137,31.35504,31.60089,31.37395,31.09028,31.56306,32.88686,32.7923,33.17053,33.73787,33.87025,33.81351,33.75678,33.94589,34.15392,33.94589,33.77569,33.58658,33.47311,33.34073,32.92468,33.13271,32.88686,32.56536,32.22496,32.05476,32.05476,31.39286,31.24157,30.7877,30.27709,29.72866,29.21805,28.57507,27.9699,27.53494,False,False,False,False,False,False,False,False,False,False,False,False,False,False,False,False,False,False,False,False,False,False,False,False,False,False,False,False,False,False,False,False,False,False,False,False,False,False,False,False,False,False,False,False,False,False,False,False,False,False,False,False,False,False,False,False,False,False,False,False,False,False,False,False,False,False,False,False,False,False,False,False,False,False,False,False,False,False,False,False,False,False,False,False,False,False,False,False,False,False,False,False,False,False,False,False,False,False,False,False,False,False,False,False,False,False,False,False,False,False,False,False,False,False,False,False,False,False,False,False,False,False,False,False,False,False,False,False,False,False,False,False,False,False,False,False,False,False,True,False,False,False,False,False,False,False,False,False,False,False,False,False,False,False,False,False,False,False,False,False,False,False,False,False,False,False,False,False,False,False,False,False,False,False,False,False,False,False,False,False,False,False,False,False,False,False,False,False,False,False,False,False,False,False,False,False,False,False,False,False,False,False,False,False,False,False,False,False,False,False,False,False,False,False,False,False,False,False,False,False,False,False,False,False,False,False,False,False,False,False,False,False,False,False,False,False,False,False,False,False,False,False,False,False,False,False,False,False,False,False,False,False,False,False,False,False,False,False,False,False,False,False,False,False,False,False,False,False,False,False,False,False,False,False,False,False,False,False,False,False,False,False,False,False,False,False,False,False,False,False,False,False,False,False,False,False,False,False,False,False,False,False,False,False,False,False,False,False,False,False,False,False,False,False,False,False,False,False,False,False,False,False,False,False,False,False,False,False,False,False,False,False,False,False,False,False,False,False,False,False,False,False,False,False,False,False,False,False,False,False,False,False,False,False,False,False,False,False,False,False
2019,27.34583,26.89196,26.60829,25.90857,25.90857,25.01973,25.01973,24.39566,23.58247,23.58247,23.58247,23.58247,22.95839,22.90166,22.90166,22.90166,22.90166,22.90166,22.90166,22.90166,22.90166,22.90166,23.18533,23.58247,23.71485,24.26328,24.49021,24.69824,25.39796,25.73836,25.87074,26.28679,26.77849,27.40256,27.64841,27.85644,28.25357,28.97221,29.59628,29.6341,29.84213,30.05015,30.10689,30.4662,30.25818,30.27709,30.296,30.23927,30.33382,30.59858,30.69314,30.27709,30.84443,30.92008,30.69314,30.35274,30.33382,30.40947,30.4662,30.93899,30.92008,31.33613,31.69544,31.71435,31.82782,31.97911,32.56536,32.52754,33.09488,34.19174,34.26739,34.24848,34.24848,34.24848,34.24848,33.96481,33.51093,33.51093,33.51093,33.03815,32.84904,32.64101,32.31952,32.22496,31.92238,31.48742,30.92008,30.63641,29.74757,29.01003,28.31031,27.47821,27.2891,26.68393,26.58937,25.70054,False,False,False,False,False,False,False,False,False,False,False,False,False,False,False,False,False,False,False,False,False,False,False,False,False,False,False,False,False,False,False,False,False,False,False,False,False,False,False,False,False,False,False,False,False,False,False,False,False,False,False,False,False,False,False,False,False,False,False,False,False,False,False,False,False,False,False,False,False,False,False,False,False,False,False,False,False,False,False,False,False,False,False,False,False,False,False,False,False,False,False,False,False,False,False,False,False,False,False,False,False,False,False,False,False,False,False,False,False,False,False,False,False,False,False,False,False,False,False,False,False,False,False,False,False,False,False,False,False,False,False,False,False,False,False,False,False,False,False,False,False,False,False,False,False,False,False,False,False,False,True,False,False,False,False,False,False,False,False,False,False,False,False,False,False,False,False,False,False,False,False,False,False,False,False,False,False,False,False,False,False,False,False,False,False,False,False,False,False,False,False,False,False,False,False,False,False,False,False,False,False,False,False,False,False,False,False,False,False,False,False,False,False,False,False,False,False,False,False,False,False,False,False,False,False,False,False,False,False,False,False,False,False,False,False,False,False,False,False,False,False,False,False,False,False,False,False,False,False,False,False,False,False,False,False,False,False,False,False,False,False,False,False,False,False,False,False,False,False,False,False,False,False,False,False,False,False,False,False,False,False,False,False,False,False,False,False,False,False,False,False,False,False,False,False,False,False,False,False,False,False,False,False,False,False,False,False,False,False,False,False,False,False,False,False,False,False,False,False,False,False,False,False,False,False,False,False,False,False,False,False,False,False,False,False,False,False,False,False,False,False,False,False,False,False,False,False,False,False,False,False,False,False,False,False,False,False,False,False,False
2019,25.18993,25.15211,24.32001,24.32001,24.32001,23.99852,23.6392,23.6392,23.33662,22.92057,22.92057,22.92057,22.92057,22.92057,22.71255,22.31541,22.6369,22.92057,22.92057,22.92057,23.45009,23.82832,24.41457,24.98191,26.40026,27.55385,29.18023,30.48512,32.43299,33.41638,34.05936,34.55106,34.72126,34.75908,34.87255,34.92929,34.47541,34.49432,34.32412,34.55106,34.51324,34.85364,34.9482,34.75908,34.83473,35.19404,34.58888,35.00493,35.79921,35.83703,35.15622,34.72126,34.92929,34.96711,34.83473,34.83473,35.02384,35.15622,34.98602,34.64561,34.58888,34.41868,34.49432,34.24848,34.41868,34.92929,34.77799,35.13731,35.17513,35.64792,35.85594,35.91268,35.2886,35.2886,35.32642,35.34534,34.79691,34.60779,33.94589,33.73787,33.64331,33.07597,32.90577,32.90577,32.22496,31.65762,31.22266,30.65532,29.91777,28.97221,28.25357,27.51603,27.09998,26.75958,26.21115,25.56816,False,False,False,False,False,False,False,False,False,False,False,False,False,False,False,False,False,False,False,False,False,False,False,False,False,False,False,False,False,False,False,False,False,False,False,False,False,False,False,False,False,False,False,False,False,False,False,False,False,False,False,False,False,False,False,False,False,False,False,False,False,False,False,False,False,False,False,False,False,False,False,False,False,False,False,False,False,False,False,False,False,False,False,False,False,False,False,False,False,False,False,False,False,False,False,False,False,False,False,False,False,False,False,False,False,False,False,False,False,False,False,False,False,False,False,False,False,False,False,False,False,False,False,False,False,False,False,False,False,False,False,False,False,False,False,False,False,False,False,False,False,False,False,False,False,False,False,False,False,False,False,False,False,False,False,False,False,False,False,False,False,False,True,False,False,False,False,False,False,False,False,False,False,False,False,False,False,False,False,False,False,False,False,False,False,False,False,False,False,False,False,False,False,False,False,False,False,False,False,False,False,False,False,False,False,False,False,False,False,False,False,False,False,False,False,False,False,False,False,False,False,False,False,False,False,False,False,False,False,False,False,False,False,False,False,False,False,False,False,False,False,False,False,False,False,False,False,False,False,False,False,False,False,False,False,False,False,False,False,False,False,False,False,False,False,False,False,False,False,False,False,False,False,False,False,False,False,False,False,False,False,False,False,False,False,False,False,False,False,False,False,False,False,False,False,False,False,False,False,False,False,False,False,False,False,False,False,False,False,False,False,False,False,False,False,False,False,False,False,False,False,False,False,False,False,False,False,False,False,False,False,False,False,False,False,False,False,False,False,False,False,False,False,False,False,False,False,False,False,False,False,False,False,False,False,False,False,False,False,False
2019,25.24667,25.20885,24.45239,24.45239,23.9607,23.82832,23.469,23.1286,23.1286,23.1286,23.1286,22.78819,22.84493,22.4667,22.35323,22.90166,22.54234,22.40996,22.75037,23.07186,23.31771,23.69594,23.90396,24.69824,26.21115,27.53494,28.82092,30.14471,32.07367,33.13271,33.70005,34.55106,34.96711,34.87255,34.58888,34.24848,34.39977,34.53215,34.41868,34.6267,34.92929,34.47541,34.47541,34.55106,35.26969,34.98602,34.98602,34.9482,35.04275,35.72356,35.34534,35.2886,35.2886,34.83473,35.1184,35.2886,35.38316,35.43989,35.49663,34.92929,34.75908,34.66453,34.85364,35.42098,34.83473,34.51324,34.68344,35.08058,35.57227,36.32873,36.74478,36.76369,36.53675,36.2909,36.00723,35.96941,35.43989,34.9482,34.87255,34.87255,34.47541,34.24848,33.56767,33.34073,32.71666,32.37625,31.88456,31.44959,30.59858,29.67193,29.10459,28.36704,27.68623,26.98651,26.43808,25.70054,False,False,False,False,False,False,False,False,False,False,False,False,False,False,False,False,False,False,False,False,False,False,False,False,False,False,False,False,False,False,False,False,False,False,False,False,False,False,False,False,False,False,False,False,False,False,False,False,False,False,False,False,False,False,False,False,False,False,False,False,False,False,False,False,False,False,False,False,False,False,False,False,False,False,False,False,False,False,False,False,False,False,False,False,False,False,False,False,False,False,False,False,False,False,False,False,False,False,False,False,False,False,False,False,False,False,False,False,False,False,False,False,False,False,False,False,False,False,False,False,False,False,False,False,False,False,False,False,False,False,False,False,False,False,False,False,False,False,False,False,False,False,False,False,False,False,False,False,False,False,False,False,False,False,False,False,False,False,False,False,False,False,False,False,False,False,False,False,False,False,False,False,False,False,True,False,False,False,False,False,False,False,False,False,False,False,False,False,False,False,False,False,False,False,False,False,False,False,False,False,False,False,False,False,False,False,False,False,False,False,False,False,False,False,False,False,False,False,False,False,False,False,False,False,False,False,False,False,False,False,False,False,False,False,False,False,False,False,False,False,False,False,False,False,False,False,False,False,False,False,False,False,False,False,False,False,False,False,False,False,False,False,False,False,False,False,False,False,False,False,False,False,False,False,False,False,False,False,False,False,False,False,False,False,False,False,False,False,False,False,False,False,False,False,False,False,False,False,False,False,False,False,False,False,False,False,False,False,False,False,False,False,False,False,False,False,False,False,False,False,False,False,False,False,False,False,False,False,False,False,False,False,False,False,False,False,False,False,False,False,False,False,False,False,False,False,False,False,False,False,False,False,False,False,False,False,False,False,False,False
2019,25.36014,25.3034,24.56586,24.03634,23.82832,23.82832,23.82832,23.6392,23.1286,23.1286,23.1286,23.1286,23.1286,22.71255,22.50452,22.50452,22.54234,22.56125,22.56125,22.8071,23.26097,23.26097,24.01743,24.6415,26.15441,27.36474,28.70745,29.57737,31.67653,32.58428,33.30291,33.96481,34.39977,34.64561,34.4565,34.43759,34.43759,34.43759,34.38086,34.60779,34.60779,34.98602,34.85364,34.87255,34.81582,34.87255,34.64561,34.38086,34.83473,35.04275,34.89146,34.87255,34.9482,34.77799,35.02384,35.26969,35.36425,35.13731,35.21296,35.08058,34.83473,34.92929,34.96711,35.00493,35.30751,35.2886,35.23187,35.74247,36.13961,36.66913,36.85824,36.74478,36.17744,35.9505,36.06397,35.91268,35.70465,35.17513,35.23187,34.98602,34.72126,34.00263,33.64331,33.56767,32.9625,32.94359,32.28169,31.77109,30.84443,30.10689,29.36934,28.53724,27.66732,27.1378,26.47591,25.92748,False,False,False,False,False,False,False,False,False,False,False,False,False,False,False,False,False,False,False,False,False,False,False,False,False,False,False,False,False,False,False,False,False,False,False,False,False,False,False,False,False,False,False,False,False,False,False,False,False,False,False,False,False,False,False,False,False,False,False,False,False,False,False,False,False,False,False,False,False,False,False,False,False,False,False,False,False,False,False,False,False,False,False,False,False,False,False,False,False,False,False,False,False,False,False,False,False,False,False,False,False,False,False,False,False,False,False,False,False,False,False,False,False,False,False,False,False,False,False,False,False,False,False,False,False,False,False,False,False,False,False,False,False,False,False,False,False,False,False,False,False,False,False,False,False,False,False,False,False,False,False,False,False,False,False,False,False,False,False,False,False,False,False,False,False,False,False,False,False,False,False,False,False,False,False,False,False,False,False,False,False,False,False,False,False,False,True,False,False,False,False,False,False,False,False,False,False,False,False,False,False,False,False,False,False,False,False,False,False,False,False,False,False,False,False,False,False,False,False,False,False,False,False,False,False,False,False,False,False,False,False,False,False,False,False,False,False,False,False,False,False,False,False,False,False,False,False,False,False,False,False,False,False,False,False,False,False,False,False,False,False,False,False,False,False,False,False,False,False,False,False,False,False,False,False,False,False,False,False,False,False,False,False,False,False,False,False,False,False,False,False,False,False,False,False,False,False,False,False,False,False,False,False,False,False,False,False,False,False,False,False,False,False,False,False,False,False,False,False,False,False,False,False,False,False,False,False,False,False,False,False,False,False,False,False,False,False,False,False,False,False,False,False,False,False,False,False,False,False,False,False,False,False,False,False,False,False,False,False,False
2019,25.92748,25.32231,25.1332,25.1332,24.73606,24.32001,23.9607,23.58247,23.58247,23.58247,23.58247,23.14751,22.78819,22.78819,23.09077,22.88275,22.8071,22.8071,23.16642,23.469,23.469,24.11199,24.37675,25.03864,26.36244,27.81861,29.08567,30.08798,32.60319,33.56767,34.30521,34.77799,35.38316,35.51554,34.92929,34.9482,34.89146,34.74017,34.83473,34.6267,34.91037,34.85364,35.40207,35.19404,35.2886,35.2886,35.04275,34.92929,35.26969,35.25078,35.19404,35.53445,35.61009,35.4588,35.40207,35.32642,35.15622,35.49663,35.00493,34.87255,34.74017,34.83473,34.81582,34.91037,34.91037,35.00493,34.98602,35.09949,35.49663,36.17744,36.51784,36.7826,36.48002,35.93159,35.91268,35.91268,35.81812,35.53445,34.9482,34.9482,34.2863,34.13501,33.4542,33.51093,33.24617,33.00033,32.50863,31.94129,31.37395,30.4662,29.72866,29.27479,28.74527,28.23466,27.34583,26.51373,False,False,False,False,False,False,False,False,False,False,False,False,False,False,False,False,False,False,False,False,False,False,False,False,False,False,False,False,False,False,False,False,False,False,False,False,False,False,False,False,False,False,False,False,False,False,False,False,False,False,False,False,False,False,False,False,False,False,False,False,False,False,False,False,False,False,False,False,False,False,False,False,False,False,False,False,False,False,False,False,False,False,False,False,False,False,False,False,False,False,False,False,False,False,False,False,False,False,False,False,False,False,False,False,False,False,False,False,False,False,False,False,False,False,False,False,False,False,False,False,False,False,False,False,False,False,False,False,False,False,False,False,False,False,False,False,False,False,False,False,False,False,False,False,False,False,False,False,False,False,False,False,False,False,False,False,False,False,False,False,False,False,False,False,False,False,False,False,False,False,False,False,False,False,False,False,False,False,False,False,False,False,False,False,False,False,False,False,False,False,False,False,False,False,False,False,False,False,True,False,False,False,False,False,False,False,False,False,False,False,False,False,False,False,False,False,False,False,False,False,False,False,False,False,False,False,False,False,False,False,False,False,False,False,False,False,False,False,False,False,False,False,False,False,False,False,False,False,False,False,False,False,False,False,False,False,False,False,False,False,False,False,False,False,False,False,False,False,False,False,False,False,False,False,False,False,False,False,False,False,False,False,False,False,False,False,False,False,False,False,False,False,False,False,False,False,False,False,False,False,False,False,False,False,False,False,False,False,False,False,False,False,False,False,False,False,False,False,False,False,False,False,False,False,False,False,False,False,False,False,False,False,False,False,False,False,False,False,False,False,False,False,False,False,False,False,False,False,False,False,False,False,False,False,False,False,False,False,False,False
2019,26.47591,26.23006,25.3034,24.77388,24.77388,24.3011,23.86614,23.41227,23.24206,23.24206,23.24206,22.82601,22.58017,22.58017,22.58017,22.58017,22.71255,22.93948,23.31771,23.31771,23.84723,24.09307,24.58477,24.90626,26.55155,27.59168,29.21805,30.16362,32.33843,33.4542,34.19174,34.79691,35.23187,35.32642,35.43989,34.96711,35.09949,35.15622,34.98602,35.09949,35.02384,35.23187,35.57227,35.21296,35.25078,35.04275,35.02384,34.96711,35.04275,35.02384,34.92929,35.25078,35.89376,35.62901,35.36425,35.49663,35.66683,35.38316,34.85364,34.89146,35.13731,34.92929,34.92929,34.9482,34.9482,35.51554,35.36425,35.43989,35.43989,35.96941,36.21526,36.38546,35.66683,35.49663,35.34534,35.23187,34.96711,34.41868,34.34303,34.38086,34.22956,33.83243,33.68114,33.07597,32.69774,32.7923,32.05476,31.73327,31.18484,30.69314,30.10689,29.59628,29.02894,28.48051,28.2914,27.59168,False,False,False,False,False,False,False,False,False,False,False,False,False,False,False,False,False,False,False,False,False,False,False,False,False,False,False,False,False,False,False,False,False,False,False,False,False,False,False,False,False,False,False,False,False,False,False,False,False,False,False,False,False,False,False,False,False,False,False,False,False,False,False,False,False,False,False,False,False,False,False,False,False,False,False,False,False,False,False,False,False,False,False,False,False,False,False,False,False,False,False,False,False,False,False,False,False,False,False,False,False,False,False,False,False,False,False,False,False,False,False,False,False,False,False,False,False,False,False,False,False,False,False,False,False,False,False,False,False,False,False,False,False,False,False,False,False,False,False,False,False,False,False,False,False,False,False,False,False,False,False,False,False,False,False,False,False,False,False,False,False,False,False,False,False,False,False,False,False,False,False,False,False,False,False,False,False,False,False,False,False,False,False,False,False,False,False,False,False,False,False,False,False,False,False,False,False,False,False,False,False,False,False,False,False,False,False,False,False,False,True,False,False,False,False,False,False,False,False,False,False,False,False,False,False,False,False,False,False,False,False,False,False,False,False,False,False,False,False,False,False,False,False,False,False,False,False,False,False,False,False,False,False,False,False,False,False,False,False,False,False,False,False,False,False,False,False,False,False,False,False,False,False,False,False,False,False,False,False,False,False,False,False,False,False,False,False,False,False,False,False,False,False,False,False,False,False,False,False,False,False,False,False,False,False,False,False,False,False,False,False,False,False,False,False,False,False,False,False,False,False,False,False,False,False,False,False,False,False,False,False,False,False,False,False,False,False,False,False,False,False,False,False,False,False,False,False,False,False,False,False,False,False,False,False,False,False,False,False,False
2019,27.21345,26.92978,26.21115,26.09768,25.54925,25.22776,25.1332,24.49021,24.22545,23.82832,23.82832,23.82832,23.20424,23.14751,23.14751,23.14751,23.1286,23.1286,23.1286,23.22315,23.35553,23.65811,23.65811,24.1309,24.81171,24.88735,25.60598,25.64381,26.47591,27.47821,27.68623,28.21575,28.70745,28.55616,29.06676,29.16132,29.70975,29.87995,29.87995,30.14471,30.23927,30.33382,30.52294,30.57967,30.63641,31.22266,31.26048,31.33613,31.26048,31.05246,30.88225,31.07137,31.26048,31.18484,30.7877,30.76879,30.50403,30.67423,30.63641,30.84443,31.27939,31.35504,31.58197,31.77109,31.73327,31.97911,32.05476,32.92468,33.18944,34.13501,34.30521,34.96711,34.72126,35.08058,34.87255,34.41868,34.2863,33.77569,33.51093,33.51093,33.15162,33.13271,33.05706,32.9625,32.39516,32.07367,31.75218,31.75218,31.39286,31.1281,30.61749,30.42838,29.69084,29.14241,28.44269,28.12119,False,False,False,False,False,False,False,False,False,False,False,False,False,False,False,False,False,False,False,False,False,False,False,False,False,False,False,False,False,False,False,False,False,False,False,False,False,False,False,False,False,False,False,False,False,False,False,False,False,False,False,False,False,False,False,False,False,False,False,False,False,False,False,False,False,False,False,False,False,False,False,False,False,False,False,False,False,False,False,False,False,False,False,False,False,False,False,False,False,False,False,False,False,False,False,False,False,False,False,False,False,False,False,False,False,False,False,False,False,False,False,False,False,False,False,False,False,False,False,False,False,False,False,False,False,False,False,False,False,False,False,False,False,False,False,False,False,False,False,False,False,False,False,False,False,False,False,False,False,False,False,False,False,False,False,False,False,False,False,False,False,False,False,False,False,False,False,False,False,False,False,False,False,False,False,False,False,False,False,False,False,False,False,False,False,False,False,False,False,False,False,False,False,False,False,False,False,False,False,False,False,False,False,False,False,False,False,False,False,False,False,False,False,False,False,False,False,False,False,False,False,False,True,False,False,False,False,False,False,False,False,False,False,False,False,False,False,False,False,False,False,False,False,False,False,False,False,False,False,False,False,False,False,False,False,False,False,False,False,False,False,False,False,False,False,False,False,False,False,False,False,False,False,False,False,False,False,False,False,False,False,False,False,False,False,False,False,False,False,False,False,False,False,False,False,False,False,False,False,False,False,False,False,False,False,False,False,False,False,False,False,False,False,False,False,False,False,False,False,False,False,False,False,False,False,False,False,False,False,False,False,False,False,False,False,False,False,False,False,False,False,False,False,False,False,False,False,False,False,False,False,False,False,False,False,False,False,False,False,False
2019,27.6295,27.06216,26.41917,26.26788,25.92748,25.53034,24.98191,24.88735,24.77388,24.26328,23.92287,23.60138,23.60138,23.60138,23.05295,22.92057,22.92057,22.92057,22.92057,22.92057,22.92057,23.45009,23.60138,23.60138,23.99852,24.32001,24.92517,25.45469,26.26788,26.68393,26.72175,27.36474,27.44039,27.6295,28.31031,28.55616,28.65071,28.85874,28.89656,29.57737,29.82322,29.84213,30.296,30.296,30.33382,30.27709,30.1258,30.296,30.57967,30.57967,30.4662,30.59858,30.48512,30.31491,30.57967,30.35274,30.42838,30.23927,30.22036,30.20144,30.296,30.22036,30.63641,30.82552,31.01463,31.07137,31.24157,31.56306,32.35734,33.30291,33.60549,33.88916,33.90807,34.53215,34.19174,34.07827,33.90807,33.54876,33.52984,33.284,33.22726,32.9625,32.7923,32.07367,31.92238,31.65762,31.26048,30.80661,30.16362,29.53955,28.82092,28.27249,27.74297,27.11889,26.89196,26.04095,False,False,False,False,False,False,False,False,False,False,False,False,False,False,False,False,False,False,False,False,False,False,False,False,False,False,False,False,False,False,False,False,False,False,False,False,False,False,False,False,False,False,False,False,False,False,False,False,False,False,False,False,False,False,False,False,False,False,False,False,False,False,False,False,False,False,False,False,False,False,False,False,False,False,False,False,False,False,False,False,False,False,False,False,False,False,False,False,False,False,False,False,False,False,False,False,False,False,False,False,False,False,False,False,False,False,False,False,False,False,False,False,False,False,False,False,False,False,False,False,False,False,False,False,False,False,False,False,False,False,False,False,False,False,False,False,False,False,False,False,False,False,False,False,False,False,False,False,False,False,False,False,False,False,False,False,False,False,False,False,False,False,False,False,False,False,False,False,False,False,False,False,False,False,False,False,False,False,False,False,False,False,False,False,False,False,False,False,False,False,False,False,False,False,False,False,False,False,False,False,False,False,False,False,False,False,False,False,False,False,False,False,False,False,False,False,False,False,False,False,False,False,False,False,False,False,False,False,False,False,False,False,False,False,True,False,False,False,False,False,False,False,False,False,False,False,False,False,False,False,False,False,False,False,False,False,False,False,False,False,False,False,False,False,False,False,False,False,False,False,False,False,False,False,False,False,False,False,False,False,False,False,False,False,False,False,False,False,False,False,False,False,False,False,False,False,False,False,False,False,False,False,False,False,False,False,False,False,False,False,False,False,False,False,False,False,False,False,False,False,False,False,False,False,False,False,False,False,False,False,False,False,False,False,False,False,False,False,False,False,False,False,False,False,False,False,False,False,False,False,False,False,False,False,False,False,False,False,False,False
2019,25.58707,25.51143,24.73606,24.66042,24.11199,24.11199,24.11199,24.11199,24.11199,23.37444,23.31771,23.31771,23.31771,23.31771,23.31771,23.31771,22.82601,22.69363,22.69363,23.2988,23.56356,23.77158,24.28219,25.18993,26.41917,27.93208,29.04785,30.35274,32.28169,33.49202,34.02154,34.6267,34.96711,34.89146,34.9482,35.1184,35.06166,34.89146,34.96711,34.89146,34.74017,34.64561,34.92929,35.26969,35.4588,35.09949,35.1184,35.43989,35.43989,35.49663,35.34534,35.04275,35.09949,35.25078,35.17513,35.26969,35.66683,35.66683,35.43989,35.00493,34.68344,34.70235,34.72126,35.17513,34.98602,34.60779,34.77799,35.06166,35.04275,35.62901,35.70465,36.15852,35.85594,35.74247,36.34764,35.66683,35.40207,34.75908,34.41868,33.92698,33.47311,33.26509,32.92468,32.77339,32.18714,31.88456,31.2983,30.99572,30.18253,29.16132,28.65071,27.91317,27.11889,26.57046,26.36244,25.75727,False,False,False,False,False,False,False,False,False,False,False,False,False,False,False,False,False,False,False,False,False,False,False,False,False,False,False,False,False,False,False,False,False,False,False,False,False,False,False,False,False,False,False,False,False,False,False,False,False,False,False,False,False,False,False,False,False,False,False,False,False,False,False,False,False,False,False,False,False,False,False,False,False,False,False,False,False,False,False,False,False,False,False,False,False,False,False,False,False,False,False,False,False,False,False,False,False,False,False,False,False,False,False,False,False,False,False,False,False,False,False,False,False,False,False,False,False,False,False,False,False,False,False,False,False,False,False,False,False,False,False,False,False,False,False,False,False,False,False,False,False,False,False,False,False,False,False,False,False,False,False,False,False,False,False,False,False,False,False,False,False,False,False,False,False,False,False,False,False,False,False,False,False,False,False,False,False,False,False,False,False,False,False,False,False,False,False,False,False,False,False,False,False,False,False,False,False,False,False,False,False,False,False,False,False,False,False,False,False,False,False,False,False,False,False,False,False,False,False,False,False,False,False,False,False,False,False,False,False,False,False,False,False,False,False,False,False,False,False,False,False,False,False,False,False,False,True,False,False,False,False,False,False,False,False,False,False,False,False,False,False,False,False,False,False,False,False,False,False,False,False,False,False,False,False,False,False,False,False,False,False,False,False,False,False,False,False,False,False,False,False,False,False,False,False,False,False,False,False,False,False,False,False,False,False,False,False,False,False,False,False,False,False,False,False,False,False,False,False,False,False,False,False,False,False,False,False,False,False,False,False,False,False,False,False,False,False,False,False,False,False,False,False,False,False,False,False,False,False,False,False,False,False,False,False,False,False,False,False,False
2019,25.41687,25.05755,25.01973,24.58477,24.01743,23.92287,23.77158,23.24206,23.09077,23.09077,23.09077,23.09077,23.09077,22.69363,22.40996,22.40996,22.54234,22.95839,23.09077,23.09077,23.50682,23.92287,24.24437,25.00082,26.53264,27.66732,29.25588,30.03124,32.09258,33.09488,33.64331,34.56997,35.08058,35.13731,34.70235,34.79691,34.85364,34.66453,34.32412,33.77569,31.97911,31.99802,31.80891,31.86564,31.82782,32.39516,32.20605,35.42098,34.72126,34.56997,34.81582,34.89146,34.34303,34.13501,35.04275,34.9482,34.85364,34.83473,34.89146,34.85364,34.6267,34.81582,34.74017,34.70235,34.70235,34.22956,34.22956,34.09719,34.19174,34.68344,35.23187,35.21296,34.68344,34.21065,34.24848,34.72126,34.05936,33.7946,33.22726,33.13271,33.13271,32.6221,32.43299,32.14931,31.52524,31.37395,30.82552,30.18253,28.97221,28.14011,27.49712,26.40026,26.02203,25.58707,25.07647,24.71715,False,False,False,False,False,False,False,False,False,False,False,False,False,False,False,False,False,False,False,False,False,False,False,False,False,False,False,False,False,False,False,False,False,False,False,False,False,False,False,False,False,False,False,False,False,False,False,False,False,False,False,False,False,False,False,False,False,False,False,False,False,False,False,False,False,False,False,False,False,False,False,False,False,False,False,False,False,False,False,False,False,False,False,False,False,False,False,False,False,False,False,False,False,False,False,False,False,False,False,False,False,False,False,False,False,False,False,False,False,False,False,False,False,False,False,False,False,False,False,False,False,False,False,False,False,False,False,False,False,False,False,False,False,False,False,False,False,False,False,False,False,False,False,False,False,False,False,False,False,False,False,False,False,False,False,False,False,False,False,False,False,False,False,False,False,False,False,False,False,False,False,False,False,False,False,False,False,False,False,False,False,False,False,False,False,False,False,False,False,False,False,False,False,False,False,False,False,False,False,False,False,False,False,False,False,False,False,False,False,False,False,False,False,False,False,False,False,False,False,False,False,False,False,False,False,False,False,False,False,False,False,False,False,False,False,False,False,False,False,False,False,False,False,False,False,False,False,False,False,False,False,False,False,False,False,False,False,False,True,False,False,False,False,False,False,False,False,False,False,False,False,False,False,False,False,False,False,False,False,False,False,False,False,False,False,False,False,False,False,False,False,False,False,False,False,False,False,False,False,False,False,False,False,False,False,False,False,False,False,False,False,False,False,False,False,False,False,False,False,False,False,False,False,False,False,False,False,False,False,False,False,False,False,False,False,False,False,False,False,False,False,False,False,False,False,False,False,False,False,False,False,False,False,False,False,False,False,False,False,False
2019,24.50912,23.88505,23.26097,23.09077,23.09077,23.09077,22.78819,22.2965,22.2965,22.2965,21.93718,21.65351,21.65351,21.65351,21.65351,21.65351,21.44548,21.44548,21.44548,21.44548,21.52113,22.2965,22.65581,23.52573,25.01973,26.3057,27.21345,28.15902,29.93669,30.9579,31.48742,31.80891,32.39516,32.28169,32.16823,32.31952,32.50863,32.54645,32.50863,32.9625,32.98141,33.34073,33.30291,33.83243,33.88916,34.77799,34.36194,34.15392,34.72126,34.41868,34.36194,34.47541,34.15392,34.36194,34.43759,34.39977,34.68344,34.43759,34.32412,34.19174,34.17283,33.94589,34.17283,33.75678,33.68114,33.41638,33.75678,34.4565,34.77799,34.70235,34.66453,34.56997,34.17283,33.88916,34.05936,34.22956,34.04045,33.47311,33.34073,33.34073,32.92468,32.54645,32.54645,31.80891,31.35504,31.07137,30.71205,30.80661,29.76648,28.91547,27.87535,27.40256,26.41917,25.9653,25.37905,24.98191,False,False,False,False,False,False,False,False,False,False,False,False,False,False,False,False,False,False,False,False,False,False,False,False,False,False,False,False,False,False,False,False,False,False,False,False,False,False,False,False,False,False,False,False,False,False,False,False,False,False,False,False,False,False,False,False,False,False,False,False,False,False,False,False,False,False,False,False,False,False,False,False,False,False,False,False,False,False,False,False,False,False,False,False,False,False,False,False,False,False,False,False,False,False,False,False,False,False,False,False,False,False,False,False,False,False,False,False,False,False,False,False,False,False,False,False,False,False,False,False,False,False,False,False,False,False,False,False,False,False,False,False,False,False,False,False,False,False,False,False,False,False,False,False,False,False,False,False,False,False,False,False,False,False,False,False,False,False,False,False,False,False,False,False,False,False,False,False,False,False,False,False,False,False,False,False,False,False,False,False,False,False,False,False,False,False,False,False,False,False,False,False,False,False,False,False,False,False,False,False,False,False,False,False,False,False,False,False,False,False,False,False,False,False,False,False,False,False,False,False,False,False,False,False,False,False,False,False,False,False,False,False,False,False,False,False,False,False,False,False,False,False,False,False,False,False,False,False,False,False,False,False,False,False,False,False,False,False,False,False,False,False,False,False,False,False,False,False,False,False,True,False,False,False,False,False,False,False,False,False,False,False,False,False,False,False,False,False,False,False,False,False,False,False,False,False,False,False,False,False,False,False,False,False,False,False,False,False,False,False,False,False,False,False,False,False,False,False,False,False,False,False,False,False,False,False,False,False,False,False,False,False,False,False,False,False,False,False,False,False,False,False,False,False,False,False,False,False,False,False,False,False,False,False,False,False,False,False,False,False
2019,24.54695,24.54695,24.01743,23.65811,23.20424,22.99622,22.52343,22.31541,22.44779,22.1452,21.76698,21.76698,21.76698,21.76698,21.76698,21.59678,21.59678,21.76698,21.76698,21.76698,22.05065,22.44779,22.92057,23.43118,24.98191,25.9653,27.4593,28.2914,30.1258,31.05246,31.79,32.16823,33.09488,33.05706,32.65992,32.98141,32.9625,32.81121,32.67883,33.22726,33.284,33.05706,33.07597,33.01924,33.6244,34.21065,34.53215,34.43759,34.34303,34.47541,34.41868,34.26739,33.87025,33.87025,33.94589,34.15392,34.17283,33.81351,34.21065,33.94589,33.73787,33.68114,33.41638,33.37855,33.32182,33.35964,33.52984,34.09719,34.79691,34.9482,34.79691,34.66453,34.17283,34.19174,34.22956,33.75678,33.56767,33.68114,33.41638,32.98141,32.69774,32.65992,32.1304,31.9602,31.50633,31.14701,30.69314,30.69314,30.08798,29.36934,28.59398,27.32692,26.64611,26.3057,25.77619,25.4736,False,False,False,False,False,False,False,False,False,False,False,False,False,False,False,False,False,False,False,False,False,False,False,False,False,False,False,False,False,False,False,False,False,False,False,False,False,False,False,False,False,False,False,False,False,False,False,False,False,False,False,False,False,False,False,False,False,False,False,False,False,False,False,False,False,False,False,False,False,False,False,False,False,False,False,False,False,False,False,False,False,False,False,False,False,False,False,False,False,False,False,False,False,False,False,False,False,False,False,False,False,False,False,False,False,False,False,False,False,False,False,False,False,False,False,False,False,False,False,False,False,False,False,False,False,False,False,False,False,False,False,False,False,False,False,False,False,False,False,False,False,False,False,False,False,False,False,False,False,False,False,False,False,False,False,False,False,False,False,False,False,False,False,False,False,False,False,False,False,False,False,False,False,False,False,False,False,False,False,False,False,False,False,False,False,False,False,False,False,False,False,False,False,False,False,False,False,False,False,False,False,False,False,False,False,False,False,False,False,False,False,False,False,False,False,False,False,False,False,False,False,False,False,False,False,False,False,False,False,False,False,False,False,False,False,False,False,False,False,False,False,False,False,False,False,False,False,False,False,False,False,False,False,False,False,False,False,False,False,False,False,False,False,False,False,False,False,False,False,False,False,False,False,False,False,False,False,False,False,False,False,False,True,False,False,False,False,False,False,False,False,False,False,False,False,False,False,False,False,False,False,False,False,False,False,False,False,False,False,False,False,False,False,False,False,False,False,False,False,False,False,False,False,False,False,False,False,False,False,False,False,False,False,False,False,False,False,False,False,False,False,False,False,False,False,False,False,False,False,False,False,False,False,False,False,False,False,False,False,False
2019,24.67933,24.67933,24.67933,23.88505,23.50682,23.18533,22.65581,22.78819,22.33432,22.18303,22.18303,22.18303,22.18303,22.18303,22.18303,22.18303,22.18303,22.18303,22.18303,22.18303,22.18303,22.4667,23.07186,23.62029,24.88735,25.98421,27.02434,28.04555,29.91777,30.9579,31.52524,31.84673,32.58428,32.65992,32.50863,32.73557,33.30291,33.30291,33.26509,33.284,33.37855,33.6244,33.83243,33.85134,34.00263,34.9482,35.68574,35.89376,35.74247,35.26969,35.34534,35.38316,35.53445,35.51554,36.10179,35.7803,35.70465,35.4588,35.02384,34.91037,35.13731,34.98602,35.32642,35.00493,35.26969,35.26969,35.43989,35.72356,35.89376,36.17744,36.2909,36.59349,35.74247,35.55336,35.47771,35.30751,34.89146,34.6267,34.6267,34.60779,34.4565,33.87025,33.68114,33.00033,32.56536,32.18714,31.97911,31.82782,31.16592,30.88225,30.22036,29.48281,28.802,28.57507,28.06446,27.81861,False,False,False,False,False,False,False,False,False,False,False,False,False,False,False,False,False,False,False,False,False,False,False,False,False,False,False,False,False,False,False,False,False,False,False,False,False,False,False,False,False,False,False,False,False,False,False,False,False,False,False,False,False,False,False,False,False,False,False,False,False,False,False,False,False,False,False,False,False,False,False,False,False,False,False,False,False,False,False,False,False,False,False,False,False,False,False,False,False,False,False,False,False,False,False,False,False,False,False,False,False,False,False,False,False,False,False,False,False,False,False,False,False,False,False,False,False,False,False,False,False,False,False,False,False,False,False,False,False,False,False,False,False,False,False,False,False,False,False,False,False,False,False,False,False,False,False,False,False,False,False,False,False,False,False,False,False,False,False,False,False,False,False,False,False,False,False,False,False,False,False,False,False,False,False,False,False,False,False,False,False,False,False,False,False,False,False,False,False,False,False,False,False,False,False,False,False,False,False,False,False,False,False,False,False,False,False,False,False,False,False,False,False,False,False,False,False,False,False,False,False,False,False,False,False,False,False,False,False,False,False,False,False,False,False,False,False,False,False,False,False,False,False,False,False,False,False,False,False,False,False,False,False,False,False,False,False,False,False,False,False,False,False,False,False,False,False,False,False,False,False,False,False,False,False,False,False,False,False,False,False,False,False,False,False,False,False,False,False,False,False,False,False,False,True,False,False,False,False,False,False,False,False,False,False,False,False,False,False,False,False,False,False,False,False,False,False,False,False,False,False,False,False,False,False,False,False,False,False,False,False,False,False,False,False,False,False,False,False,False,False,False,False,False,False,False,False,False,False,False,False,False,False,False,False,False,False,False,False,False
2019,27.09998,26.75958,26.26788,26.26788,25.64381,25.07647,24.90626,24.90626,24.54695,24.09307,23.52573,23.2988,23.2988,23.2988,23.33662,23.26097,23.24206,23.24206,23.24206,23.2988,23.37444,23.26097,23.62029,24.14981,24.7928,24.7928,25.36014,25.71945,26.75958,27.6295,27.61059,27.85644,28.32922,28.82092,29.1235,29.53955,29.57737,30.03124,29.67193,29.72866,29.9556,30.1258,30.4662,30.48512,30.54185,30.69314,30.67423,30.44729,30.74987,31.01463,30.80661,30.90117,31.35504,31.35504,31.16592,31.10919,30.73096,30.82552,30.86334,30.92008,30.9579,31.44959,31.65762,31.39286,31.05246,31.01463,31.63871,32.6221,33.20835,33.87025,34.51324,34.98602,34.70235,34.60779,34.4565,33.94589,33.87025,33.81351,33.47311,33.34073,33.07597,33.18944,32.9625,32.84904,32.35734,32.20605,32.14931,32.07367,31.24157,31.24157,30.54185,30.31491,29.61519,29.27479,28.93438,28.17793,False,False,False,False,False,False,False,False,False,False,False,False,False,False,False,False,False,False,False,False,False,False,False,False,False,False,False,False,False,False,False,False,False,False,False,False,False,False,False,False,False,False,False,False,False,False,False,False,False,False,False,False,False,False,False,False,False,False,False,False,False,False,False,False,False,False,False,False,False,False,False,False,False,False,False,False,False,False,False,False,False,False,False,False,False,False,False,False,False,False,False,False,False,False,False,False,False,False,False,False,False,False,False,False,False,False,False,False,False,False,False,False,False,False,False,False,False,False,False,False,False,False,False,False,False,False,False,False,False,False,False,False,False,False,False,False,False,False,False,False,False,False,False,False,False,False,False,False,False,False,False,False,False,False,False,False,False,False,False,False,False,False,False,False,False,False,False,False,False,False,False,False,False,False,False,False,False,False,False,False,False,False,False,False,False,False,False,False,False,False,False,False,False,False,False,False,False,False,False,False,False,False,False,False,False,False,False,False,False,False,False,False,False,False,False,False,False,False,False,False,False,False,False,False,False,False,False,False,False,False,False,False,False,False,False,False,False,False,False,False,False,False,False,False,False,False,False,False,False,False,False,False,False,False,False,False,False,False,False,False,False,False,False,False,False,False,False,False,False,False,False,False,False,False,False,False,False,False,False,False,False,False,False,False,False,False,False,False,False,False,False,False,False,False,False,False,False,False,False,False,False,False,False,False,False,True,False,False,False,False,False,False,False,False,False,False,False,False,False,False,False,False,False,False,False,False,False,False,False,False,False,False,False,False,False,False,False,False,False,False,False,False,False,False,False,False,False,False,False,False,False,False,False,False,False,False,False,False,False,False
2019,27.70514,27.08107,26.41917,25.92748,25.75727,25.26558,25.01973,24.62259,24.33892,24.33892,23.82832,23.65811,23.65811,23.65811,23.65811,23.65811,23.469,23.43118,23.03404,23.03404,23.45009,23.69594,23.69594,23.69594,24.37675,24.50912,25.1332,25.37905,25.98421,26.66502,26.66502,26.72175,27.30801,27.61059,27.76188,28.21575,28.44269,28.76418,28.802,28.87765,29.27479,29.72866,29.67193,29.69084,29.84213,29.74757,29.84213,29.70975,30.1258,30.25818,30.56076,30.56076,30.88225,30.90117,30.92008,30.40947,30.50403,30.56076,30.31491,30.44729,30.44729,30.56076,30.7877,31.20375,31.6198,31.46851,32.05476,32.50863,33.01924,33.68114,34.00263,34.1161,34.53215,34.58888,34.39977,34.30521,33.98372,33.75678,33.37855,33.30291,32.77339,32.77339,32.77339,32.77339,32.03585,31.2983,31.2983,30.65532,29.99342,29.59628,28.65071,28.34813,27.81861,27.64841,27.17563,26.3057,False,False,False,False,False,False,False,False,False,False,False,False,False,False,False,False,False,False,False,False,False,False,False,False,False,False,False,False,False,False,False,False,False,False,False,False,False,False,False,False,False,False,False,False,False,False,False,False,False,False,False,False,False,False,False,False,False,False,False,False,False,False,False,False,False,False,False,False,False,False,False,False,False,False,False,False,False,False,False,False,False,False,False,False,False,False,False,False,False,False,False,False,False,False,False,False,False,False,False,False,False,False,False,False,False,False,False,False,False,False,False,False,False,False,False,False,False,False,False,False,False,False,False,False,False,False,False,False,False,False,False,False,False,False,False,False,False,False,False,False,False,False,False,False,False,False,False,False,False,False,False,False,False,False,False,False,False,False,False,False,False,False,False,False,False,False,False,False,False,False,False,False,False,False,False,False,False,False,False,False,False,False,False,False,False,False,False,False,False,False,False,False,False,False,False,False,False,False,False,False,False,False,False,False,False,False,False,False,False,False,False,False,False,False,False,False,False,False,False,False,False,False,False,False,False,False,False,False,False,False,False,False,False,False,False,False,False,False,False,False,False,False,False,False,False,False,False,False,False,False,False,False,False,False,False,False,False,False,False,False,False,False,False,False,False,False,False,False,False,False,False,False,False,False,False,False,False,False,False,False,False,False,False,False,False,False,False,False,False,False,False,False,False,False,False,False,False,False,False,False,False,False,False,False,False,False,False,False,False,False,False,False,False,False,False,False,False,True,False,False,False,False,False,False,False,False,False,False,False,False,False,False,False,False,False,False,False,False,False,False,False,False,False,False,False,False,False,False,False,False,False,False,False,False,False,False,False,False,False,False
2019,26.04095,25.83292,25.28449,24.4713,24.45239,24.45239,24.07416,23.65811,23.65811,23.65811,23.65811,23.18533,22.8071,23.03404,22.86384,22.86384,22.75037,22.75037,23.09077,23.52573,23.8094,23.77158,24.50912,24.963,26.60829,27.6295,28.76418,30.03124,32.20605,32.84904,33.58658,34.15392,34.75908,35.00493,34.83473,34.85364,34.74017,34.64561,34.34303,34.38086,34.38086,34.36194,34.64561,35.30751,34.98602,35.30751,35.21296,34.64561,34.92929,34.81582,35.00493,34.77799,34.64561,34.51324,34.74017,34.96711,35.04275,34.96711,35.09949,35.09949,35.1184,35.38316,35.2886,34.96711,34.77799,34.70235,34.81582,35.02384,35.32642,36.34764,36.70695,36.9528,36.2909,36.2909,35.59118,35.57227,35.32642,34.92929,34.72126,34.83473,34.41868,33.90807,33.34073,32.84904,32.22496,32.30061,31.80891,31.03354,30.08798,29.14241,28.44269,28.25357,27.83752,27.17563,26.85413,26.41917,False,False,False,False,False,False,False,False,False,False,False,False,False,False,False,False,False,False,False,False,False,False,False,False,False,False,False,False,False,False,False,False,False,False,False,False,False,False,False,False,False,False,False,False,False,False,False,False,False,False,False,False,False,False,False,False,False,False,False,False,False,False,False,False,False,False,False,False,False,False,False,False,False,False,False,False,False,False,False,False,False,False,False,False,False,False,False,False,False,False,False,False,False,False,False,False,False,False,False,False,False,False,False,False,False,False,False,False,False,False,False,False,False,False,False,False,False,False,False,False,False,False,False,False,False,False,False,False,False,False,False,False,False,False,False,False,False,False,False,False,False,False,False,False,False,False,False,False,False,False,False,False,False,False,False,False,False,False,False,False,False,False,False,False,False,False,False,False,False,False,False,False,False,False,False,False,False,False,False,False,False,False,False,False,False,False,False,False,False,False,False,False,False,False,False,False,False,False,False,False,False,False,False,False,False,False,False,False,False,False,False,False,False,False,False,False,False,False,False,False,False,False,False,False,False,False,False,False,False,False,False,False,False,False,False,False,False,False,False,False,False,False,False,False,False,False,False,False,False,False,False,False,False,False,False,False,False,False,False,False,False,False,False,False,False,False,False,False,False,False,False,False,False,False,False,False,False,False,False,False,False,False,False,False,False,False,False,False,False,False,False,False,False,False,False,False,False,False,False,False,False,False,False,False,False,False,False,False,False,False,False,False,False,False,False,False,False,False,False,False,False,False,False,False,False,False,False,False,False,True,False,False,False,False,False,False,False,False,False,False,False,False,False,False,False,False,False,False,False,False,False,False,False,False,False,False,False,False,False,False
2019,25.54925,24.84953,24.66042,24.66042,24.43348,23.97961,23.86614,23.35553,23.35553,23.35553,23.35553,22.84493,22.61799,22.61799,22.61799,22.61799,22.37214,22.35323,22.35323,22.75037,23.56356,23.8094,24.16872,24.6415,26.19224,27.36474,28.51833,29.70975,31.2983,32.35734,33.07597,33.81351,34.24848,34.24848,34.15392,34.22956,34.51324,34.4565,34.30521,34.58888,34.51324,34.32412,34.43759,34.30521,34.38086,34.85364,35.25078,35.59118,36.04506,35.91268,35.79921,35.51554,35.83703,35.74247,36.04506,35.91268,36.06397,35.85594,35.76139,35.68574,35.62901,35.49663,35.30751,35.32642,35.23187,35.32642,35.64792,35.85594,36.19635,36.55566,36.46111,36.51784,36.04506,35.9505,35.57227,35.72356,35.02384,34.75908,34.6267,34.4565,34.00263,33.88916,33.24617,32.9625,32.67883,32.48972,31.88456,31.09028,30.4662,29.61519,28.68854,28.19684,27.4593,26.9676,26.43808,26.34353,False,False,False,False,False,False,False,False,False,False,False,False,False,False,False,False,False,False,False,False,False,False,False,False,False,False,False,False,False,False,False,False,False,False,False,False,False,False,False,False,False,False,False,False,False,False,False,False,False,False,False,False,False,False,False,False,False,False,False,False,False,False,False,False,False,False,False,False,False,False,False,False,False,False,False,False,False,False,False,False,False,False,False,False,False,False,False,False,False,False,False,False,False,False,False,False,False,False,False,False,False,False,False,False,False,False,False,False,False,False,False,False,False,False,False,False,False,False,False,False,False,False,False,False,False,False,False,False,False,False,False,False,False,False,False,False,False,False,False,False,False,False,False,False,False,False,False,False,False,False,False,False,False,False,False,False,False,False,False,False,False,False,False,False,False,False,False,False,False,False,False,False,False,False,False,False,False,False,False,False,False,False,False,False,False,False,False,False,False,False,False,False,False,False,False,False,False,False,False,False,False,False,False,False,False,False,False,False,False,False,False,False,False,False,False,False,False,False,False,False,False,False,False,False,False,False,False,False,False,False,False,False,False,False,False,False,False,False,False,False,False,False,False,False,False,False,False,False,False,False,False,False,False,False,False,False,False,False,False,False,False,False,False,False,False,False,False,False,False,False,False,False,False,False,False,False,False,False,False,False,False,False,False,False,False,False,False,False,False,False,False,False,False,False,False,False,False,False,False,False,False,False,False,False,False,False,False,False,False,False,False,False,False,False,False,False,False,False,False,False,False,False,False,False,False,False,False,False,False,False,False,False,False,False,False,False,False,False,False,True,False,False,False,False,False,False,False,False,False,False,False,False,False,False,False,False,False,False,False,False
2019,25.64381,25.1332,25.01973,24.45239,24.39566,24.39566,23.65811,23.48791,23.48791,23.48791,22.84493,22.67472,22.67472,22.67472,22.67472,22.67472,22.61799,22.61799,22.61799,22.61799,23.05295,23.33662,24.03634,24.92517,26.1355,27.11889,28.65071,29.40717,31.14701,32.05476,32.58428,33.37855,33.75678,34.04045,34.15392,33.6244,34.05936,34.22956,34.24848,34.21065,34.55106,34.68344,34.49432,34.55106,34.56997,34.77799,35.00493,35.36425,35.4588,35.25078,34.81582,34.64561,34.58888,35.26969,35.43989,35.43989,35.66683,35.66683,35.38316,35.36425,35.4588,35.51554,35.72356,35.74247,35.87485,36.17744,36.1207,36.46111,36.87716,37.33103,37.48232,37.33103,36.76369,36.66913,36.59349,36.6124,36.40437,35.7803,35.81812,35.66683,35.38316,34.89146,34.47541,34.32412,34.1161,33.64331,33.43529,32.7923,32.09258,31.07137,30.05015,29.27479,28.6318,27.95099,27.25127,26.75958,False,False,False,False,False,False,False,False,False,False,False,False,False,False,False,False,False,False,False,False,False,False,False,False,False,False,False,False,False,False,False,False,False,False,False,False,False,False,False,False,False,False,False,False,False,False,False,False,False,False,False,False,False,False,False,False,False,False,False,False,False,False,False,False,False,False,False,False,False,False,False,False,False,False,False,False,False,False,False,False,False,False,False,False,False,False,False,False,False,False,False,False,False,False,False,False,False,False,False,False,False,False,False,False,False,False,False,False,False,False,False,False,False,False,False,False,False,False,False,False,False,False,False,False,False,False,False,False,False,False,False,False,False,False,False,False,False,False,False,False,False,False,False,False,False,False,False,False,False,False,False,False,False,False,False,False,False,False,False,False,False,False,False,False,False,False,False,False,False,False,False,False,False,False,False,False,False,False,False,False,False,False,False,False,False,False,False,False,False,False,False,False,False,False,False,False,False,False,False,False,False,False,False,False,False,False,False,False,False,False,False,False,False,False,False,False,False,False,False,False,False,False,False,False,False,False,False,False,False,False,False,False,False,False,False,False,False,False,False,False,False,False,False,False,False,False,False,False,False,False,False,False,False,False,False,False,False,False,False,False,False,False,False,False,False,False,False,False,False,False,False,False,False,False,False,False,False,False,False,False,False,False,False,False,False,False,False,False,False,False,False,False,False,False,False,False,False,False,False,False,False,False,False,False,False,False,False,False,False,False,False,False,False,False,False,False,False,False,False,False,False,False,False,False,False,False,False,False,False,False,False,False,False,False,False,False,False,False,False,False,False,False,False,False,False,False,False,False,False,False,True,False,False,False,False,False,False,False,False,False
2019,26.15441,25.81401,25.34122,24.88735,24.90626,24.52804,24.28219,24.28219,23.75267,23.43118,23.43118,23.43118,23.43118,23.43118,23.43118,23.43118,23.20424,23.20424,23.20424,23.86614,24.39566,24.94409,25.26558,25.81401,27.21345,28.68854,29.74757,30.80661,33.13271,34.24848,34.72126,35.59118,36.32873,36.32873,36.1207,35.61009,36.02614,35.70465,35.51554,35.47771,35.23187,35.53445,35.49663,35.21296,35.4588,35.68574,35.87485,35.89376,35.32642,35.32642,35.49663,35.91268,35.87485,35.36425,35.36425,35.09949,35.47771,35.17513,35.36425,35.47771,35.34534,35.51554,35.51554,35.19404,35.61009,35.79921,35.91268,36.55566,36.66913,37.29321,37.40667,37.4445,37.34994,36.9528,37.14191,37.14191,36.49893,36.32873,35.98832,35.85594,35.85594,35.57227,35.19404,34.9482,34.43759,34.26739,33.73787,33.03815,32.43299,31.69544,31.03354,30.25818,29.44499,28.95329,28.06446,27.40256,False,False,False,False,False,False,False,False,False,False,False,False,False,False,False,False,False,False,False,False,False,False,False,False,False,False,False,False,False,False,False,False,False,False,False,False,False,False,False,False,False,False,False,False,False,False,False,False,False,False,False,False,False,False,False,False,False,False,False,False,False,False,False,False,False,False,False,False,False,False,False,False,False,False,False,False,False,False,False,False,False,False,False,False,False,False,False,False,False,False,False,False,False,False,False,False,False,False,False,False,False,False,False,False,False,False,False,False,False,False,False,False,False,False,False,False,False,False,False,False,False,False,False,False,False,False,False,False,False,False,False,False,False,False,False,False,False,False,False,False,False,False,False,False,False,False,False,False,False,False,False,False,False,False,False,False,False,False,False,False,False,False,False,False,False,False,False,False,False,False,False,False,False,False,False,False,False,False,False,False,False,False,False,False,False,False,False,False,False,False,False,False,False,False,False,False,False,False,False,False,False,False,False,False,False,False,False,False,False,False,False,False,False,False,False,False,False,False,False,False,False,False,False,False,False,False,False,False,False,False,False,False,False,False,False,False,False,False,False,False,False,False,False,False,False,False,False,False,False,False,False,False,False,False,False,False,False,False,False,False,False,False,False,False,False,False,False,False,False,False,False,False,False,False,False,False,False,False,False,False,False,False,False,False,False,False,False,False,False,False,False,False,False,False,False,False,False,False,False,False,False,False,False,False,False,False,False,False,False,False,False,False,False,False,False,False,False,False,False,False,False,False,False,False,False,False,False,False,False,False,False,False,False,False,False,False,False,False,False,False,False,False,False,False,False,False,False,False,False,False,False,False,False,False,False,False,False,False,True,False
2019,26.92978,26.32462,25.68163,25.68163,25.18993,24.84953,24.84953,24.32001,24.09307,24.09307,24.09307,24.09307,24.09307,23.73376,24.05525,24.01743,23.43118,23.69594,24.16872,24.16872,24.56586,25.07647,25.43578,25.81401,27.25127,28.27249,29.72866,30.84443,33.17053,34.19174,34.79691,35.4588,36.44219,36.46111,35.96941,36.21526,36.42328,36.34764,36.27199,36.74478,37.14191,37.27429,37.27429,36.99062,37.38776,37.38776,37.23647,37.34994,37.33103,37.38776,37.23647,37.06627,37.36885,37.31212,37.14191,36.6124,36.68804,36.89607,36.63131,36.63131,36.23417,36.2909,36.08288,36.40437,36.68804,36.97171,36.83933,37.19865,37.59579,38.10639,38.20095,38.21986,37.67143,37.16083,37.16083,37.02845,36.49893,36.2909,36.2909,35.96941,36.17744,35.38316,34.9482,34.92929,34.68344,34.22956,33.7946,33.34073,32.84904,32.31952,31.73327,31.80891,30.93899,30.52294,29.74757,28.78309,False,False,False,False,False,True,False,False,False,False,False,False,False,False,False,False,False,False,False,False,False,False,False,False,False,False,False,False,False,False,False,False,False,False,False,False,False,False,False,False,False,False,False,False,False,False,False,False,False,False,False,False,False,False,False,False,False,False,False,False,False,False,False,False,False,False,False,False,False,False,False,False,False,False,False,False,False,False,False,False,False,False,False,False,False,False,False,False,False,False,False,False,False,False,False,False,False,False,False,False,False,False,False,False,False,False,False,False,False,False,False,False,False,False,False,False,False,False,False,False,False,False,False,False,False,False,False,False,False,False,False,False,False,False,False,False,False,False,False,False,False,False,False,False,False,False,False,False,False,False,False,False,False,False,False,False,False,False,False,False,False,False,False,False,False,False,False,False,False,False,False,False,False,False,False,False,False,False,False,False,False,False,False,False,False,False,False,False,False,False,False,False,False,False,False,False,False,False,False,False,False,False,False,False,False,False,False,False,False,False,False,False,False,False,False,False,False,False,False,False,False,False,False,False,False,False,False,False,False,False,False,False,False,False,False,False,False,False,False,False,False,False,False,False,False,False,False,False,False,False,False,False,False,False,False,False,False,False,False,False,False,False,False,False,False,False,False,False,False,False,False,False,False,False,False,False,False,False,False,False,False,False,False,False,False,False,False,False,False,False,False,False,False,False,False,False,False,False,False,False,False,False,False,False,False,False,False,False,False,False,False,False,False,False,False,False,False,False,False,False,False,False,False,False,False,False,False,False,False,False,False,False,False,False,False,False,False,False,False,False,False,False,False,False,False,False,False,False,False,False,False,False,False,False,False,False,False,False,False,False
2019,28.19684,27.66732,27.40256,27.11889,26.66502,26.09768,25.83292,25.3034,24.90626,24.83062,24.66042,24.66042,24.66042,24.66042,24.05525,23.97961,24.07416,24.09307,24.09307,24.09307,24.43348,24.35783,24.54695,25.07647,25.24667,25.54925,26.55155,26.75958,27.36474,27.78079,28.74527,29.27479,29.52064,30.16362,30.4662,30.9579,31.56306,31.69544,31.71435,31.69544,32.31952,32.37625,32.43299,32.6221,32.7923,32.6221,32.73557,32.73557,32.7923,32.92468,33.37855,33.35964,33.34073,33.54876,33.60549,33.34073,33.52984,33.41638,33.34073,33.51093,32.83012,33.05706,33.07597,33.22726,33.4542,33.66222,33.77569,34.53215,35.53445,35.91268,36.15852,36.13961,36.15852,35.98832,35.96941,35.91268,35.87485,35.42098,35.19404,34.9482,34.72126,34.51324,34.02154,33.98372,33.71896,33.51093,33.30291,32.90577,32.60319,31.99802,31.52524,31.07137,30.44729,29.84213,29.14241,28.61289,False,False,False,False,False,False,False,False,False,False,False,False,False,False,False,False,False,True,False,False,False,False,False,False,False,False,False,False,False,False,False,False,False,False,False,False,False,False,False,False,False,False,False,False,False,False,False,False,False,False,False,False,False,False,False,False,False,False,False,False,False,False,False,False,False,False,False,False,False,False,False,False,False,False,False,False,False,False,False,False,False,False,False,False,False,False,False,False,False,False,False,False,False,False,False,False,False,False,False,False,False,False,False,False,False,False,False,False,False,False,False,False,False,False,False,False,False,False,False,False,False,False,False,False,False,False,False,False,False,False,False,False,False,False,False,False,False,False,False,False,False,False,False,False,False,False,False,False,False,False,False,False,False,False,False,False,False,False,False,False,False,False,False,False,False,False,False,False,False,False,False,False,False,False,False,False,False,False,False,False,False,False,False,False,False,False,False,False,False,False,False,False,False,False,False,False,False,False,False,False,False,False,False,False,False,False,False,False,False,False,False,False,False,False,False,False,False,False,False,False,False,False,False,False,False,False,False,False,False,False,False,False,False,False,False,False,False,False,False,False,False,False,False,False,False,False,False,False,False,False,False,False,False,False,False,False,False,False,False,False,False,False,False,False,False,False,False,False,False,False,False,False,False,False,False,False,False,False,False,False,False,False,False,False,False,False,False,False,False,False,False,False,False,False,False,False,False,False,False,False,False,False,False,False,False,False,False,False,False,False,False,False,False,False,False,False,False,False,False,False,False,False,False,False,False,False,False,False,False,False,False,False,False,False,False,False,False,False,False,False,False,False,False,False,False,False,False,False,False,False,False,False,False,False,False,False,False,False,False,False
2019,28.23466,27.87535,27.2891,27.09998,26.36244,25.98421,25.73836,25.66272,25.00082,24.963,24.71715,24.43348,23.84723,23.75267,23.75267,23.75267,23.75267,23.75267,23.75267,23.75267,23.75267,23.75267,23.75267,24.39566,24.66042,25.41687,25.56816,25.7951,26.58937,26.94869,27.34583,28.17793,27.7997,28.17793,28.53724,28.53724,29.31261,29.50172,30.08798,29.99342,30.74987,31.20375,31.27939,31.33613,31.90347,31.43068,31.43068,31.33613,31.2983,30.74987,31.05246,31.22266,31.1281,31.2983,31.56306,31.43068,31.20375,31.26048,31.48742,31.67653,31.58197,31.50633,31.48742,31.99802,31.75218,31.69544,32.30061,32.98141,33.71896,34.91037,35.21296,35.40207,35.4588,35.62901,35.49663,35.49663,35.51554,35.04275,34.79691,34.85364,34.53215,34.41868,34.1161,33.51093,32.98141,32.54645,32.26278,31.54415,30.82552,30.63641,29.69084,29.19914,28.57507,28.40487,27.91317,27.00542,False,False,False,False,False,False,False,False,False,False,False,False,False,False,False,False,False,False,False,False,False,False,False,False,False,False,False,False,False,True,False,False,False,False,False,False,False,False,False,False,False,False,False,False,False,False,False,False,False,False,False,False,False,False,False,False,False,False,False,False,False,False,False,False,False,False,False,False,False,False,False,False,False,False,False,False,False,False,False,False,False,False,False,False,False,False,False,False,False,False,False,False,False,False,False,False,False,False,False,False,False,False,False,False,False,False,False,False,False,False,False,False,False,False,False,False,False,False,False,False,False,False,False,False,False,False,False,False,False,False,False,False,False,False,False,False,False,False,False,False,False,False,False,False,False,False,False,False,False,False,False,False,False,False,False,False,False,False,False,False,False,False,False,False,False,False,False,False,False,False,False,False,False,False,False,False,False,False,False,False,False,False,False,False,False,False,False,False,False,False,False,False,False,False,False,False,False,False,False,False,False,False,False,False,False,False,False,False,False,False,False,False,False,False,False,False,False,False,False,False,False,False,False,False,False,False,False,False,False,False,False,False,False,False,False,False,False,False,False,False,False,False,False,False,False,False,False,False,False,False,False,False,False,False,False,False,False,False,False,False,False,False,False,False,False,False,False,False,False,False,False,False,False,False,False,False,False,False,False,False,False,False,False,False,False,False,False,False,False,False,False,False,False,False,False,False,False,False,False,False,False,False,False,False,False,False,False,False,False,False,False,False,False,False,False,False,False,False,False,False,False,False,False,False,False,False,False,False,False,False,False,False,False,False,False,False,False,False,False,False,False,False,False,False,False,False,False,False,False,False,False,False,False,False,False,False,False,False,False,False
2019,26.32462,26.1355,25.49252,25.32231,24.7928,24.67933,24.28219,24.16872,24.14981,24.14981,23.43118,23.31771,23.31771,23.31771,23.31771,23.31771,23.31771,23.88505,23.97961,23.97961,24.43348,24.84953,25.15211,25.6249,27.17563,28.74527,30.27709,31.35504,33.284,34.68344,35.76139,36.25308,37.16083,37.16083,36.80151,36.53675,36.27199,36.13961,36.1207,35.62901,35.68574,36.06397,36.02614,35.83703,35.93159,35.83703,35.87485,36.00723,36.00723,36.49893,36.53675,36.27199,35.83703,35.83703,35.9505,35.85594,35.74247,36.13961,36.10179,35.83703,35.38316,35.76139,35.85594,35.59118,35.70465,36.06397,36.32873,37.02845,37.50123,37.52014,37.7849,38.25768,37.9551,37.72817,37.70926,37.31212,36.6124,36.25308,36.25308,36.25308,35.85594,35.17513,34.83473,34.43759,34.04045,33.56767,32.92468,32.54645,31.75218,31.03354,29.93669,29.21805,28.31031,27.81861,27.66732,26.92978,False,False,False,False,False,False,False,False,False,False,False,False,False,False,False,False,False,False,False,False,False,False,False,False,False,False,False,False,False,False,False,False,False,False,False,False,False,False,False,False,False,True,False,False,False,False,False,False,False,False,False,False,False,False,False,False,False,False,False,False,False,False,False,False,False,False,False,False,False,False,False,False,False,False,False,False,False,False,False,False,False,False,False,False,False,False,False,False,False,False,False,False,False,False,False,False,False,False,False,False,False,False,False,False,False,False,False,False,False,False,False,False,False,False,False,False,False,False,False,False,False,False,False,False,False,False,False,False,False,False,False,False,False,False,False,False,False,False,False,False,False,False,False,False,False,False,False,False,False,False,False,False,False,False,False,False,False,False,False,False,False,False,False,False,False,False,False,False,False,False,False,False,False,False,False,False,False,False,False,False,False,False,False,False,False,False,False,False,False,False,False,False,False,False,False,False,False,False,False,False,False,False,False,False,False,False,False,False,False,False,False,False,False,False,False,False,False,False,False,False,False,False,False,False,False,False,False,False,False,False,False,False,False,False,False,False,False,False,False,False,False,False,False,False,False,False,False,False,False,False,False,False,False,False,False,False,False,False,False,False,False,False,False,False,False,False,False,False,False,False,False,False,False,False,False,False,False,False,False,False,False,False,False,False,False,False,False,False,False,False,False,False,False,False,False,False,False,False,False,False,False,False,False,False,False,False,False,False,False,False,False,False,False,False,False,False,False,False,False,False,False,False,False,False,False,False,False,False,False,False,False,False,False,False,False,False,False,False,False,False,False,False,False,False,False,False,False,False,False,False,False,False,False,False,False,False,False,False,False,False
2019,26.74067,26.3057,25.73836,25.45469,25.34122,24.66042,24.66042,24.05525,23.99852,23.99852,23.99852,23.84723,23.37444,23.37444,23.37444,23.37444,23.35553,23.88505,23.99852,23.99852,24.22545,24.62259,25.3034,25.87074,27.15672,28.61289,29.80431,30.88225,32.98141,33.37855,34.13501,34.72126,35.51554,35.61009,35.51554,35.40207,35.02384,34.81582,32.9625,31.75218,31.50633,31.75218,31.43068,31.69544,31.65762,31.92238,31.31722,31.26048,31.44959,31.86564,31.9602,31.48742,31.71435,31.77109,31.56306,32.7923,34.83473,34.81582,35.08058,34.64561,34.68344,35.23187,35.96941,36.32873,36.38546,36.46111,37.46341,38.2766,38.52244,38.80611,38.95741,38.95741,38.21986,38.20095,38.23877,38.01184,37.48232,37.50123,37.25538,36.83933,36.74478,36.51784,36.2909,35.76139,35.62901,35.08058,34.22956,33.64331,32.73557,31.77109,31.24157,30.22036,29.4639,28.82092,28.14011,27.34583,False,False,False,False,False,False,False,False,False,False,False,False,False,False,False,False,False,False,False,False,False,False,False,False,False,False,False,False,False,False,False,False,False,False,False,False,False,False,False,False,False,False,False,False,False,False,False,False,False,False,False,False,False,True,False,False,False,False,False,False,False,False,False,False,False,False,False,False,False,False,False,False,False,False,False,False,False,False,False,False,False,False,False,False,False,False,False,False,False,False,False,False,False,False,False,False,False,False,False,False,False,False,False,False,False,False,False,False,False,False,False,False,False,False,False,False,False,False,False,False,False,False,False,False,False,False,False,False,False,False,False,False,False,False,False,False,False,False,False,False,False,False,False,False,False,False,False,False,False,False,False,False,False,False,False,False,False,False,False,False,False,False,False,False,False,False,False,False,False,False,False,False,False,False,False,False,False,False,False,False,False,False,False,False,False,False,False,False,False,False,False,False,False,False,False,False,False,False,False,False,False,False,False,False,False,False,False,False,False,False,False,False,False,False,False,False,False,False,False,False,False,False,False,False,False,False,False,False,False,False,False,False,False,False,False,False,False,False,False,False,False,False,False,False,False,False,False,False,False,False,False,False,False,False,False,False,False,False,False,False,False,False,False,False,False,False,False,False,False,False,False,False,False,False,False,False,False,False,False,False,False,False,False,False,False,False,False,False,False,False,False,False,False,False,False,False,False,False,False,False,False,False,False,False,False,False,False,False,False,False,False,False,False,False,False,False,False,False,False,False,False,False,False,False,False,False,False,False,False,False,False,False,False,False,False,False,False,False,False,False,False,False,False,False,False,False,False,False,False,False,False,False,False,False,False,False,False,False,False,False
2019,26.81631,26.43808,25.85183,25.85183,25.45469,25.05755,24.92517,24.43348,24.43348,24.43348,24.35783,23.60138,23.60138,23.60138,23.60138,23.60138,23.37444,23.37444,23.37444,23.41227,24.45239,24.45239,25.17102,25.77619,27.08107,28.55616,29.69084,30.7877,32.81121,33.94589,35.04275,35.64792,36.21526,36.36655,36.19635,35.66683,35.85594,36.06397,36.08288,35.76139,36.10179,36.27199,36.10179,36.00723,35.85594,36.17744,36.00723,36.13961,36.42328,36.87716,37.42558,37.46341,37.02845,37.00953,37.21756,37.23647,37.00953,37.63361,37.57688,37.65252,37.53905,37.48232,37.87946,38.06857,37.6147,37.76599,38.10639,38.42789,38.91958,39.46801,39.73277,39.67604,39.1087,39.07087,38.97632,38.71156,38.14422,37.59579,37.33103,37.33103,37.27429,36.80151,36.46111,36.30981,35.81812,35.66683,34.98602,34.49432,33.52984,32.56536,31.86564,30.99572,30.03124,29.38826,28.59398,27.76188,False,False,False,False,False,False,False,False,False,False,False,False,False,False,False,False,False,False,False,False,False,False,False,False,False,False,False,False,False,False,False,False,False,False,False,False,False,False,False,False,False,False,False,False,False,False,False,False,False,False,False,False,False,False,False,False,False,False,False,False,False,False,False,False,False,True,False,False,False,False,False,False,False,False,False,False,False,False,False,False,False,False,False,False,False,False,False,False,False,False,False,False,False,False,False,False,False,False,False,False,False,False,False,False,False,False,False,False,False,False,False,False,False,False,False,False,False,False,False,False,False,False,False,False,False,False,False,False,False,False,False,False,False,False,False,False,False,False,False,False,False,False,False,False,False,False,False,False,False,False,False,False,False,False,False,False,False,False,False,False,False,False,False,False,False,False,False,False,False,False,False,False,False,False,False,False,False,False,False,False,False,False,False,False,False,False,False,False,False,False,False,False,False,False,False,False,False,False,False,False,False,False,False,False,False,False,False,False,False,False,False,False,False,False,False,False,False,False,False,False,False,False,False,False,False,False,False,False,False,False,False,False,False,False,False,False,False,False,False,False,False,False,False,False,False,False,False,False,False,False,False,False,False,False,False,False,False,False,False,False,False,False,False,False,False,False,False,False,False,False,False,False,False,False,False,False,False,False,False,False,False,False,False,False,False,False,False,False,False,False,False,False,False,False,False,False,False,False,False,False,False,False,False,False,False,False,False,False,False,False,False,False,False,False,False,False,False,False,False,False,False,False,False,False,False,False,False,False,False,False,False,False,False,False,False,False,False,False,False,False,False,False,False,False,False,False,False,False,False,False,False,False,False,False,False,False,False,False,False,False
2019,27.36474,26.89196,26.17332,26.09768,25.87074,25.3034,25.24667,24.45239,24.45239,24.45239,24.45239,24.3011,23.75267,23.75267,23.75267,23.75267,23.88505,24.05525,24.01743,24.49021,24.6415,25.1332,25.4736,26.26788,27.76188,29.36934,30.82552,31.67653,33.90807,35.42098,36.15852,36.87716,37.16083,37.04736,36.91498,36.83933,37.16083,37.42558,37.21756,37.40667,37.4445,37.59579,37.59579,37.59579,37.23647,36.82042,36.99062,36.51784,36.34764,36.34764,36.42328,36.36655,36.19635,36.13961,36.17744,36.76369,36.51784,36.42328,36.23417,36.13961,35.89376,36.00723,36.04506,36.02614,35.64792,35.9505,36.21526,36.87716,36.87716,37.31212,37.91728,37.84163,37.25538,37.17974,36.99062,36.99062,36.49893,36.40437,36.19635,36.2909,35.66683,35.57227,35.2886,35.2886,34.68344,34.60779,33.7946,32.92468,32.24387,31.63871,30.99572,30.18253,29.72866,29.10459,28.42378,28.10228,False,False,False,False,False,False,False,False,False,False,False,False,False,False,False,False,False,False,False,False,False,False,False,False,False,False,False,False,False,False,False,False,False,False,False,False,False,False,False,False,False,False,False,False,False,False,False,False,False,False,False,False,False,False,False,False,False,False,False,False,False,False,False,False,False,False,False,False,False,False,False,False,False,False,False,False,False,True,False,False,False,False,False,False,False,False,False,False,False,False,False,False,False,False,False,False,False,False,False,False,False,False,False,False,False,False,False,False,False,False,False,False,False,False,False,False,False,False,False,False,False,False,False,False,False,False,False,False,False,False,False,False,False,False,False,False,False,False,False,False,False,False,False,False,False,False,False,False,False,False,False,False,False,False,False,False,False,False,False,False,False,False,False,False,False,False,False,False,False,False,False,False,False,False,False,False,False,False,False,False,False,False,False,False,False,False,False,False,False,False,False,False,False,False,False,False,False,False,False,False,False,False,False,False,False,False,False,False,False,False,False,False,False,False,False,False,False,False,False,False,False,False,False,False,False,False,False,False,False,False,False,False,False,False,False,False,False,False,False,False,False,False,False,False,False,False,False,False,False,False,False,False,False,False,False,False,False,False,False,False,False,False,False,False,False,False,False,False,False,False,False,False,False,False,False,False,False,False,False,False,False,False,False,False,False,False,False,False,False,False,False,False,False,False,False,False,False,False,False,False,False,False,False,False,False,False,False,False,False,False,False,False,False,False,False,False,False,False,False,False,False,False,False,False,False,False,False,False,False,False,False,False,False,False,False,False,False,False,False,False,False,False,False,False,False,False,False,False,False,False,False,False,False,False,False,False,False,False,False,False
2019,27.2891,26.77849,26.09768,25.75727,25.4736,25.43578,24.73606,24.73606,24.73606,24.37675,24.11199,24.11199,24.11199,24.11199,24.11199,24.11199,23.90396,23.88505,23.88505,24.58477,25.03864,25.41687,25.77619,26.19224,27.76188,29.21805,29.86104,31.1281,33.284,34.79691,35.51554,36.02614,36.66913,36.7826,36.97171,36.7826,37.33103,37.25538,36.68804,36.59349,36.99062,37.10409,37.38776,37.25538,37.40667,37.6147,37.76599,37.16083,37.19865,37.17974,37.6147,37.36885,36.99062,36.91498,36.91498,36.87716,36.87716,36.44219,36.1207,36.2909,36.34764,36.49893,36.36655,36.34764,36.66913,36.9528,37.00953,37.84163,37.91728,38.10639,38.08748,38.04966,37.59579,37.31212,37.31212,37.31212,36.6124,36.2909,35.91268,35.91268,35.70465,35.89376,35.26969,35.15622,34.96711,34.53215,34.41868,33.73787,32.88686,32.1304,31.41177,31.03354,30.48512,29.93669,29.16132,28.48051,False,False,False,False,False,False,False,False,False,False,False,False,False,False,False,False,False,False,False,False,False,False,False,False,False,False,False,False,False,False,False,False,False,False,False,False,False,False,False,False,False,False,False,False,False,False,False,False,False,False,False,False,False,False,False,False,False,False,False,False,False,False,False,False,False,False,False,False,False,False,False,False,False,False,False,False,False,False,False,False,False,False,False,False,False,False,False,False,True,False,False,False,False,False,False,False,False,False,False,False,False,False,False,False,False,False,False,False,False,False,False,False,False,False,False,False,False,False,False,False,False,False,False,False,False,False,False,False,False,False,False,False,False,False,False,False,False,False,False,False,False,False,False,False,False,False,False,False,False,False,False,False,False,False,False,False,False,False,False,False,False,False,False,False,False,False,False,False,False,False,False,False,False,False,False,False,False,False,False,False,False,False,False,False,False,False,False,False,False,False,False,False,False,False,False,False,False,False,False,False,False,False,False,False,False,False,False,False,False,False,False,False,False,False,False,False,False,False,False,False,False,False,False,False,False,False,False,False,False,False,False,False,False,False,False,False,False,False,False,False,False,False,False,False,False,False,False,False,False,False,False,False,False,False,False,False,False,False,False,False,False,False,False,False,False,False,False,False,False,False,False,False,False,False,False,False,False,False,False,False,False,False,False,False,False,False,False,False,False,False,False,False,False,False,False,False,False,False,False,False,False,False,False,False,False,False,False,False,False,False,False,False,False,False,False,False,False,False,False,False,False,False,False,False,False,False,False,False,False,False,False,False,False,False,False,False,False,False,False,False,False,False,False,False,False,False,False,False,False,False,False,False,False,False,False,False,False,False,False,False
2019,28.17793,27.4593,26.83522,26.57046,26.07877,25.71945,25.17102,24.60368,24.60368,24.60368,24.37675,23.94178,23.94178,23.94178,23.94178,23.94178,23.94178,23.94178,23.94178,23.94178,23.94178,23.94178,24.39566,24.7928,24.94409,25.20885,25.6249,25.7951,26.23006,27.08107,27.47821,28.19684,28.36704,29.19914,29.55846,29.80431,30.296,30.93899,31.09028,31.20375,31.2983,31.88456,32.20605,32.33843,32.52754,32.26278,31.80891,31.75218,31.63871,31.50633,31.84673,32.37625,31.67653,32.33843,32.07367,32.03585,31.80891,31.86564,31.86564,32.14931,32.11149,32.22496,32.18714,32.20605,32.30061,32.43299,33.24617,33.70005,34.47541,34.74017,35.15622,35.53445,35.64792,35.9505,35.89376,35.26969,35.26969,35.00493,34.66453,34.58888,34.55106,34.64561,34.32412,33.83243,34.17283,33.54876,33.284,33.22726,33.01924,32.56536,31.73327,31.24157,30.54185,29.82322,29.48281,28.93438,False,False,False,False,False,False,False,False,False,False,False,False,False,False,False,False,False,False,False,False,False,False,False,False,False,False,False,False,False,False,False,False,False,False,False,False,False,False,False,False,False,False,False,False,False,False,False,False,False,False,False,False,False,False,False,False,False,False,False,False,False,False,False,False,False,False,False,False,False,False,False,False,False,False,False,False,False,False,False,False,False,False,False,False,False,False,False,False,False,False,False,False,False,False,False,False,False,False,False,False,True,False,False,False,False,False,False,False,False,False,False,False,False,False,False,False,False,False,False,False,False,False,False,False,False,False,False,False,False,False,False,False,False,False,False,False,False,False,False,False,False,False,False,False,False,False,False,False,False,False,False,False,False,False,False,False,False,False,False,False,False,False,False,False,False,False,False,False,False,False,False,False,False,False,False,False,False,False,False,False,False,False,False,False,False,False,False,False,False,False,False,False,False,False,False,False,False,False,False,False,False,False,False,False,False,False,False,False,False,False,False,False,False,False,False,False,False,False,False,False,False,False,False,False,False,False,False,False,False,False,False,False,False,False,False,False,False,False,False,False,False,False,False,False,False,False,False,False,False,False,False,False,False,False,False,False,False,False,False,False,False,False,False,False,False,False,False,False,False,False,False,False,False,False,False,False,False,False,False,False,False,False,False,False,False,False,False,False,False,False,False,False,False,False,False,False,False,False,False,False,False,False,False,False,False,False,False,False,False,False,False,False,False,False,False,False,False,False,False,False,False,False,False,False,False,False,False,False,False,False,False,False,False,False,False,False,False,False,False,False,False,False,False,False,False,False,False,False,False,False,False,False,False,False,False,False,False,False,False,False
2019,28.36704,28.00773,27.55385,27.02434,26.85413,26.1355,25.41687,25.36014,25.36014,25.07647,24.67933,24.56586,24.26328,23.92287,23.92287,23.92287,23.92287,23.92287,23.92287,23.35553,23.58247,23.86614,23.86614,24.41457,24.66042,24.66042,25.32231,25.4736,26.11659,26.6272,27.04325,27.27018,27.81861,27.9699,27.9699,28.44269,29.27479,29.65302,29.84213,29.89886,30.296,30.97681,31.1281,31.1281,31.54415,31.14701,31.07137,31.14701,31.43068,30.99572,31.03354,30.88225,31.05246,31.07137,31.07137,30.84443,31.16592,31.71435,31.69544,31.69544,31.69544,31.67653,31.79,31.86564,31.86564,32.03585,32.69774,33.37855,33.85134,34.41868,34.96711,34.75908,35.1184,35.08058,34.85364,34.89146,34.19174,34.13501,33.77569,34.13501,33.98372,33.47311,33.41638,33.49202,33.17053,33.18944,32.71666,32.50863,31.97911,31.33613,31.18484,30.73096,30.01233,29.6341,29.40717,28.61289,False,False,False,False,False,False,False,False,False,False,False,False,False,False,False,False,False,False,False,False,False,False,False,False,False,False,False,False,False,False,False,False,False,False,False,False,False,False,False,False,False,False,False,False,False,False,False,False,False,False,False,False,False,False,False,False,False,False,False,False,False,False,False,False,False,False,False,False,False,False,False,False,False,False,False,False,False,False,False,False,False,False,False,False,False,False,False,False,False,False,False,False,False,False,False,False,False,False,False,False,False,False,False,False,False,False,False,False,False,False,False,False,True,False,False,False,False,False,False,False,False,False,False,False,False,False,False,False,False,False,False,False,False,False,False,False,False,False,False,False,False,False,False,False,False,False,False,False,False,False,False,False,False,False,False,False,False,False,False,False,False,False,False,False,False,False,False,False,False,False,False,False,False,False,False,False,False,False,False,False,False,False,False,False,False,False,False,False,False,False,False,False,False,False,False,False,False,False,False,False,False,False,False,False,False,False,False,False,False,False,False,False,False,False,False,False,False,False,False,False,False,False,False,False,False,False,False,False,False,False,False,False,False,False,False,False,False,False,False,False,False,False,False,False,False,False,False,False,False,False,False,False,False,False,False,False,False,False,False,False,False,False,False,False,False,False,False,False,False,False,False,False,False,False,False,False,False,False,False,False,False,False,False,False,False,False,False,False,False,False,False,False,False,False,False,False,False,False,False,False,False,False,False,False,False,False,False,False,False,False,False,False,False,False,False,False,False,False,False,False,False,False,False,False,False,False,False,False,False,False,False,False,False,False,False,False,False,False,False,False,False,False,False,False,False,False,False,False,False,False,False,False,False,False,False,False,False,False,False,False
2019,27.7997,27.70514,27.08107,26.41917,26.41917,25.85183,25.26558,24.963,24.963,24.6415,24.26328,24.26328,24.26328,24.26328,24.26328,23.75267,23.6392,23.77158,23.75267,24.07416,24.4713,24.77388,24.77388,24.98191,25.66272,26.15441,26.83522,27.55385,28.76418,29.50172,29.93669,30.48512,30.90117,31.22266,31.41177,31.41177,31.88456,32.05476,32.05476,32.07367,32.11149,32.35734,32.14931,31.99802,32.18714,31.92238,32.39516,32.60319,32.60319,32.54645,32.41407,32.90577,32.4519,32.22496,32.14931,32.33843,32.14931,32.14931,32.14931,31.97911,32.1304,32.16823,32.09258,32.54645,32.6221,33.03815,33.92698,34.64561,34.87255,35.59118,36.36655,36.40437,36.21526,36.00723,36.02614,35.70465,35.04275,34.55106,34.30521,34.2863,33.90807,33.85134,33.64331,33.64331,33.22726,32.64101,32.26278,31.67653,30.88225,30.27709,29.48281,28.72636,28.08337,28.08337,27.36474,26.87305,False,False,False,False,False,False,False,False,False,False,False,False,False,False,False,False,False,False,False,False,False,False,False,False,False,False,False,False,False,False,False,False,False,False,False,False,False,False,False,False,False,False,False,False,False,False,False,False,False,False,False,False,False,False,False,False,False,False,False,False,False,False,False,False,False,False,False,False,False,False,False,False,False,False,False,False,False,False,False,False,False,False,False,False,False,False,False,False,False,False,False,False,False,False,False,False,False,False,False,False,False,False,False,False,False,False,False,False,False,False,False,False,False,False,False,False,False,False,False,False,False,False,False,False,True,False,False,False,False,False,False,False,False,False,False,False,False,False,False,False,False,False,False,False,False,False,False,False,False,False,False,False,False,False,False,False,False,False,False,False,False,False,False,False,False,False,False,False,False,False,False,False,False,False,False,False,False,False,False,False,False,False,False,False,False,False,False,False,False,False,False,False,False,False,False,False,False,False,False,False,False,False,False,False,False,False,False,False,False,False,False,False,False,False,False,False,False,False,False,False,False,False,False,False,False,False,False,False,False,False,False,False,False,False,False,False,False,False,False,False,False,False,False,False,False,False,False,False,False,False,False,False,False,False,False,False,False,False,False,False,False,False,False,False,False,False,False,False,False,False,False,False,False,False,False,False,False,False,False,False,False,False,False,False,False,False,False,False,False,False,False,False,False,False,False,False,False,False,False,False,False,False,False,False,False,False,False,False,False,False,False,False,False,False,False,False,False,False,False,False,False,False,False,False,False,False,False,False,False,False,False,False,False,False,False,False,False,False,False,False,False,False,False,False,False,False,False,False,False,False,False,False,False,False,False,False,False,False,False,False
2019,26.58937,26.05986,25.81401,25.24667,25.03864,24.49021,24.49021,23.99852,23.86614,23.86614,23.86614,23.86614,23.86614,23.37444,23.14751,23.54465,23.77158,23.6392,23.77158,23.77158,24.09307,24.88735,25.17102,25.68163,27.64841,28.99112,30.06907,31.27939,33.70005,34.85364,35.68574,36.2909,37.16083,37.53905,37.08518,36.99062,37.25538,37.23647,37.33103,37.10409,37.50123,37.67143,37.97401,37.70926,38.10639,37.74708,38.03075,37.76599,37.72817,37.72817,37.72817,37.08518,36.83933,36.49893,36.38546,36.2909,36.2909,36.32873,36.23417,36.13961,36.23417,36.25308,36.13961,35.98832,35.59118,36.04506,36.32873,37.48232,37.80381,38.16313,38.18204,38.12531,38.21986,38.21986,38.21986,37.93619,37.40667,37.16083,37.16083,36.99062,36.51784,36.48002,35.74247,36.04506,35.34534,34.98602,34.19174,33.71896,32.88686,31.94129,31.05246,30.27709,29.33152,28.53724,28.02664,27.64841,False,False,False,False,False,False,False,False,False,False,False,False,False,False,False,False,False,False,False,False,False,False,False,False,False,False,False,False,False,False,False,False,False,False,False,False,False,False,False,False,False,False,False,False,False,False,False,False,False,False,False,False,False,False,False,False,False,False,False,False,False,False,False,False,False,False,False,False,False,False,False,False,False,False,False,False,False,False,False,False,False,False,False,False,False,False,False,False,False,False,False,False,False,False,False,False,False,False,False,False,False,False,False,False,False,False,False,False,False,False,False,False,False,False,False,False,False,False,False,False,False,False,False,False,False,False,False,False,False,False,False,False,False,False,False,False,True,False,False,False,False,False,False,False,False,False,False,False,False,False,False,False,False,False,False,False,False,False,False,False,False,False,False,False,False,False,False,False,False,False,False,False,False,False,False,False,False,False,False,False,False,False,False,False,False,False,False,False,False,False,False,False,False,False,False,False,False,False,False,False,False,False,False,False,False,False,False,False,False,False,False,False,False,False,False,False,False,False,False,False,False,False,False,False,False,False,False,False,False,False,False,False,False,False,False,False,False,False,False,False,False,False,False,False,False,False,False,False,False,False,False,False,False,False,False,False,False,False,False,False,False,False,False,False,False,False,False,False,False,False,False,False,False,False,False,False,False,False,False,False,False,False,False,False,False,False,False,False,False,False,False,False,False,False,False,False,False,False,False,False,False,False,False,False,False,False,False,False,False,False,False,False,False,False,False,False,False,False,False,False,False,False,False,False,False,False,False,False,False,False,False,False,False,False,False,False,False,False,False,False,False,False,False,False,False,False,False,False,False,False,False,False,False,False,False,False,False,False,False,False
2019,27.00542,26.64611,26.36244,25.98421,25.77619,25.3034,24.71715,24.71715,24.71715,24.71715,24.58477,24.09307,23.97961,23.97961,23.97961,23.97961,23.69594,23.69594,23.69594,24.52804,24.67933,25.3034,25.49252,26.43808,27.6295,28.78309,29.9556,31.07137,33.39746,34.72126,35.2886,35.89376,36.53675,36.32873,36.46111,36.42328,37.02845,36.70695,36.63131,36.34764,36.57457,36.46111,36.08288,36.08288,36.1207,35.93159,35.66683,35.79921,35.7803,35.79921,36.38546,36.53675,36.85824,36.80151,36.65022,36.57457,36.17744,35.93159,35.61009,35.79921,35.30751,35.9505,36.15852,36.17744,36.21526,36.13961,36.59349,36.9528,37.67143,38.12531,38.2766,38.56027,38.29551,38.12531,37.53905,37.48232,37.63361,37.10409,36.91498,37.02845,36.82042,36.30981,36.13961,36.13961,35.74247,35.36425,34.6267,34.05936,33.35964,32.6221,31.48742,30.57967,29.57737,29.31261,28.34813,27.66732,False,False,False,False,False,False,False,False,False,False,False,False,False,False,False,False,False,False,False,False,False,False,False,False,False,False,False,False,False,False,False,False,False,False,False,False,False,False,False,False,False,False,False,False,False,False,False,False,False,False,False,False,False,False,False,False,False,False,False,False,False,False,False,False,False,False,False,False,False,False,False,False,False,False,False,False,False,False,False,False,False,False,False,False,False,False,False,False,False,False,False,False,False,False,False,False,False,False,False,False,False,False,False,False,False,False,False,False,False,False,False,False,False,False,False,False,False,False,False,False,False,False,False,False,False,False,False,False,False,False,False,False,False,False,False,False,False,False,False,False,False,False,False,False,False,False,False,False,True,False,False,False,False,False,False,False,False,False,False,False,False,False,False,False,False,False,False,False,False,False,False,False,False,False,False,False,False,False,False,False,False,False,False,False,False,False,False,False,False,False,False,False,False,False,False,False,False,False,False,False,False,False,False,False,False,False,False,False,False,False,False,False,False,False,False,False,False,False,False,False,False,False,False,False,False,False,False,False,False,False,False,False,False,False,False,False,False,False,False,False,False,False,False,False,False,False,False,False,False,False,False,False,False,False,False,False,False,False,False,False,False,False,False,False,False,False,False,False,False,False,False,False,False,False,False,False,False,False,False,False,False,False,False,False,False,False,False,False,False,False,False,False,False,False,False,False,False,False,False,False,False,False,False,False,False,False,False,False,False,False,False,False,False,False,False,False,False,False,False,False,False,False,False,False,False,False,False,False,False,False,False,False,False,False,False,False,False,False,False,False,False,False,False,False,False,False,False,False,False,False,False,False,False,False,False,False,False,False,False,False
2019,27.11889,26.68393,25.9653,25.7951,25.71945,24.963,24.963,24.963,24.963,24.35783,24.22545,24.22545,24.22545,24.22545,24.22545,24.22545,23.69594,23.69594,23.69594,23.69594,23.69594,24.81171,25.39796,26.24897,27.76188,28.66962,30.06907,31.60089,33.68114,35.17513,36.00723,36.51784,37.06627,37.04736,36.97171,36.65022,36.7826,36.68804,36.25308,36.32873,36.57457,36.66913,36.66913,36.2909,36.08288,36.21526,36.63131,36.66913,36.6124,36.7826,36.25308,36.23417,36.6124,36.70695,36.40437,36.38546,36.34764,36.13961,36.23417,35.87485,35.76139,35.68574,35.81812,36.10179,36.19635,36.04506,36.02614,36.66913,37.06627,37.69034,38.18204,38.33333,37.72817,37.63361,37.53905,37.53905,36.99062,36.76369,36.59349,36.82042,36.36655,36.15852,36.1207,35.68574,35.38316,34.77799,34.26739,33.92698,33.07597,32.35734,31.37395,30.52294,30.08798,29.42608,28.82092,28.06446,False,False,False,False,False,False,False,False,False,False,False,False,False,False,False,False,False,False,False,False,False,False,False,False,False,False,False,False,False,False,False,False,False,False,False,False,False,False,False,False,False,False,False,False,False,False,False,False,False,False,False,False,False,False,False,False,False,False,False,False,False,False,False,False,False,False,False,False,False,False,False,False,False,False,False,False,False,False,False,False,False,False,False,False,False,False,False,False,False,False,False,False,False,False,False,False,False,False,False,False,False,False,False,False,False,False,False,False,False,False,False,False,False,False,False,False,False,False,False,False,False,False,False,False,False,False,False,False,False,False,False,False,False,False,False,False,False,False,False,False,False,False,False,False,False,False,False,False,False,False,False,False,False,False,False,False,False,False,False,False,True,False,False,False,False,False,False,False,False,False,False,False,False,False,False,False,False,False,False,False,False,False,False,False,False,False,False,False,False,False,False,False,False,False,False,False,False,False,False,False,False,False,False,False,False,False,False,False,False,False,False,False,False,False,False,False,False,False,False,False,False,False,False,False,False,False,False,False,False,False,False,False,False,False,False,False,False,False,False,False,False,False,False,False,False,False,False,False,False,False,False,False,False,False,False,False,False,False,False,False,False,False,False,False,False,False,False,False,False,False,False,False,False,False,False,False,False,False,False,False,False,False,False,False,False,False,False,False,False,False,False,False,False,False,False,False,False,False,False,False,False,False,False,False,False,False,False,False,False,False,False,False,False,False,False,False,False,False,False,False,False,False,False,False,False,False,False,False,False,False,False,False,False,False,False,False,False,False,False,False,False,False,False,False,False,False,False,False,False,False,False,False,False,False,False,False,False,False,False,False
2019,28.06446,27.25127,26.9676,26.43808,25.90857,25.73836,25.11429,25.11429,24.77388,24.52804,24.45239,24.45239,24.45239,24.45239,24.45239,24.43348,24.07416,24.43348,24.62259,24.62259,25.00082,25.3034,26.02203,26.51373,28.12119,29.38826,30.27709,31.09028,33.37855,34.39977,35.1184,35.66683,36.2909,36.34764,36.46111,36.27199,36.27199,36.44219,36.08288,36.46111,36.46111,37.00953,36.49893,36.30981,36.23417,36.23417,36.23417,36.23417,36.68804,36.70695,36.85824,36.83933,36.38546,36.36655,36.19635,36.32873,36.17744,35.91268,35.51554,35.74247,36.6124,36.80151,36.00723,36.08288,36.27199,36.55566,37.08518,37.19865,37.59579,37.80381,37.89837,38.10639,37.70926,37.70926,37.4445,37.02845,36.19635,36.04506,35.89376,35.89376,35.89376,35.61009,35.51554,35.47771,34.98602,34.81582,34.58888,34.07827,33.54876,33.00033,32.20605,31.65762,30.93899,30.25818,29.84213,29.38826,False,False,False,False,False,False,False,False,False,False,False,False,False,False,False,False,False,False,False,False,False,False,False,False,False,False,False,False,False,False,False,False,False,False,False,False,False,False,False,False,False,False,False,False,False,False,False,False,False,False,False,False,False,False,False,False,False,False,False,False,False,False,False,False,False,False,False,False,False,False,False,False,False,False,False,False,False,False,False,False,False,False,False,False,False,False,False,False,False,False,False,False,False,False,False,False,False,False,False,False,False,False,False,False,False,False,False,False,False,False,False,False,False,False,False,False,False,False,False,False,False,False,False,False,False,False,False,False,False,False,False,False,False,False,False,False,False,False,False,False,False,False,False,False,False,False,False,False,False,False,False,False,False,False,False,False,False,False,False,False,False,False,False,False,False,False,False,False,False,False,False,False,True,False,False,False,False,False,False,False,False,False,False,False,False,False,False,False,False,False,False,False,False,False,False,False,False,False,False,False,False,False,False,False,False,False,False,False,False,False,False,False,False,False,False,False,False,False,False,False,False,False,False,False,False,False,False,False,False,False,False,False,False,False,False,False,False,False,False,False,False,False,False,False,False,False,False,False,False,False,False,False,False,False,False,False,False,False,False,False,False,False,False,False,False,False,False,False,False,False,False,False,False,False,False,False,False,False,False,False,False,False,False,False,False,False,False,False,False,False,False,False,False,False,False,False,False,False,False,False,False,False,False,False,False,False,False,False,False,False,False,False,False,False,False,False,False,False,False,False,False,False,False,False,False,False,False,False,False,False,False,False,False,False,False,False,False,False,False,False,False,False,False,False,False,False,False,False,False,False,False,False,False,False,False,False,False,False,False,False
2019,28.95329,27.95099,27.57277,27.02434,26.60829,26.34353,25.9653,25.83292,25.11429,25.11429,25.11429,24.94409,24.49021,24.49021,24.49021,24.49021,23.88505,23.86614,23.86614,24.33892,24.49021,24.49021,24.94409,25.17102,25.37905,26.02203,26.43808,26.81631,27.36474,27.78079,28.57507,29.14241,29.69084,29.99342,30.03124,30.10689,30.44729,30.67423,30.84443,30.67423,30.93899,31.35504,31.35504,31.46851,31.46851,31.48742,31.52524,31.18484,31.14701,31.2983,31.43068,31.6198,32.16823,32.16823,32.07367,31.48742,31.37395,31.37395,31.63871,31.77109,31.90347,31.75218,31.71435,31.75218,32.18714,32.4519,32.90577,34.13501,34.85364,35.81812,36.15852,36.1207,36.17744,36.30981,36.00723,35.9505,35.7803,35.68574,35.26969,35.38316,34.9482,34.74017,34.51324,34.53215,34.55106,34.15392,33.70005,33.70005,33.07597,32.92468,32.65992,32.22496,31.43068,30.92008,30.39056,29.86104,False,False,False,False,False,False,False,False,False,False,False,False,False,False,False,False,False,False,False,False,False,False,False,False,False,False,False,False,False,False,False,False,False,False,False,False,False,False,False,False,False,False,False,False,False,False,False,False,False,False,False,False,False,False,False,False,False,False,False,False,False,False,False,False,False,False,False,False,False,False,False,False,False,False,False,False,False,False,False,False,False,False,False,False,False,False,False,False,False,False,False,False,False,False,False,False,False,False,False,False,False,False,False,False,False,False,False,False,False,False,False,False,False,False,False,False,False,False,False,False,False,False,False,False,False,False,False,False,False,False,False,False,False,False,False,False,False,False,False,False,False,False,False,False,False,False,False,False,False,False,False,False,False,False,False,False,False,False,False,False,False,False,False,False,False,False,False,False,False,False,False,False,False,False,False,False,False,False,False,False,False,False,False,False,True,False,False,False,False,False,False,False,False,False,False,False,False,False,False,False,False,False,False,False,False,False,False,False,False,False,False,False,False,False,False,False,False,False,False,False,False,False,False,False,False,False,False,False,False,False,False,False,False,False,False,False,False,False,False,False,False,False,False,False,False,False,False,False,False,False,False,False,False,False,False,False,False,False,False,False,False,False,False,False,False,False,False,False,False,False,False,False,False,False,False,False,False,False,False,False,False,False,False,False,False,False,False,False,False,False,False,False,False,False,False,False,False,False,False,False,False,False,False,False,False,False,False,False,False,False,False,False,False,False,False,False,False,False,False,False,False,False,False,False,False,False,False,False,False,False,False,False,False,False,False,False,False,False,False,False,False,False,False,False,False,False,False,False,False,False,False,False,False,False,False,False,False,False,False,False
2019,29.33152,28.97221,28.32922,27.91317,27.38365,27.11889,26.26788,25.70054,25.70054,25.70054,25.22776,25.07647,24.62259,24.43348,24.43348,24.43348,24.43348,24.43348,24.43348,24.43348,24.43348,24.43348,24.43348,24.50912,25.00082,25.03864,25.87074,26.3057,26.75958,27.4593,27.95099,27.95099,28.48051,28.66962,29.14241,29.48281,30.18253,30.22036,30.69314,30.23927,30.74987,30.65532,30.7877,31.09028,31.24157,30.86334,30.99572,30.97681,31.24157,31.33613,31.24157,30.9579,30.97681,30.97681,30.97681,31.22266,30.9579,30.9579,30.9579,30.9579,31.05246,31.10919,31.26048,31.65762,31.86564,31.9602,32.77339,33.6244,34.43759,35.23187,35.76139,35.74247,36.21526,36.83933,36.70695,36.66913,37.06627,36.53675,36.57457,36.30981,35.91268,35.91268,35.55336,35.70465,35.15622,34.60779,34.07827,33.35964,32.48972,31.77109,31.05246,30.33382,29.6341,29.1235,28.57507,27.61059,False,False,False,False,False,False,False,False,False,False,False,False,False,False,False,False,False,False,False,False,False,False,False,False,False,False,False,False,False,False,False,False,False,False,False,False,False,False,False,False,False,False,False,False,False,False,False,False,False,False,False,False,False,False,False,False,False,False,False,False,False,False,False,False,False,False,False,False,False,False,False,False,False,False,False,False,False,False,False,False,False,False,False,False,False,False,False,False,False,False,False,False,False,False,False,False,False,False,False,False,False,False,False,False,False,False,False,False,False,False,False,False,False,False,False,False,False,False,False,False,False,False,False,False,False,False,False,False,False,False,False,False,False,False,False,False,False,False,False,False,False,False,False,False,False,False,False,False,False,False,False,False,False,False,False,False,False,False,False,False,False,False,False,False,False,False,False,False,False,False,False,False,False,False,False,False,False,False,False,False,False,False,False,False,False,False,False,False,False,False,False,False,False,False,False,False,True,False,False,False,False,False,False,False,False,False,False,False,False,False,False,False,False,False,False,False,False,False,False,False,False,False,False,False,False,False,False,False,False,False,False,False,False,False,False,False,False,False,False,False,False,False,False,False,False,False,False,False,False,False,False,False,False,False,False,False,False,False,False,False,False,False,False,False,False,False,False,False,False,False,False,False,False,False,False,False,False,False,False,False,False,False,False,False,False,False,False,False,False,False,False,False,False,False,False,False,False,False,False,False,False,False,False,False,False,False,False,False,False,False,False,False,False,False,False,False,False,False,False,False,False,False,False,False,False,False,False,False,False,False,False,False,False,False,False,False,False,False,False,False,False,False,False,False,False,False,False,False,False,False,False,False,False,False,False,False,False,False,False,False
2019,27.00542,26.457,26.26788,25.70054,25.70054,25.70054,25.70054,25.03864,24.84953,24.84953,24.84953,24.41457,24.09307,24.09307,24.09307,24.09307,24.09307,24.09307,24.09307,24.67933,24.84953,24.84953,25.64381,26.07877,27.91317,29.35043,30.69314,32.67883,34.6267,35.89376,37.08518,37.72817,38.63591,38.99523,38.74938,39.01414,39.07087,39.05196,38.95741,38.91958,38.80611,38.74938,38.69265,38.10639,38.617,38.40898,38.23877,38.80611,38.7872,38.71156,38.40898,37.9551,38.21986,37.65252,37.50123,37.36885,38.12531,37.69034,37.69034,37.36885,37.06627,37.04736,37.31212,37.14191,36.91498,36.72586,37.50123,38.14422,38.7872,39.2789,39.58148,39.73277,39.39237,39.37346,39.41128,39.50583,39.01414,38.617,38.57918,38.25768,38.10639,37.93619,37.55796,37.23647,36.48002,35.89376,35.15622,34.26739,33.58658,32.54645,31.84673,30.82552,29.82322,29.44499,28.74527,28.17793,False,False,False,False,False,False,False,False,False,False,False,False,False,False,False,False,False,False,False,False,False,False,False,False,False,False,False,False,False,False,False,False,False,False,False,False,False,False,False,False,False,False,False,False,False,False,False,False,False,False,False,False,False,False,False,False,False,False,False,False,False,False,False,False,False,False,False,False,False,False,False,False,False,False,False,False,False,False,False,False,False,False,False,False,False,False,False,False,False,False,False,False,False,False,False,False,False,False,False,False,False,False,False,False,False,False,False,False,False,False,False,False,False,False,False,False,False,False,False,False,False,False,False,False,False,False,False,False,False,False,False,False,False,False,False,False,False,False,False,False,False,False,False,False,False,False,False,False,False,False,False,False,False,False,False,False,False,False,False,False,False,False,False,False,False,False,False,False,False,False,False,False,False,False,False,False,False,False,False,False,False,False,False,False,False,False,False,False,False,False,False,False,False,False,False,False,False,False,False,False,False,False,False,False,False,False,False,False,True,False,False,False,False,False,False,False,False,False,False,False,False,False,False,False,False,False,False,False,False,False,False,False,False,False,False,False,False,False,False,False,False,False,False,False,False,False,False,False,False,False,False,False,False,False,False,False,False,False,False,False,False,False,False,False,False,False,False,False,False,False,False,False,False,False,False,False,False,False,False,False,False,False,False,False,False,False,False,False,False,False,False,False,False,False,False,False,False,False,False,False,False,False,False,False,False,False,False,False,False,False,False,False,False,False,False,False,False,False,False,False,False,False,False,False,False,False,False,False,False,False,False,False,False,False,False,False,False,False,False,False,False,False,False,False,False,False,False,False,False,False,False,False,False,False,False,False,False,False,False,False
2019,27.59168,27.51603,26.91087,26.75958,26.21115,26.02203,26.02203,25.98421,25.17102,25.17102,25.17102,24.94409,24.45239,24.45239,24.45239,24.45239,24.963,25.07647,25.07647,25.07647,25.09538,25.90857,26.66502,27.38365,28.68854,30.01233,31.41177,32.41407,35.21296,36.38546,37.31212,38.16313,38.56027,38.7872,38.7872,38.7872,38.80611,38.617,38.35224,39.01414,38.97632,39.14652,39.35454,39.29781,39.65713,39.65713,39.65713,39.75168,40.20556,39.97862,39.88406,39.88406,40.111,39.99753,39.95971,39.75168,39.80842,38.88176,38.52244,38.50353,38.35224,38.57918,38.57918,38.56027,38.25768,38.65482,38.52244,39.05196,39.48692,40.111,41.24568,41.20786,41.03766,40.88636,40.88636,40.60269,40.12991,39.69495,39.67604,39.43019,39.03305,38.80611,38.35224,38.35224,37.6147,36.99062,36.04506,35.06166,34.47541,33.7946,32.69774,31.65762,30.84443,30.35274,29.65302,29.19914,False,False,False,False,False,False,False,False,False,False,False,False,False,False,False,False,False,False,False,False,False,False,False,False,False,False,False,False,False,False,False,False,False,False,False,False,False,False,False,False,False,False,False,False,False,False,False,False,False,False,False,False,False,False,False,False,False,False,False,False,False,False,False,False,False,False,False,False,False,False,False,False,False,False,False,False,False,False,False,False,False,False,False,False,False,False,False,False,False,False,False,False,False,False,False,False,False,False,False,False,False,False,False,False,False,False,False,False,False,False,False,False,False,False,False,False,False,False,False,False,False,False,False,False,False,False,False,False,False,False,False,False,False,False,False,False,False,False,False,False,False,False,False,False,False,False,False,False,False,False,False,False,False,False,False,False,False,False,False,False,False,False,False,False,False,False,False,False,False,False,False,False,False,False,False,False,False,False,False,False,False,False,False,False,False,False,False,False,False,False,False,False,False,False,False,False,False,False,False,False,False,False,False,False,False,False,False,False,False,False,False,False,False,False,False,False,False,False,False,False,True,False,False,False,False,False,False,False,False,False,False,False,False,False,False,False,False,False,False,False,False,False,False,False,False,False,False,False,False,False,False,False,False,False,False,False,False,False,False,False,False,False,False,False,False,False,False,False,False,False,False,False,False,False,False,False,False,False,False,False,False,False,False,False,False,False,False,False,False,False,False,False,False,False,False,False,False,False,False,False,False,False,False,False,False,False,False,False,False,False,False,False,False,False,False,False,False,False,False,False,False,False,False,False,False,False,False,False,False,False,False,False,False,False,False,False,False,False,False,False,False,False,False,False,False,False,False,False,False,False,False,False,False,False,False,False,False,False,False,False
2019,28.40487,27.70514,27.30801,26.92978,26.49482,26.19224,26.17332,25.51143,25.51143,25.51143,25.51143,25.3034,24.77388,24.77388,24.77388,24.77388,24.77388,24.77388,24.77388,24.77388,25.20885,25.6249,26.24897,26.98651,28.6318,29.87995,31.09028,31.99802,34.30521,35.57227,36.34764,36.85824,37.42558,37.4445,36.85824,36.97171,36.9528,36.93389,36.7826,36.2909,36.36655,37.10409,37.25538,36.97171,37.04736,37.16083,37.04736,36.87716,36.89607,36.65022,37.06627,37.48232,37.02845,37.00953,37.19865,37.19865,37.17974,36.74478,37.52014,37.48232,37.25538,36.68804,37.31212,37.50123,37.36885,37.31212,37.89837,37.9551,38.46571,39.18434,39.2789,39.41128,38.91958,38.74938,38.90067,38.90067,38.46571,37.97401,37.63361,38.04966,37.25538,36.83933,36.76369,36.6124,36.00723,35.81812,35.04275,34.38086,33.56767,32.77339,31.86564,30.97681,29.6341,29.31261,28.74527,28.57507,False,False,False,False,False,False,False,False,False,False,False,False,False,False,False,False,False,False,False,False,False,False,False,False,False,False,False,False,False,False,False,False,False,False,False,False,False,False,False,False,False,False,False,False,False,False,False,False,False,False,False,False,False,False,False,False,False,False,False,False,False,False,False,False,False,False,False,False,False,False,False,False,False,False,False,False,False,False,False,False,False,False,False,False,False,False,False,False,False,False,False,False,False,False,False,False,False,False,False,False,False,False,False,False,False,False,False,False,False,False,False,False,False,False,False,False,False,False,False,False,False,False,False,False,False,False,False,False,False,False,False,False,False,False,False,False,False,False,False,False,False,False,False,False,False,False,False,False,False,False,False,False,False,False,False,False,False,False,False,False,False,False,False,False,False,False,False,False,False,False,False,False,False,False,False,False,False,False,False,False,False,False,False,False,False,False,False,False,False,False,False,False,False,False,False,False,False,False,False,False,False,False,False,False,False,False,False,False,False,False,False,False,False,False,False,False,False,False,False,False,False,False,False,False,False,False,False,False,False,False,False,False,True,False,False,False,False,False,False,False,False,False,False,False,False,False,False,False,False,False,False,False,False,False,False,False,False,False,False,False,False,False,False,False,False,False,False,False,False,False,False,False,False,False,False,False,False,False,False,False,False,False,False,False,False,False,False,False,False,False,False,False,False,False,False,False,False,False,False,False,False,False,False,False,False,False,False,False,False,False,False,False,False,False,False,False,False,False,False,False,False,False,False,False,False,False,False,False,False,False,False,False,False,False,False,False,False,False,False,False,False,False,False,False,False,False,False,False,False,False,False,False,False,False,False,False,False,False,False,False
2019,27.9699,27.1378,26.75958,26.26788,26.26788,25.70054,25.45469,24.84953,24.84953,24.84953,24.84953,24.22545,24.16872,24.16872,24.16872,24.16872,23.97961,23.97961,23.97961,23.97961,24.49021,25.39796,25.6249,26.26788,28.04555,28.82092,30.296,31.35504,34.26739,35.2886,36.15852,37.25538,37.84163,38.39006,38.48462,38.35224,38.52244,38.25768,38.35224,38.35224,38.35224,38.82503,38.63591,38.10639,38.12531,37.97401,38.10639,37.67143,37.53905,37.89837,37.10409,37.00953,36.99062,36.85824,36.93389,36.40437,36.66913,36.51784,36.51784,36.55566,36.32873,36.36655,36.04506,36.40437,36.34764,36.49893,36.66913,37.4445,37.69034,38.08748,38.7872,38.73047,38.14422,38.01184,38.12531,38.16313,37.86055,37.38776,37.38776,37.23647,37.31212,36.87716,36.63131,36.55566,35.74247,35.2886,35.1184,34.92929,34.04045,33.35964,32.58428,31.90347,31.05246,30.69314,29.87995,29.18023,False,False,False,False,False,False,False,False,False,False,False,False,False,False,False,False,False,False,False,False,False,False,False,False,False,False,False,False,False,False,False,False,False,False,False,False,False,False,False,False,False,False,False,False,False,False,False,False,False,False,False,False,False,False,False,False,False,False,False,False,False,False,False,False,False,False,False,False,False,False,False,False,False,False,False,False,False,False,False,False,False,False,False,False,False,False,False,False,False,False,False,False,False,False,False,False,False,False,False,False,False,False,False,False,False,False,False,False,False,False,False,False,False,False,False,False,False,False,False,False,False,False,False,False,False,False,False,False,False,False,False,False,False,False,False,False,False,False,False,False,False,False,False,False,False,False,False,False,False,False,False,False,False,False,False,False,False,False,False,False,False,False,False,False,False,False,False,False,False,False,False,False,False,False,False,False,False,False,False,False,False,False,False,False,False,False,False,False,False,False,False,False,False,False,False,False,False,False,False,False,False,False,False,False,False,False,False,False,False,False,False,False,False,False,False,False,False,False,False,False,False,False,False,False,False,False,False,False,False,False,False,False,False,False,False,False,False,False,False,False,False,False,False,False,True,False,False,False,False,False,False,False,False,False,False,False,False,False,False,False,False,False,False,False,False,False,False,False,False,False,False,False,False,False,False,False,False,False,False,False,False,False,False,False,False,False,False,False,False,False,False,False,False,False,False,False,False,False,False,False,False,False,False,False,False,False,False,False,False,False,False,False,False,False,False,False,False,False,False,False,False,False,False,False,False,False,False,False,False,False,False,False,False,False,False,False,False,False,False,False,False,False,False,False,False,False,False,False,False,False,False,False,False,False,False,False,False,False,False,False
2019,29.02894,28.34813,27.49712,26.74067,26.70284,26.26788,25.98421,25.7951,25.34122,25.34122,25.34122,25.09538,25.09538,24.86844,24.7928,24.94409,25.07647,25.17102,25.3034,25.3034,25.81401,25.9653,26.41917,27.27018,28.6318,29.72866,31.07137,32.20605,34.22956,35.81812,37.123,37.55796,38.04966,37.70926,37.63361,37.4445,38.08748,37.4445,37.31212,37.21756,36.97171,37.16083,37.17974,37.17974,37.27429,37.00953,36.68804,36.70695,36.51784,36.6124,36.21526,36.19635,35.89376,35.76139,35.87485,35.72356,35.74247,35.9505,36.55566,36.53675,36.2909,35.7803,35.81812,36.25308,36.48002,36.46111,36.6124,37.21756,37.4445,38.08748,38.48462,38.50353,37.91728,37.50123,37.38776,37.31212,36.89607,36.65022,36.51784,36.51784,36.25308,36.1207,35.85594,35.38316,35.13731,34.75908,34.66453,34.13501,33.75678,33.17053,32.4519,31.92238,31.27939,30.44729,30.06907,29.42608,False,False,False,False,False,False,False,False,False,False,False,False,False,False,False,False,False,False,False,False,False,False,False,False,False,False,False,False,False,False,False,False,False,False,False,False,False,False,False,False,False,False,False,False,False,False,False,False,False,False,False,False,False,False,False,False,False,False,False,False,False,False,False,False,False,False,False,False,False,False,False,False,False,False,False,False,False,False,False,False,False,False,False,False,False,False,False,False,False,False,False,False,False,False,False,False,False,False,False,False,False,False,False,False,False,False,False,False,False,False,False,False,False,False,False,False,False,False,False,False,False,False,False,False,False,False,False,False,False,False,False,False,False,False,False,False,False,False,False,False,False,False,False,False,False,False,False,False,False,False,False,False,False,False,False,False,False,False,False,False,False,False,False,False,False,False,False,False,False,False,False,False,False,False,False,False,False,False,False,False,False,False,False,False,False,False,False,False,False,False,False,False,False,False,False,False,False,False,False,False,False,False,False,False,False,False,False,False,False,False,False,False,False,False,False,False,False,False,False,False,False,False,False,False,False,False,False,False,False,False,False,False,False,False,False,False,False,False,False,False,False,False,False,False,False,False,False,False,False,False,False,False,False,False,False,False,True,False,False,False,False,False,False,False,False,False,False,False,False,False,False,False,False,False,False,False,False,False,False,False,False,False,False,False,False,False,False,False,False,False,False,False,False,False,False,False,False,False,False,False,False,False,False,False,False,False,False,False,False,False,False,False,False,False,False,False,False,False,False,False,False,False,False,False,False,False,False,False,False,False,False,False,False,False,False,False,False,False,False,False,False,False,False,False,False,False,False,False,False,False,False,False,False,False,False,False,False,False,False,False
2019,29.04785,28.70745,28.02664,27.6295,27.17563,26.40026,26.32462,25.56816,25.56816,25.24667,24.90626,24.90626,24.90626,24.71715,24.26328,24.26328,24.26328,24.26328,24.35783,24.7928,24.88735,24.88735,25.54925,25.68163,26.21115,26.43808,26.94869,27.25127,28.31031,28.76418,29.27479,29.67193,29.99342,30.80661,31.27939,30.82552,31.44959,31.52524,31.52524,31.54415,31.94129,32.01694,32.11149,32.11149,32.11149,32.11149,32.11149,31.90347,31.82782,31.6198,32.03585,31.94129,31.48742,31.31722,31.24157,31.2983,31.50633,31.16592,31.10919,31.60089,31.63871,31.79,31.60089,31.94129,32.20605,32.6221,33.284,33.51093,34.92929,35.30751,35.85594,36.1207,36.2909,36.66913,36.42328,36.53675,36.13961,35.89376,36.27199,35.98832,35.83703,35.68574,35.66683,35.40207,35.06166,34.66453,34.32412,33.87025,33.47311,32.88686,32.47081,31.71435,31.24157,30.80661,30.22036,29.72866,False,False,False,False,False,False,False,False,False,False,False,False,False,False,False,False,False,False,False,False,False,False,False,False,False,False,False,False,False,False,False,False,False,False,False,False,False,False,False,False,False,False,False,False,False,False,False,False,False,False,False,False,False,False,False,False,False,False,False,False,False,False,False,False,False,False,False,False,False,False,False,False,False,False,False,False,False,False,False,False,False,False,False,False,False,False,False,False,False,False,False,False,False,False,False,False,False,False,False,False,False,False,False,False,False,False,False,False,False,False,False,False,False,False,False,False,False,False,False,False,False,False,False,False,False,False,False,False,False,False,False,False,False,False,False,False,False,False,False,False,False,False,False,False,False,False,False,False,False,False,False,False,False,False,False,False,False,False,False,False,False,False,False,False,False,False,False,False,False,False,False,False,False,False,False,False,False,False,False,False,False,False,False,False,False,False,False,False,False,False,False,False,False,False,False,False,False,False,False,False,False,False,False,False,False,False,False,False,False,False,False,False,False,False,False,False,False,False,False,False,False,False,False,False,False,False,False,False,False,False,False,False,False,False,False,False,False,False,False,False,False,False,False,False,False,False,False,False,False,False,False,False,False,False,False,False,False,False,False,False,False,False,False,False,False,False,False,False,True,False,False,False,False,False,False,False,False,False,False,False,False,False,False,False,False,False,False,False,False,False,False,False,False,False,False,False,False,False,False,False,False,False,False,False,False,False,False,False,False,False,False,False,False,False,False,False,False,False,False,False,False,False,False,False,False,False,False,False,False,False,False,False,False,False,False,False,False,False,False,False,False,False,False,False,False,False,False,False,False,False,False,False,False,False,False,False,False,False,False,False
2019,29.21805,28.65071,28.31031,27.74297,27.32692,26.81631,25.90857,25.90857,25.7951,25.28449,25.28449,25.28449,24.49021,24.45239,24.45239,24.45239,24.50912,24.50912,24.50912,24.50912,24.45239,24.45239,25.05755,25.05755,25.45469,25.90857,26.1355,26.74067,27.32692,28.00773,28.59398,29.27479,29.44499,29.57737,29.89886,30.4662,31.07137,31.07137,31.07137,31.07137,31.07137,31.18484,31.16592,31.31722,31.33613,31.63871,31.75218,31.56306,31.41177,31.71435,31.80891,31.6198,31.60089,31.46851,31.60089,31.37395,31.35504,31.50633,31.37395,31.52524,31.52524,31.44959,31.41177,31.67653,31.80891,32.69774,33.41638,34.24848,34.72126,35.62901,36.23417,36.51784,36.9528,37.42558,37.08518,36.99062,36.80151,36.74478,36.74478,36.51784,36.13961,35.79921,35.4588,35.55336,35.30751,34.64561,33.85134,33.4542,32.65992,31.80891,30.99572,30.4662,29.9556,29.2937,28.93438,28.32922,False,False,False,False,False,False,False,False,False,False,False,False,False,False,False,False,False,False,False,False,False,False,False,False,False,False,False,False,False,False,False,False,False,False,False,False,False,False,False,False,False,False,False,False,False,False,False,False,False,False,False,False,False,False,False,False,False,False,False,False,False,False,False,False,False,False,False,False,False,False,False,False,False,False,False,False,False,False,False,False,False,False,False,False,False,False,False,False,False,False,False,False,False,False,False,False,False,False,False,False,False,False,False,False,False,False,False,False,False,False,False,False,False,False,False,False,False,False,False,False,False,False,False,False,False,False,False,False,False,False,False,False,False,False,False,False,False,False,False,False,False,False,False,False,False,False,False,False,False,False,False,False,False,False,False,False,False,False,False,False,False,False,False,False,False,False,False,False,False,False,False,False,False,False,False,False,False,False,False,False,False,False,False,False,False,False,False,False,False,False,False,False,False,False,False,False,False,False,False,False,False,False,False,False,False,False,False,False,False,False,False,False,False,False,False,False,False,False,False,False,False,False,False,False,False,False,False,False,False,False,False,False,False,False,False,False,False,False,False,False,False,False,False,False,False,False,False,False,False,False,False,False,False,False,False,False,False,False,False,False,False,False,False,False,False,False,False,False,False,False,False,False,False,False,False,False,False,False,False,False,True,False,False,False,False,False,False,False,False,False,False,False,False,False,False,False,False,False,False,False,False,False,False,False,False,False,False,False,False,False,False,False,False,False,False,False,False,False,False,False,False,False,False,False,False,False,False,False,False,False,False,False,False,False,False,False,False,False,False,False,False,False,False,False,False,False,False,False,False,False,False,False,False,False,False,False,False,False,False,False
2019,27.6295,26.91087,26.66502,25.92748,25.92748,25.92748,25.87074,25.43578,25.20885,25.17102,25.15211,24.45239,24.45239,24.45239,24.45239,24.45239,24.45239,24.45239,24.62259,25.28449,25.60598,25.90857,26.32462,27.06216,28.42378,29.97451,31.50633,33.18944,36.06397,37.36885,38.10639,38.67373,39.46801,39.97862,39.75168,39.69495,39.56257,38.91958,38.86285,38.86285,38.76829,38.84394,38.10639,38.01184,38.01184,38.01184,38.08748,37.97401,38.01184,38.01184,38.10639,37.89837,37.72817,37.55796,37.27429,36.7826,36.74478,36.76369,36.76369,36.15852,36.06397,36.06397,36.00723,35.96941,35.93159,36.57457,36.65022,37.42558,37.93619,38.63591,39.20325,39.56257,38.74938,39.08978,39.46801,39.46801,38.73047,38.10639,37.89837,37.72817,37.34994,37.38776,37.02845,36.34764,35.85594,35.51554,35.4588,34.19174,33.32182,32.43299,31.79,30.65532,29.99342,29.6341,28.87765,28.4616,False,False,False,False,False,False,False,False,False,False,False,False,False,False,False,False,False,False,False,False,False,False,False,False,False,False,False,False,False,False,False,False,False,False,False,False,False,False,False,False,False,False,False,False,False,False,False,False,False,False,False,False,False,False,False,False,False,False,False,False,False,False,False,False,False,False,False,False,False,False,False,False,False,False,False,False,False,False,False,False,False,False,False,False,False,False,False,False,False,False,False,False,False,False,False,False,False,False,False,False,False,False,False,False,False,False,False,False,False,False,False,False,False,False,False,False,False,False,False,False,False,False,False,False,False,False,False,False,False,False,False,False,False,False,False,False,False,False,False,False,False,False,False,False,False,False,False,False,False,False,False,False,False,False,False,False,False,False,False,False,False,False,False,False,False,False,False,False,False,False,False,False,False,False,False,False,False,False,False,False,False,False,False,False,False,False,False,False,False,False,False,False,False,False,False,False,False,False,False,False,False,False,False,False,False,False,False,False,False,False,False,False,False,False,False,False,False,False,False,False,False,False,False,False,False,False,False,False,False,False,False,False,False,False,False,False,False,False,False,False,False,False,False,False,False,False,False,False,False,False,False,False,False,False,False,False,False,False,False,False,False,False,False,False,False,False,False,False,False,False,False,False,False,False,False,False,False,False,False,False,False,False,False,False,False,False,False,False,False,False,False,False,True,False,False,False,False,False,False,False,False,False,False,False,False,False,False,False,False,False,False,False,False,False,False,False,False,False,False,False,False,False,False,False,False,False,False,False,False,False,False,False,False,False,False,False,False,False,False,False,False,False,False,False,False,False,False,False,False,False,False,False,False,False,False,False,False,False,False,False
2019,27.91317,27.85644,27.27018,27.27018,26.74067,26.41917,25.77619,25.56816,25.56816,25.56816,24.73606,24.71715,24.71715,24.71715,24.71715,24.71715,24.98191,25.00082,25.00082,25.39796,25.51143,25.98421,26.66502,27.64841,28.6318,29.91777,31.44959,33.03815,35.66683,37.19865,37.99293,38.97632,39.29781,39.37346,39.07087,39.07087,39.46801,38.80611,39.2789,38.7872,38.74938,38.74938,38.20095,37.99293,38.08748,37.86055,37.67143,37.67143,37.67143,37.69034,37.6147,37.48232,37.31212,36.63131,36.6124,36.70695,36.82042,36.6124,36.27199,36.02614,35.83703,35.68574,36.02614,36.1207,36.2909,36.17744,36.51784,37.06627,37.89837,38.82503,39.01414,39.18434,38.50353,38.46571,38.82503,39.12761,38.4468,38.03075,37.72817,37.72817,37.72817,37.36885,36.99062,36.99062,36.1207,35.79921,35.02384,33.96481,33.07597,32.37625,31.2983,30.48512,29.57737,29.33152,28.6318,28.6318,False,False,False,False,False,False,False,False,False,False,False,False,False,False,False,False,False,False,False,False,False,False,False,False,False,False,False,False,False,False,False,False,False,False,False,False,False,False,False,False,False,False,False,False,False,False,False,False,False,False,False,False,False,False,False,False,False,False,False,False,False,False,False,False,False,False,False,False,False,False,False,False,False,False,False,False,False,False,False,False,False,False,False,False,False,False,False,False,False,False,False,False,False,False,False,False,False,False,False,False,False,False,False,False,False,False,False,False,False,False,False,False,False,False,False,False,False,False,False,False,False,False,False,False,False,False,False,False,False,False,False,False,False,False,False,False,False,False,False,False,False,False,False,False,False,False,False,False,False,False,False,False,False,False,False,False,False,False,False,False,False,False,False,False,False,False,False,False,False,False,False,False,False,False,False,False,False,False,False,False,False,False,False,False,False,False,False,False,False,False,False,False,False,False,False,False,False,False,False,False,False,False,False,False,False,False,False,False,False,False,False,False,False,False,False,False,False,False,False,False,False,False,False,False,False,False,False,False,False,False,False,False,False,False,False,False,False,False,False,False,False,False,False,False,False,False,False,False,False,False,False,False,False,False,False,False,False,False,False,False,False,False,False,False,False,False,False,False,False,False,False,False,False,False,False,False,False,False,False,False,False,False,False,False,False,False,False,False,False,False,False,False,False,False,False,False,False,False,False,False,False,False,False,True,False,False,False,False,False,False,False,False,False,False,False,False,False,False,False,False,False,False,False,False,False,False,False,False,False,False,False,False,False,False,False,False,False,False,False,False,False,False,False,False,False,False,False,False,False,False,False,False,False,False,False,False,False,False,False,False
2019,28.04555,27.83752,27.23236,26.91087,26.15441,26.15441,25.60598,25.53034,25.45469,24.88735,24.88735,24.88735,24.88735,24.88735,24.88735,24.88735,24.05525,24.03634,24.52804,24.66042,25.07647,25.28449,25.88965,26.26788,28.02664,29.10459,30.22036,31.79,33.85134,35.17513,35.9505,37.04736,37.69034,37.33103,37.00953,37.14191,37.82272,37.93619,37.82272,37.99293,37.55796,37.53905,38.01184,38.29551,38.29551,38.57918,38.10639,38.04966,37.9551,37.93619,37.76599,37.59579,37.70926,37.40667,37.25538,36.76369,36.53675,36.6124,36.06397,36.02614,36.08288,36.17744,36.65022,36.59349,36.87716,37.42558,37.46341,37.84163,38.48462,39.1087,39.01414,38.88176,38.57918,38.57918,38.57918,38.57918,37.97401,37.87946,37.74708,37.25538,37.25538,36.9528,36.48002,36.32873,35.66683,35.15622,34.41868,34.19174,33.30291,32.50863,31.65762,30.50403,29.72866,29.19914,28.82092,28.00773,False,False,False,False,False,False,False,False,False,False,False,False,False,False,False,False,False,False,False,False,False,False,False,False,False,False,False,False,False,False,False,False,False,False,False,False,False,False,False,False,False,False,False,False,False,False,False,False,False,False,False,False,False,False,False,False,False,False,False,False,False,False,False,False,False,False,False,False,False,False,False,False,False,False,False,False,False,False,False,False,False,False,False,False,False,False,False,False,False,False,False,False,False,False,False,False,False,False,False,False,False,False,False,False,False,False,False,False,False,False,False,False,False,False,False,False,False,False,False,False,False,False,False,False,False,False,False,False,False,False,False,False,False,False,False,False,False,False,False,False,False,False,False,False,False,False,False,False,False,False,False,False,False,False,False,False,False,False,False,False,False,False,False,False,False,False,False,False,False,False,False,False,False,False,False,False,False,False,False,False,False,False,False,False,False,False,False,False,False,False,False,False,False,False,False,False,False,False,False,False,False,False,False,False,False,False,False,False,False,False,False,False,False,False,False,False,False,False,False,False,False,False,False,False,False,False,False,False,False,False,False,False,False,False,False,False,False,False,False,False,False,False,False,False,False,False,False,False,False,False,False,False,False,False,False,False,False,False,False,False,False,False,False,False,False,False,False,False,False,False,False,False,False,False,False,False,False,False,False,False,False,False,False,False,False,False,False,False,False,False,False,False,False,False,False,False,False,False,False,False,False,False,False,False,False,False,False,False,False,False,False,False,False,False,False,True,False,False,False,False,False,False,False,False,False,False,False,False,False,False,False,False,False,False,False,False,False,False,False,False,False,False,False,False,False,False,False,False,False,False,False,False,False,False,False,False,False,False,False,False
2019,27.04325,27.04325,26.23006,26.19224,26.19224,25.66272,25.36014,24.62259,24.50912,24.50912,24.35783,24.28219,24.73606,24.03634,23.94178,23.94178,24.01743,24.03634,24.03634,24.07416,24.73606,24.73606,25.41687,25.81401,27.34583,28.66962,29.80431,30.90117,33.60549,34.38086,35.15622,36.02614,36.51784,36.49893,35.89376,35.89376,35.89376,35.43989,35.36425,35.2886,35.32642,35.66683,35.43989,35.47771,35.42098,35.2886,35.64792,35.81812,36.17744,35.91268,35.61009,35.61009,35.61009,35.61009,35.61009,35.47771,35.21296,35.61009,35.26969,35.62901,36.08288,36.68804,36.65022,37.25538,37.27429,38.01184,36.17744,37.69034,38.29551,38.73047,39.08978,39.20325,38.57918,38.06857,38.18204,37.97401,37.87946,37.69034,37.04736,37.04736,37.04736,36.99062,36.57457,36.51784,35.89376,35.72356,35.32642,34.75908,33.68114,33.284,32.4519,31.43068,30.73096,30.22036,29.44499,29.08567,False,False,False,False,False,False,False,False,False,False,False,False,False,False,False,False,False,False,False,False,False,False,False,False,False,False,False,False,False,False,False,False,False,False,False,False,False,False,False,False,False,False,False,False,False,False,False,False,False,False,False,False,False,False,False,False,False,False,False,False,False,False,False,False,False,False,False,False,False,False,False,False,False,False,False,False,False,False,False,False,False,False,False,False,False,False,False,False,False,False,False,False,False,False,False,False,False,False,False,False,False,False,False,False,False,False,False,False,False,False,False,False,False,False,False,False,False,False,False,False,False,False,False,False,False,False,False,False,False,False,False,False,False,False,False,False,False,False,False,False,False,False,False,False,False,False,False,False,False,False,False,False,False,False,False,False,False,False,False,False,False,False,False,False,False,False,False,False,False,False,False,False,False,False,False,False,False,False,False,False,False,False,False,False,False,False,False,False,False,False,False,False,False,False,False,False,False,False,False,False,False,False,False,False,False,False,False,False,False,False,False,False,False,False,False,False,False,False,False,False,False,False,False,False,False,False,False,False,False,False,False,False,False,False,False,False,False,False,False,False,False,False,False,False,False,False,False,False,False,False,False,False,False,False,False,False,False,False,False,False,False,False,False,False,False,False,False,False,False,False,False,False,False,False,False,False,False,False,False,False,False,False,False,False,False,False,False,False,False,False,False,False,False,False,False,False,False,False,False,False,False,False,False,False,False,False,False,False,False,False,False,False,False,False,False,False,False,False,False,False,False,False,False,False,False,False,False,True,False,False,False,False,False,False,False,False,False,False,False,False,False,False,False,False,False,False,False,False,False,False,False,False,False,False,False,False,False,False,False,False
2019,28.2914,28.08337,27.66732,27.34583,26.7974,26.55155,25.9653,25.85183,25.85183,25.85183,25.85183,25.17102,25.1332,25.1332,25.1332,25.1332,25.18993,25.18993,25.18993,25.18993,25.49252,25.92748,26.43808,27.49712,29.06676,30.27709,31.44959,32.47081,35.02384,36.66913,37.7849,38.04966,38.46571,38.74938,38.33333,38.4468,38.84394,38.46571,38.06857,37.87946,37.87946,37.82272,37.6147,37.36885,37.74708,37.04736,36.99062,37.04736,36.70695,36.85824,36.51784,36.46111,36.83933,36.70695,36.51784,36.2909,36.36655,36.36655,36.44219,36.46111,36.32873,36.17744,36.36655,36.30981,36.83933,37.27429,37.55796,38.03075,38.56027,38.73047,38.7872,38.86285,38.06857,38.01184,37.63361,37.59579,37.38776,36.82042,36.57457,36.49893,36.38546,36.65022,36.34764,36.27199,35.79921,35.79921,35.19404,34.55106,33.70005,33.17053,32.43299,31.75218,31.18484,30.90117,30.27709,29.70975,False,False,False,False,False,False,False,False,False,False,False,False,False,False,False,False,False,False,False,False,False,False,False,False,False,False,False,False,False,False,False,False,False,False,False,False,False,False,False,False,False,False,False,False,False,False,False,False,False,False,False,False,False,False,False,False,False,False,False,False,False,False,False,False,False,False,False,False,False,False,False,False,False,False,False,False,False,False,False,False,False,False,False,False,False,False,False,False,False,False,False,False,False,False,False,False,False,False,False,False,False,False,False,False,False,False,False,False,False,False,False,False,False,False,False,False,False,False,False,False,False,False,False,False,False,False,False,False,False,False,False,False,False,False,False,False,False,False,False,False,False,False,False,False,False,False,False,False,False,False,False,False,False,False,False,False,False,False,False,False,False,False,False,False,False,False,False,False,False,False,False,False,False,False,False,False,False,False,False,False,False,False,False,False,False,False,False,False,False,False,False,False,False,False,False,False,False,False,False,False,False,False,False,False,False,False,False,False,False,False,False,False,False,False,False,False,False,False,False,False,False,False,False,False,False,False,False,False,False,False,False,False,False,False,False,False,False,False,False,False,False,False,False,False,False,False,False,False,False,False,False,False,False,False,False,False,False,False,False,False,False,False,False,False,False,False,False,False,False,False,False,False,False,False,False,False,False,False,False,False,False,False,False,False,False,False,False,False,False,False,False,False,False,False,False,False,False,False,False,False,False,False,False,False,False,False,False,False,False,False,False,False,False,False,False,False,False,False,False,False,False,False,False,False,False,False,False,False,False,False,False,False,False,False,False,False,False,True,False,False,False,False,False,False,False,False,False,False,False,False,False,False,False,False,False,False,False,False,False,False
2019,29.1235,28.74527,28.15902,27.93208,27.32692,26.53264,26.43808,25.81401,25.7951,25.7951,25.41687,25.32231,25.1332,25.1332,25.1332,25.1332,25.1332,24.66042,24.50912,24.50912,25.03864,25.45469,25.45469,25.56816,26.457,26.92978,27.19454,27.57277,28.17793,29.01003,29.33152,29.93669,30.22036,30.7877,30.74987,30.74987,31.37395,31.46851,31.54415,31.54415,31.65762,31.92238,32.03585,32.03585,32.07367,32.07367,32.11149,31.77109,31.71435,31.60089,31.52524,31.88456,31.84673,32.01694,32.03585,32.03585,31.94129,31.90347,32.05476,32.05476,31.99802,31.84673,31.86564,32.20605,32.03585,32.6221,33.32182,33.51093,34.75908,35.53445,35.9505,36.46111,36.38546,36.80151,36.68804,36.70695,36.30981,35.96941,35.96941,35.96941,35.91268,35.72356,35.74247,35.1184,35.1184,35.04275,34.60779,34.43759,33.75678,33.56767,33.07597,32.60319,32.1304,31.41177,30.57967,30.20144,False,False,False,False,False,False,False,False,False,False,False,False,False,False,False,False,False,False,False,False,False,False,False,False,False,False,False,False,False,False,False,False,False,False,False,False,False,False,False,False,False,False,False,False,False,False,False,False,False,False,False,False,False,False,False,False,False,False,False,False,False,False,False,False,False,False,False,False,False,False,False,False,False,False,False,False,False,False,False,False,False,False,False,False,False,False,False,False,False,False,False,False,False,False,False,False,False,False,False,False,False,False,False,False,False,False,False,False,False,False,False,False,False,False,False,False,False,False,False,False,False,False,False,False,False,False,False,False,False,False,False,False,False,False,False,False,False,False,False,False,False,False,False,False,False,False,False,False,False,False,False,False,False,False,False,False,False,False,False,False,False,False,False,False,False,False,False,False,False,False,False,False,False,False,False,False,False,False,False,False,False,False,False,False,False,False,False,False,False,False,False,False,False,False,False,False,False,False,False,False,False,False,False,False,False,False,False,False,False,False,False,False,False,False,False,False,False,False,False,False,False,False,False,False,False,False,False,False,False,False,False,False,False,False,False,False,False,False,False,False,False,False,False,False,False,False,False,False,False,False,False,False,False,False,False,False,False,False,False,False,False,False,False,False,False,False,False,False,False,False,False,False,False,False,False,False,False,False,False,False,False,False,False,False,False,False,False,False,False,False,False,False,False,False,False,False,False,False,False,False,False,False,False,False,False,False,False,False,False,False,False,False,False,False,False,False,False,False,False,False,False,False,False,False,False,False,False,False,False,False,False,False,False,False,False,False,False,False,False,False,False,False,False,False,False,False,False,False,True,False,False,False,False,False,False,False,False,False,False,False
2019,29.67193,29.04785,28.85874,28.72636,28.12119,27.4593,26.72175,26.72175,26.57046,26.07877,26.05986,25.4736,25.39796,25.39796,24.67933,24.62259,24.62259,24.6415,24.62259,24.62259,24.67933,24.66042,24.7928,25.41687,25.70054,25.94639,26.55155,26.94869,27.55385,28.12119,28.65071,28.99112,29.2937,29.42608,29.74757,30.44729,30.9579,31.05246,31.14701,31.16592,31.31722,31.46851,31.48742,31.20375,31.65762,31.39286,31.6198,31.77109,31.50633,31.37395,31.31722,30.93899,31.09028,31.1281,31.10919,30.7877,31.18484,31.46851,31.35504,31.37395,31.14701,30.90117,30.90117,31.20375,31.6198,32.14931,32.43299,32.92468,34.15392,35.04275,35.64792,35.89376,36.06397,36.19635,36.19635,36.19635,36.19635,35.85594,35.51554,35.55336,35.25078,35.36425,34.9482,34.92929,34.19174,34.04045,33.47311,32.84904,32.20605,31.37395,30.63641,29.76648,29.65302,29.01003,28.85874,27.7997,False,False,False,False,True,False,False,False,False,False,False,False,False,False,False,False,False,False,False,False,False,False,False,False,False,False,False,False,False,False,False,False,False,False,False,False,False,False,False,False,False,False,False,False,False,False,False,False,False,False,False,False,False,False,False,False,False,False,False,False,False,False,False,False,False,False,False,False,False,False,False,False,False,False,False,False,False,False,False,False,False,False,False,False,False,False,False,False,False,False,False,False,False,False,False,False,False,False,False,False,False,False,False,False,False,False,False,False,False,False,False,False,False,False,False,False,False,False,False,False,False,False,False,False,False,False,False,False,False,False,False,False,False,False,False,False,False,False,False,False,False,False,False,False,False,False,False,False,False,False,False,False,False,False,False,False,False,False,False,False,False,False,False,False,False,False,False,False,False,False,False,False,False,False,False,False,False,False,False,False,False,False,False,False,False,False,False,False,False,False,False,False,False,False,False,False,False,False,False,False,False,False,False,False,False,False,False,False,False,False,False,False,False,False,False,False,False,False,False,False,False,False,False,False,False,False,False,False,False,False,False,False,False,False,False,False,False,False,False,False,False,False,False,False,False,False,False,False,False,False,False,False,False,False,False,False,False,False,False,False,False,False,False,False,False,False,False,False,False,False,False,False,False,False,False,False,False,False,False,False,False,False,False,False,False,False,False,False,False,False,False,False,False,False,False,False,False,False,False,False,False,False,False,False,False,False,False,False,False,False,False,False,False,False,False,False,False,False,False,False,False,False,False,False,False,False,False,False,False,False,False,False,False,False,False,False,False,False,False,False,False,False,False,False,False,False,False,False,False,False,False,False,False,False,False,False,False,False,False,False
2019,26.77849,26.77849,26.23006,26.1355,26.1355,25.87074,25.45469,24.963,24.83062,24.83062,24.75497,24.05525,24.05525,24.05525,24.05525,24.05525,24.05525,24.49021,24.88735,24.88735,25.11429,25.4736,25.98421,26.3057,27.95099,28.87765,30.31491,31.99802,34.60779,36.17744,37.14191,37.70926,38.37115,38.59809,38.67373,38.67373,38.50353,38.23877,38.10639,38.54136,38.4468,37.63361,37.93619,37.89837,37.46341,37.16083,36.65022,36.82042,36.80151,37.06627,36.91498,36.91498,36.99062,36.91498,37.14191,36.76369,37.23647,37.40667,36.87716,36.72586,36.70695,36.80151,36.82042,36.89607,36.85824,36.99062,37.10409,37.40667,38.06857,38.46571,38.95741,38.95741,38.80611,38.52244,38.69265,38.63591,37.93619,37.29321,37.27429,37.27429,37.21756,36.82042,35.89376,36.1207,35.09949,34.83473,34.19174,33.20835,32.69774,31.58197,30.93899,29.9556,29.1235,28.53724,27.9699,27.44039,False,False,False,False,False,False,False,False,False,False,False,False,False,False,False,False,True,False,False,False,False,False,False,False,False,False,False,False,False,False,False,False,False,False,False,False,False,False,False,False,False,False,False,False,False,False,False,False,False,False,False,False,False,False,False,False,False,False,False,False,False,False,False,False,False,False,False,False,False,False,False,False,False,False,False,False,False,False,False,False,False,False,False,False,False,False,False,False,False,False,False,False,False,False,False,False,False,False,False,False,False,False,False,False,False,False,False,False,False,False,False,False,False,False,False,False,False,False,False,False,False,False,False,False,False,False,False,False,False,False,False,False,False,False,False,False,False,False,False,False,False,False,False,False,False,False,False,False,False,False,False,False,False,False,False,False,False,False,False,False,False,False,False,False,False,False,False,False,False,False,False,False,False,False,False,False,False,False,False,False,False,False,False,False,False,False,False,False,False,False,False,False,False,False,False,False,False,False,False,False,False,False,False,False,False,False,False,False,False,False,False,False,False,False,False,False,False,False,False,False,False,False,False,False,False,False,False,False,False,False,False,False,False,False,False,False,False,False,False,False,False,False,False,False,False,False,False,False,False,False,False,False,False,False,False,False,False,False,False,False,False,False,False,False,False,False,False,False,False,False,False,False,False,False,False,False,False,False,False,False,False,False,False,False,False,False,False,False,False,False,False,False,False,False,False,False,False,False,False,False,False,False,False,False,False,False,False,False,False,False,False,False,False,False,False,False,False,False,False,False,False,False,False,False,False,False,False,False,False,False,False,False,False,False,False,False,False,False,False,False,False,False,False,False,False,False,False,False,False,False,False,False,False,False,False,False,False,False,False,False
2019,27.06216,26.75958,26.57046,26.02203,26.02203,25.53034,25.34122,25.00082,24.56586,24.54695,24.49021,24.49021,24.49021,24.49021,24.49021,24.49021,23.88505,24.33892,24.54695,24.54695,25.09538,25.32231,25.9653,26.43808,28.17793,29.33152,30.52294,32.20605,34.30521,35.51554,36.34764,37.29321,38.21986,38.12531,38.16313,38.16313,37.86055,37.29321,36.40437,36.63131,36.63131,36.68804,37.17974,37.21756,36.99062,36.85824,36.83933,37.6147,37.123,36.59349,36.19635,35.85594,36.59349,36.44219,36.1207,35.81812,36.30981,35.87485,35.68574,35.72356,35.74247,35.74247,35.64792,35.79921,35.62901,35.68574,35.7803,36.49893,37.27429,38.12531,38.08748,38.35224,37.74708,38.16313,38.04966,38.01184,37.36885,37.19865,37.25538,37.14191,36.76369,36.44219,36.02614,35.55336,35.1184,34.68344,33.90807,33.284,32.4519,31.35504,30.73096,30.05015,29.19914,28.99112,28.14011,27.78079,False,False,False,False,False,False,False,False,False,False,False,False,False,False,False,False,False,False,False,False,False,False,False,False,False,False,False,False,True,False,False,False,False,False,False,False,False,False,False,False,False,False,False,False,False,False,False,False,False,False,False,False,False,False,False,False,False,False,False,False,False,False,False,False,False,False,False,False,False,False,False,False,False,False,False,False,False,False,False,False,False,False,False,False,False,False,False,False,False,False,False,False,False,False,False,False,False,False,False,False,False,False,False,False,False,False,False,False,False,False,False,False,False,False,False,False,False,False,False,False,False,False,False,False,False,False,False,False,False,False,False,False,False,False,False,False,False,False,False,False,False,False,False,False,False,False,False,False,False,False,False,False,False,False,False,False,False,False,False,False,False,False,False,False,False,False,False,False,False,False,False,False,False,False,False,False,False,False,False,False,False,False,False,False,False,False,False,False,False,False,False,False,False,False,False,False,False,False,False,False,False,False,False,False,False,False,False,False,False,False,False,False,False,False,False,False,False,False,False,False,False,False,False,False,False,False,False,False,False,False,False,False,False,False,False,False,False,False,False,False,False,False,False,False,False,False,False,False,False,False,False,False,False,False,False,False,False,False,False,False,False,False,False,False,False,False,False,False,False,False,False,False,False,False,False,False,False,False,False,False,False,False,False,False,False,False,False,False,False,False,False,False,False,False,False,False,False,False,False,False,False,False,False,False,False,False,False,False,False,False,False,False,False,False,False,False,False,False,False,False,False,False,False,False,False,False,False,False,False,False,False,False,False,False,False,False,False,False,False,False,False,False,False,False,False,False,False,False,False,False,False,False,False,False,False,False,False,False,False,False
2019,26.94869,26.58937,26.02203,25.9653,25.88965,25.17102,25.17102,25.17102,25.17102,24.90626,24.49021,24.49021,24.49021,24.49021,24.49021,24.49021,24.49021,24.49021,24.49021,24.49021,25.18993,25.92748,26.07877,26.74067,28.21575,29.21805,30.33382,31.44959,33.90807,35.13731,35.61009,36.34764,37.02845,37.10409,37.08518,37.04736,36.97171,36.87716,36.74478,36.74478,36.74478,36.74478,36.74478,36.49893,36.2909,35.98832,36.27199,36.02614,36.08288,35.83703,36.13961,36.85824,36.83933,36.76369,36.70695,36.53675,36.80151,36.17744,36.00723,36.10179,35.9505,36.04506,36.13961,36.21526,36.25308,36.02614,35.93159,36.57457,37.10409,37.7849,38.42789,38.14422,37.74708,37.57688,37.63361,37.59579,37.48232,36.85824,36.48002,36.48002,36.17744,36.08288,36.06397,35.40207,35.34534,34.34303,33.92698,33.51093,32.88686,32.09258,30.9579,29.91777,29.25588,28.48051,27.95099,27.32692,False,False,False,False,False,False,False,False,False,False,False,False,False,False,False,False,False,False,False,False,False,False,False,False,False,False,False,False,False,False,False,False,False,False,False,False,False,False,False,False,True,False,False,False,False,False,False,False,False,False,False,False,False,False,False,False,False,False,False,False,False,False,False,False,False,False,False,False,False,False,False,False,False,False,False,False,False,False,False,False,False,False,False,False,False,False,False,False,False,False,False,False,False,False,False,False,False,False,False,False,False,False,False,False,False,False,False,False,False,False,False,False,False,False,False,False,False,False,False,False,False,False,False,False,False,False,False,False,False,False,False,False,False,False,False,False,False,False,False,False,False,False,False,False,False,False,False,False,False,False,False,False,False,False,False,False,False,False,False,False,False,False,False,False,False,False,False,False,False,False,False,False,False,False,False,False,False,False,False,False,False,False,False,False,False,False,False,False,False,False,False,False,False,False,False,False,False,False,False,False,False,False,False,False,False,False,False,False,False,False,False,False,False,False,False,False,False,False,False,False,False,False,False,False,False,False,False,False,False,False,False,False,False,False,False,False,False,False,False,False,False,False,False,False,False,False,False,False,False,False,False,False,False,False,False,False,False,False,False,False,False,False,False,False,False,False,False,False,False,False,False,False,False,False,False,False,False,False,False,False,False,False,False,False,False,False,False,False,False,False,False,False,False,False,False,False,False,False,False,False,False,False,False,False,False,False,False,False,False,False,False,False,False,False,False,False,False,False,False,False,False,False,False,False,False,False,False,False,False,False,False,False,False,False,False,False,False,False,False,False,False,False,False,False,False,False,False,False,False,False,False,False,False,False,False,False,False,False,False,False
2019,26.75958,26.19224,26.07877,26.07877,25.58707,25.34122,25.11429,24.39566,24.39566,24.39566,24.39566,24.39566,23.90396,23.77158,23.77158,23.77158,23.82832,24.18763,24.05525,23.65811,24.18763,24.56586,25.18993,25.90857,27.36474,28.72636,29.84213,30.84443,32.94359,34.19174,35.02384,35.96941,36.57457,36.57457,36.17744,36.19635,36.36655,36.30981,36.32873,36.34764,35.81812,35.79921,36.00723,36.15852,36.1207,36.2909,36.13961,36.17744,36.34764,36.42328,36.30981,36.13961,36.27199,37.04736,37.17974,36.65022,36.59349,36.6124,36.74478,36.57457,36.49893,36.30981,36.46111,36.40437,36.2909,36.30981,36.42328,36.42328,36.36655,36.87716,37.23647,37.04736,36.17744,35.70465,35.66683,35.72356,34.91037,34.58888,34.58888,34.13501,34.05936,33.87025,33.73787,33.43529,33.20835,32.65992,32.1304,31.94129,31.35504,30.59858,29.99342,29.01003,28.4616,27.64841,27.59168,27.00542,False,False,False,False,False,False,False,False,False,False,False,False,False,False,False,False,False,False,False,False,False,False,False,False,False,False,False,False,False,False,False,False,False,False,False,False,False,False,False,False,False,False,False,False,False,False,False,False,False,False,False,False,True,False,False,False,False,False,False,False,False,False,False,False,False,False,False,False,False,False,False,False,False,False,False,False,False,False,False,False,False,False,False,False,False,False,False,False,False,False,False,False,False,False,False,False,False,False,False,False,False,False,False,False,False,False,False,False,False,False,False,False,False,False,False,False,False,False,False,False,False,False,False,False,False,False,False,False,False,False,False,False,False,False,False,False,False,False,False,False,False,False,False,False,False,False,False,False,False,False,False,False,False,False,False,False,False,False,False,False,False,False,False,False,False,False,False,False,False,False,False,False,False,False,False,False,False,False,False,False,False,False,False,False,False,False,False,False,False,False,False,False,False,False,False,False,False,False,False,False,False,False,False,False,False,False,False,False,False,False,False,False,False,False,False,False,False,False,False,False,False,False,False,False,False,False,False,False,False,False,False,False,False,False,False,False,False,False,False,False,False,False,False,False,False,False,False,False,False,False,False,False,False,False,False,False,False,False,False,False,False,False,False,False,False,False,False,False,False,False,False,False,False,False,False,False,False,False,False,False,False,False,False,False,False,False,False,False,False,False,False,False,False,False,False,False,False,False,False,False,False,False,False,False,False,False,False,False,False,False,False,False,False,False,False,False,False,False,False,False,False,False,False,False,False,False,False,False,False,False,False,False,False,False,False,False,False,False,False,False,False,False,False,False,False,False,False,False,False,False,False,False,False,False,False,False,False,False,False,False
2019,26.32462,26.21115,26.02203,25.18993,24.67933,24.39566,23.94178,23.94178,23.94178,23.26097,23.84723,23.20424,23.20424,23.20424,23.20424,23.20424,23.09077,23.20424,23.82832,23.82832,23.82832,23.82832,24.45239,25.00082,26.24897,27.00542,28.06446,29.21805,30.44729,31.77109,32.50863,33.00033,33.51093,33.87025,34.17283,34.21065,34.64561,34.66453,34.89146,35.08058,35.72356,35.81812,35.74247,35.79921,36.44219,36.59349,36.48002,36.44219,36.44219,36.23417,36.93389,36.53675,36.68804,36.59349,36.83933,36.57457,36.74478,36.80151,36.48002,36.34764,36.13961,35.96941,35.61009,35.23187,35.21296,35.21296,35.36425,35.26969,35.47771,36.1207,36.1207,36.1207,35.42098,34.91037,34.36194,34.53215,34.02154,33.68114,33.68114,33.68114,33.4542,33.39746,33.11379,33.03815,32.67883,32.20605,31.97911,31.43068,30.93899,30.27709,29.80431,29.42608,28.91547,28.65071,28.00773,27.72406,False,False,False,False,False,False,False,False,False,False,False,False,False,False,False,False,False,False,False,False,False,False,False,False,False,False,False,False,False,False,False,False,False,False,False,False,False,False,False,False,False,False,False,False,False,False,False,False,False,False,False,False,False,False,False,False,False,False,False,False,False,False,False,False,True,False,False,False,False,False,False,False,False,False,False,False,False,False,False,False,False,False,False,False,False,False,False,False,False,False,False,False,False,False,False,False,False,False,False,False,False,False,False,False,False,False,False,False,False,False,False,False,False,False,False,False,False,False,False,False,False,False,False,False,False,False,False,False,False,False,False,False,False,False,False,False,False,False,False,False,False,False,False,False,False,False,False,False,False,False,False,False,False,False,False,False,False,False,False,False,False,False,False,False,False,False,False,False,False,False,False,False,False,False,False,False,False,False,False,False,False,False,False,False,False,False,False,False,False,False,False,False,False,False,False,False,False,False,False,False,False,False,False,False,False,False,False,False,False,False,False,False,False,False,False,False,False,False,False,False,False,False,False,False,False,False,False,False,False,False,False,False,False,False,False,False,False,False,False,False,False,False,False,False,False,False,False,False,False,False,False,False,False,False,False,False,False,False,False,False,False,False,False,False,False,False,False,False,False,False,False,False,False,False,False,False,False,False,False,False,False,False,False,False,False,False,False,False,False,False,False,False,False,False,False,False,False,False,False,False,False,False,False,False,False,False,False,False,False,False,False,False,False,False,False,False,False,False,False,False,False,False,False,False,False,False,False,False,False,False,False,False,False,False,False,False,False,False,False,False,False,False,False,False,False,False,False,False,False,False,False,False,False,False,False,False,False,False,False,False
2019,27.25127,26.58937,26.26788,25.85183,25.85183,25.22776,25.03864,24.4713,24.37675,24.37675,24.32001,23.75267,23.75267,23.75267,23.75267,23.75267,23.75267,23.75267,23.75267,23.75267,23.75267,23.75267,23.90396,24.56586,25.32231,25.68163,26.19224,26.47591,27.19454,27.72406,28.38595,28.53724,28.6318,28.93438,29.31261,29.69084,30.42838,30.73096,30.99572,30.86334,31.03354,31.56306,31.39286,31.56306,31.77109,31.69544,31.65762,31.60089,31.41177,31.35504,31.43068,31.44959,31.39286,31.75218,31.58197,31.80891,31.97911,32.37625,32.37625,32.50863,32.47081,32.43299,32.11149,32.60319,32.56536,32.56536,33.20835,33.96481,34.30521,35.17513,35.81812,35.81812,35.72356,35.83703,35.57227,35.40207,35.40207,35.25078,34.85364,34.98602,34.6267,34.34303,34.17283,33.94589,33.77569,33.4542,33.17053,32.90577,32.4519,32.28169,31.75218,31.27939,30.39056,30.08798,29.53955,29.25588,False,False,False,False,False,False,False,False,False,False,False,False,False,False,False,False,False,False,False,False,False,False,False,False,False,False,False,False,False,False,False,False,False,False,False,False,False,False,False,False,False,False,False,False,False,False,False,False,False,False,False,False,False,False,False,False,False,False,False,False,False,False,False,False,False,False,False,False,False,False,False,False,False,False,False,False,True,False,False,False,False,False,False,False,False,False,False,False,False,False,False,False,False,False,False,False,False,False,False,False,False,False,False,False,False,False,False,False,False,False,False,False,False,False,False,False,False,False,False,False,False,False,False,False,False,False,False,False,False,False,False,False,False,False,False,False,False,False,False,False,False,False,False,False,False,False,False,False,False,False,False,False,False,False,False,False,False,False,False,False,False,False,False,False,False,False,False,False,False,False,False,False,False,False,False,False,False,False,False,False,False,False,False,False,False,False,False,False,False,False,False,False,False,False,False,False,False,False,False,False,False,False,False,False,False,False,False,False,False,False,False,False,False,False,False,False,False,False,False,False,False,False,False,False,False,False,False,False,False,False,False,False,False,False,False,False,False,False,False,False,False,False,False,False,False,False,False,False,False,False,False,False,False,False,False,False,False,False,False,False,False,False,False,False,False,False,False,False,False,False,False,False,False,False,False,False,False,False,False,False,False,False,False,False,False,False,False,False,False,False,False,False,False,False,False,False,False,False,False,False,False,False,False,False,False,False,False,False,False,False,False,False,False,False,False,False,False,False,False,False,False,False,False,False,False,False,False,False,False,False,False,False,False,False,False,False,False,False,False,False,False,False,False,False,False,False,False,False,False,False,False,False,False,False,False,False,False,False,False,False
2019,28.6318,28.19684,27.91317,27.25127,26.77849,26.05986,25.58707,25.09538,24.94409,24.94409,24.28219,24.4713,24.49021,24.45239,24.09307,24.09307,24.09307,24.03634,23.88505,24.32001,24.37675,24.49021,24.56586,25.24667,25.36014,25.53034,25.87074,26.98651,27.49712,27.68623,27.85644,28.15902,28.48051,28.51833,28.85874,29.2937,29.93669,29.76648,29.91777,29.82322,29.99342,30.42838,30.4662,30.61749,30.61749,30.74987,30.44729,30.69314,30.82552,30.88225,31.03354,31.10919,31.07137,31.01463,30.76879,30.59858,30.76879,31.03354,30.86334,30.86334,30.76879,31.05246,31.26048,31.2983,31.22266,31.92238,32.22496,33.07597,34.02154,34.56997,35.32642,36.1207,36.38546,36.36655,36.2909,36.30981,36.23417,36.10179,35.91268,35.55336,35.40207,35.21296,34.72126,34.36194,34.24848,33.4542,33.01924,32.24387,31.50633,30.84443,30.33382,29.65302,29.08567,28.55616,28.14011,27.47821,False,False,False,False,False,False,False,False,False,False,False,False,False,False,False,False,False,False,False,False,False,False,False,False,False,False,False,False,False,False,False,False,False,False,False,False,False,False,False,False,False,False,False,False,False,False,False,False,False,False,False,False,False,False,False,False,False,False,False,False,False,False,False,False,False,False,False,False,False,False,False,False,False,False,False,False,False,False,False,False,False,False,False,False,False,False,False,True,False,False,False,False,False,False,False,False,False,False,False,False,False,False,False,False,False,False,False,False,False,False,False,False,False,False,False,False,False,False,False,False,False,False,False,False,False,False,False,False,False,False,False,False,False,False,False,False,False,False,False,False,False,False,False,False,False,False,False,False,False,False,False,False,False,False,False,False,False,False,False,False,False,False,False,False,False,False,False,False,False,False,False,False,False,False,False,False,False,False,False,False,False,False,False,False,False,False,False,False,False,False,False,False,False,False,False,False,False,False,False,False,False,False,False,False,False,False,False,False,False,False,False,False,False,False,False,False,False,False,False,False,False,False,False,False,False,False,False,False,False,False,False,False,False,False,False,False,False,False,False,False,False,False,False,False,False,False,False,False,False,False,False,False,False,False,False,False,False,False,False,False,False,False,False,False,False,False,False,False,False,False,False,False,False,False,False,False,False,False,False,False,False,False,False,False,False,False,False,False,False,False,False,False,False,False,False,False,False,False,False,False,False,False,False,False,False,False,False,False,False,False,False,False,False,False,False,False,False,False,False,False,False,False,False,False,False,False,False,False,False,False,False,False,False,False,False,False,False,False,False,False,False,False,False,False,False,False,False,False,False,False,False,False,False,False,False,False,False,False,False,False
2019,26.91087,26.32462,26.15441,25.68163,25.4736,25.4736,24.86844,24.60368,24.14981,23.97961,23.97961,23.97961,23.97961,23.97961,23.97961,23.97961,23.97961,24.03634,24.37675,24.83062,24.83062,24.98191,25.45469,26.11659,27.34583,28.49942,29.87995,31.10919,33.24617,34.66453,35.4588,36.17744,36.89607,37.00953,36.85824,36.7826,36.89607,36.7826,36.83933,37.21756,36.55566,36.48002,36.48002,36.34764,36.59349,36.49893,36.30981,35.96941,36.06397,36.15852,36.48002,36.38546,36.19635,36.32873,36.40437,36.23417,36.32873,36.10179,36.08288,35.7803,35.51554,35.49663,35.36425,35.1184,35.51554,35.61009,35.98832,36.19635,36.87716,37.6147,38.20095,38.25768,37.67143,37.63361,37.4445,37.48232,36.80151,36.63131,36.63131,36.10179,36.08288,35.70465,35.2886,35.02384,34.74017,34.26739,33.71896,32.98141,32.24387,31.37395,30.50403,29.57737,28.93438,28.19684,28.00773,27.15672,False,False,False,False,False,False,False,False,False,False,False,False,False,False,False,False,False,False,False,False,False,False,False,False,False,False,False,False,False,False,False,False,False,False,False,False,False,False,False,False,False,False,False,False,False,False,False,False,False,False,False,False,False,False,False,False,False,False,False,False,False,False,False,False,False,False,False,False,False,False,False,False,False,False,False,False,False,False,False,False,False,False,False,False,False,False,False,False,False,False,False,False,False,False,False,False,False,False,False,True,False,False,False,False,False,False,False,False,False,False,False,False,False,False,False,False,False,False,False,False,False,False,False,False,False,False,False,False,False,False,False,False,False,False,False,False,False,False,False,False,False,False,False,False,False,False,False,False,False,False,False,False,False,False,False,False,False,False,False,False,False,False,False,False,False,False,False,False,False,False,False,False,False,False,False,False,False,False,False,False,False,False,False,False,False,False,False,False,False,False,False,False,False,False,False,False,False,False,False,False,False,False,False,False,False,False,False,False,False,False,False,False,False,False,False,False,False,False,False,False,False,False,False,False,False,False,False,False,False,False,False,False,False,False,False,False,False,False,False,False,False,False,False,False,False,False,False,False,False,False,False,False,False,False,False,False,False,False,False,False,False,False,False,False,False,False,False,False,False,False,False,False,False,False,False,False,False,False,False,False,False,False,False,False,False,False,False,False,False,False,False,False,False,False,False,False,False,False,False,False,False,False,False,False,False,False,False,False,False,False,False,False,False,False,False,False,False,False,False,False,False,False,False,False,False,False,False,False,False,False,False,False,False,False,False,False,False,False,False,False,False,False,False,False,False,False,False,False,False,False,False,False,False,False,False,False,False,False,False,False
2019,26.64611,26.34353,25.87074,25.7951,25.18993,25.18993,24.66042,24.50912,24.50912,24.50912,24.50912,24.50912,23.99852,24.09307,23.86614,23.9607,23.88505,24.24437,24.39566,24.39566,24.56586,25.28449,25.9653,26.57046,27.93208,29.36934,30.42838,31.52524,34.38086,35.57227,36.80151,37.86055,38.14422,38.23877,38.33333,37.86055,37.86055,37.52014,37.27429,37.04736,37.00953,37.04736,36.91498,36.76369,36.6124,36.21526,36.23417,36.48002,36.6124,36.27199,36.21526,36.19635,36.08288,35.74247,35.7803,35.83703,35.98832,35.62901,35.64792,35.61009,35.59118,35.36425,35.72356,35.30751,35.43989,35.57227,36.02614,36.76369,37.65252,38.16313,38.65482,38.40898,38.20095,38.35224,38.14422,38.35224,37.87946,37.4445,37.4445,37.4445,36.93389,36.63131,36.63131,36.21526,35.72356,35.21296,34.32412,33.75678,32.94359,32.28169,31.09028,30.16362,29.36934,28.49942,28.02664,27.72406,False,False,False,False,False,False,False,False,False,False,False,False,False,False,False,False,False,False,False,False,False,False,False,False,False,False,False,False,False,False,False,False,False,False,False,False,False,False,False,False,False,False,False,False,False,False,False,False,False,False,False,False,False,False,False,False,False,False,False,False,False,False,False,False,False,False,False,False,False,False,False,False,False,False,False,False,False,False,False,False,False,False,False,False,False,False,False,False,False,False,False,False,False,False,False,False,False,False,False,False,False,False,False,False,False,False,False,False,False,False,False,True,False,False,False,False,False,False,False,False,False,False,False,False,False,False,False,False,False,False,False,False,False,False,False,False,False,False,False,False,False,False,False,False,False,False,False,False,False,False,False,False,False,False,False,False,False,False,False,False,False,False,False,False,False,False,False,False,False,False,False,False,False,False,False,False,False,False,False,False,False,False,False,False,False,False,False,False,False,False,False,False,False,False,False,False,False,False,False,False,False,False,False,False,False,False,False,False,False,False,False,False,False,False,False,False,False,False,False,False,False,False,False,False,False,False,False,False,False,False,False,False,False,False,False,False,False,False,False,False,False,False,False,False,False,False,False,False,False,False,False,False,False,False,False,False,False,False,False,False,False,False,False,False,False,False,False,False,False,False,False,False,False,False,False,False,False,False,False,False,False,False,False,False,False,False,False,False,False,False,False,False,False,False,False,False,False,False,False,False,False,False,False,False,False,False,False,False,False,False,False,False,False,False,False,False,False,False,False,False,False,False,False,False,False,False,False,False,False,False,False,False,False,False,False,False,False,False,False,False,False,False,False,False,False,False,False,False,False,False,False,False,False,False,False,False,False,False,False,False
2019,26.98651,26.58937,26.09768,25.66272,25.6249,24.98191,25.01973,24.58477,24.60368,24.37675,24.37675,24.37675,24.37675,24.37675,24.37675,24.37675,24.28219,24.28219,24.28219,24.84953,25.3034,25.90857,26.77849,26.9676,28.15902,29.4639,30.59858,31.69544,34.34303,35.70465,36.51784,37.29321,37.80381,37.87946,37.70926,37.55796,37.89837,37.63361,37.57688,37.40667,37.46341,37.29321,37.04736,37.06627,36.7826,36.97171,36.80151,36.7826,36.83933,36.59349,36.49893,36.17744,36.1207,36.19635,36.51784,36.38546,36.53675,35.98832,35.98832,36.08288,36.25308,35.85594,36.00723,35.79921,36.00723,36.42328,36.6124,37.23647,38.04966,38.69265,38.95741,39.07087,38.2766,38.50353,38.35224,38.67373,37.82272,37.38776,37.31212,37.38776,37.123,36.68804,36.00723,35.96941,35.9505,35.34534,34.64561,33.88916,33.15162,32.28169,31.20375,30.35274,29.38826,29.06676,28.49942,27.7997,False,False,False,False,False,False,False,False,False,False,False,False,False,False,False,False,False,False,False,False,False,False,False,False,False,False,False,False,False,False,False,False,False,False,False,False,False,False,False,False,False,False,False,False,False,False,False,False,False,False,False,False,False,False,False,False,False,False,False,False,False,False,False,False,False,False,False,False,False,False,False,False,False,False,False,False,False,False,False,False,False,False,False,False,False,False,False,False,False,False,False,False,False,False,False,False,False,False,False,False,False,False,False,False,False,False,False,False,False,False,False,False,False,False,False,False,False,False,False,False,False,False,False,True,False,False,False,False,False,False,False,False,False,False,False,False,False,False,False,False,False,False,False,False,False,False,False,False,False,False,False,False,False,False,False,False,False,False,False,False,False,False,False,False,False,False,False,False,False,False,False,False,False,False,False,False,False,False,False,False,False,False,False,False,False,False,False,False,False,False,False,False,False,False,False,False,False,False,False,False,False,False,False,False,False,False,False,False,False,False,False,False,False,False,False,False,False,False,False,False,False,False,False,False,False,False,False,False,False,False,False,False,False,False,False,False,False,False,False,False,False,False,False,False,False,False,False,False,False,False,False,False,False,False,False,False,False,False,False,False,False,False,False,False,False,False,False,False,False,False,False,False,False,False,False,False,False,False,False,False,False,False,False,False,False,False,False,False,False,False,False,False,False,False,False,False,False,False,False,False,False,False,False,False,False,False,False,False,False,False,False,False,False,False,False,False,False,False,False,False,False,False,False,False,False,False,False,False,False,False,False,False,False,False,False,False,False,False,False,False,False,False,False,False,False,False,False,False,False,False,False,False,False,False,False,False,False,False,False,False
2019,27.34583,27.04325,26.49482,26.43808,26.3057,25.68163,25.54925,25.05755,25.17102,25.00082,24.77388,24.77388,24.18763,24.14981,24.14981,24.4713,24.56586,24.90626,24.90626,25.1332,25.56816,25.87074,26.49482,27.17563,28.19684,29.33152,30.4662,31.92238,34.2863,35.68574,36.99062,37.48232,38.16313,38.04966,37.91728,38.10639,38.37115,38.29551,38.33333,37.91728,38.01184,37.91728,37.87946,37.7849,37.63361,37.53905,37.34994,37.27429,37.00953,36.83933,36.76369,36.49893,36.40437,36.40437,36.00723,36.30981,37.00953,36.83933,36.63131,36.74478,36.63131,36.66913,36.57457,36.38546,36.49893,36.91498,37.02845,37.59579,37.76599,38.4468,38.95741,39.2789,38.50353,38.2766,38.23877,38.37115,37.84163,37.25538,37.14191,37.21756,37.08518,37.08518,36.70695,36.57457,36.48002,35.85594,35.40207,35.00493,34.15392,33.30291,32.67883,31.60089,30.76879,30.23927,29.50172,29.23697,False,False,False,False,False,False,False,False,False,False,False,False,False,False,False,False,False,False,False,False,False,False,False,False,False,False,False,False,False,False,False,False,False,False,False,False,False,False,False,False,False,False,False,False,False,False,False,False,False,False,False,False,False,False,False,False,False,False,False,False,False,False,False,False,False,False,False,False,False,False,False,False,False,False,False,False,False,False,False,False,False,False,False,False,False,False,False,False,False,False,False,False,False,False,False,False,False,False,False,False,False,False,False,False,False,False,False,False,False,False,False,False,False,False,False,False,False,False,False,False,False,False,False,False,False,False,False,False,False,False,False,False,False,False,False,True,False,False,False,False,False,False,False,False,False,False,False,False,False,False,False,False,False,False,False,False,False,False,False,False,False,False,False,False,False,False,False,False,False,False,False,False,False,False,False,False,False,False,False,False,False,False,False,False,False,False,False,False,False,False,False,False,False,False,False,False,False,False,False,False,False,False,False,False,False,False,False,False,False,False,False,False,False,False,False,False,False,False,False,False,False,False,False,False,False,False,False,False,False,False,False,False,False,False,False,False,False,False,False,False,False,False,False,False,False,False,False,False,False,False,False,False,False,False,False,False,False,False,False,False,False,False,False,False,False,False,False,False,False,False,False,False,False,False,False,False,False,False,False,False,False,False,False,False,False,False,False,False,False,False,False,False,False,False,False,False,False,False,False,False,False,False,False,False,False,False,False,False,False,False,False,False,False,False,False,False,False,False,False,False,False,False,False,False,False,False,False,False,False,False,False,False,False,False,False,False,False,False,False,False,False,False,False,False,False,False,False,False,False,False,False,False,False,False,False,False,False,False,False,False
2019,28.6318,27.89426,27.2891,27.17563,26.58937,26.07877,25.7951,25.7951,25.36014,25.11429,25.11429,25.11429,25.11429,25.11429,25.11429,25.11429,24.6415,24.62259,24.62259,24.62259,25.85183,25.87074,26.68393,27.42147,28.48051,29.69084,31.33613,32.24387,34.91037,36.21526,37.38776,38.08748,38.56027,38.76829,38.69265,38.67373,38.69265,38.80611,38.46571,38.03075,38.50353,38.59809,38.40898,38.39006,37.9551,37.46341,37.6147,37.59579,37.53905,37.40667,37.14191,36.87716,36.74478,36.74478,36.76369,36.68804,36.53675,36.17744,36.19635,35.91268,36.21526,36.19635,36.32873,36.15852,36.65022,36.93389,36.72586,37.04736,37.53905,38.06857,38.76829,38.97632,38.42789,38.71156,38.67373,38.56027,38.03075,37.69034,37.7849,37.70926,37.33103,37.33103,37.00953,36.82042,36.25308,36.10179,35.42098,35.04275,34.51324,33.75678,33.22726,32.6221,31.86564,31.54415,30.63641,30.05015,False,False,False,False,False,False,False,False,False,False,False,False,False,False,False,False,False,False,False,False,False,False,False,False,False,False,False,False,False,False,False,False,False,False,False,False,False,False,False,False,False,False,False,False,False,False,False,False,False,False,False,False,False,False,False,False,False,False,False,False,False,False,False,False,False,False,False,False,False,False,False,False,False,False,False,False,False,False,False,False,False,False,False,False,False,False,False,False,False,False,False,False,False,False,False,False,False,False,False,False,False,False,False,False,False,False,False,False,False,False,False,False,False,False,False,False,False,False,False,False,False,False,False,False,False,False,False,False,False,False,False,False,False,False,False,False,False,False,False,False,False,False,False,False,False,False,False,True,False,False,False,False,False,False,False,False,False,False,False,False,False,False,False,False,False,False,False,False,False,False,False,False,False,False,False,False,False,False,False,False,False,False,False,False,False,False,False,False,False,False,False,False,False,False,False,False,False,False,False,False,False,False,False,False,False,False,False,False,False,False,False,False,False,False,False,False,False,False,False,False,False,False,False,False,False,False,False,False,False,False,False,False,False,False,False,False,False,False,False,False,False,False,False,False,False,False,False,False,False,False,False,False,False,False,False,False,False,False,False,False,False,False,False,False,False,False,False,False,False,False,False,False,False,False,False,False,False,False,False,False,False,False,False,False,False,False,False,False,False,False,False,False,False,False,False,False,False,False,False,False,False,False,False,False,False,False,False,False,False,False,False,False,False,False,False,False,False,False,False,False,False,False,False,False,False,False,False,False,False,False,False,False,False,False,False,False,False,False,False,False,False,False,False,False,False,False,False,False,False,False,False,False,False,False,False,False,False,False,False,False
2019,29.67193,28.91547,28.2914,28.2914,27.7997,26.9676,26.89196,26.26788,26.19224,26.19224,25.58707,25.22776,25.22776,25.22776,25.22776,25.22776,24.963,24.94409,24.94409,24.94409,24.94409,25.70054,25.92748,26.19224,26.6272,26.68393,27.87535,27.91317,28.44269,29.42608,29.91777,30.22036,30.90117,31.37395,31.41177,31.77109,32.24387,32.11149,32.14931,32.03585,32.33843,32.47081,32.37625,32.48972,32.47081,32.83012,32.67883,32.47081,32.09258,32.03585,31.97911,31.82782,31.67653,31.69544,31.56306,31.99802,31.69544,31.58197,31.54415,31.48742,31.52524,31.31722,31.97911,31.84673,32.26278,32.64101,32.94359,33.56767,34.49432,35.40207,36.15852,36.63131,36.49893,36.53675,36.68804,36.76369,36.40437,36.34764,36.32873,35.89376,35.43989,35.70465,35.53445,35.4588,35.40207,34.83473,34.60779,34.32412,33.87025,33.41638,33.09488,32.50863,31.90347,31.35504,31.16592,30.25818,False,False,False,False,False,False,False,False,False,False,False,False,False,False,False,False,False,False,False,False,False,False,False,False,False,False,False,False,False,False,False,False,False,False,False,False,False,False,False,False,False,False,False,False,False,False,False,False,False,False,False,False,False,False,False,False,False,False,False,False,False,False,False,False,False,False,False,False,False,False,False,False,False,False,False,False,False,False,False,False,False,False,False,False,False,False,False,False,False,False,False,False,False,False,False,False,False,False,False,False,False,False,False,False,False,False,False,False,False,False,False,False,False,False,False,False,False,False,False,False,False,False,False,False,False,False,False,False,False,False,False,False,False,False,False,False,False,False,False,False,False,False,False,False,False,False,False,False,False,False,False,False,False,False,False,False,False,False,False,True,False,False,False,False,False,False,False,False,False,False,False,False,False,False,False,False,False,False,False,False,False,False,False,False,False,False,False,False,False,False,False,False,False,False,False,False,False,False,False,False,False,False,False,False,False,False,False,False,False,False,False,False,False,False,False,False,False,False,False,False,False,False,False,False,False,False,False,False,False,False,False,False,False,False,False,False,False,False,False,False,False,False,False,False,False,False,False,False,False,False,False,False,False,False,False,False,False,False,False,False,False,False,False,False,False,False,False,False,False,False,False,False,False,False,False,False,False,False,False,False,False,False,False,False,False,False,False,False,False,False,False,False,False,False,False,False,False,False,False,False,False,False,False,False,False,False,False,False,False,False,False,False,False,False,False,False,False,False,False,False,False,False,False,False,False,False,False,False,False,False,False,False,False,False,False,False,False,False,False,False,False,False,False,False,False,False,False,False,False,False,False,False,False,False,False,False,False,False,False,False
2019,29.76648,29.1235,28.68854,28.19684,27.66732,27.30801,27.00542,26.64611,26.38135,26.38135,26.32462,25.68163,25.68163,25.68163,25.56816,25.4736,24.84953,24.84953,24.84953,24.84953,24.963,25.54925,25.36014,25.7951,25.94639,26.19224,26.94869,27.30801,27.74297,28.48051,28.89656,29.27479,29.67193,29.89886,30.61749,30.99572,31.24157,31.41177,31.35504,31.69544,31.79,32.11149,32.20605,31.92238,31.71435,32.16823,32.16823,32.09258,32.01694,31.92238,31.75218,31.69544,31.90347,31.79,31.52524,31.67653,31.67653,31.54415,31.52524,31.50633,31.6198,31.63871,31.69544,31.84673,32.1304,32.37625,33.15162,33.60549,34.21065,35.19404,36.15852,36.46111,36.63131,37.25538,37.76599,37.76599,37.65252,37.27429,37.31212,37.19865,36.74478,36.68804,36.76369,36.34764,36.08288,35.7803,35.06166,34.77799,34.04045,32.98141,32.30061,31.24157,30.7877,30.23927,29.80431,29.19914,False,False,False,False,False,False,False,False,False,False,False,False,False,False,False,False,False,False,False,False,False,False,False,False,False,False,False,False,False,False,False,False,False,False,False,False,False,False,False,False,False,False,False,False,False,False,False,False,False,False,False,False,False,False,False,False,False,False,False,False,False,False,False,False,False,False,False,False,False,False,False,False,False,False,False,False,False,False,False,False,False,False,False,False,False,False,False,False,False,False,False,False,False,False,False,False,False,False,False,False,False,False,False,False,False,False,False,False,False,False,False,False,False,False,False,False,False,False,False,False,False,False,False,False,False,False,False,False,False,False,False,False,False,False,False,False,False,False,False,False,False,False,False,False,False,False,False,False,False,False,False,False,False,False,False,False,False,False,False,False,False,False,False,False,False,False,False,False,False,False,False,True,False,False,False,False,False,False,False,False,False,False,False,False,False,False,False,False,False,False,False,False,False,False,False,False,False,False,False,False,False,False,False,False,False,False,False,False,False,False,False,False,False,False,False,False,False,False,False,False,False,False,False,False,False,False,False,False,False,False,False,False,False,False,False,False,False,False,False,False,False,False,False,False,False,False,False,False,False,False,False,False,False,False,False,False,False,False,False,False,False,False,False,False,False,False,False,False,False,False,False,False,False,False,False,False,False,False,False,False,False,False,False,False,False,False,False,False,False,False,False,False,False,False,False,False,False,False,False,False,False,False,False,False,False,False,False,False,False,False,False,False,False,False,False,False,False,False,False,False,False,False,False,False,False,False,False,False,False,False,False,False,False,False,False,False,False,False,False,False,False,False,False,False,False,False,False,False,False,False,False,False,False,False,False,False,False,False,False,False
2019,28.82092,28.25357,27.78079,27.38365,27.38365,27.06216,26.72175,26.72175,26.40026,26.04095,26.04095,26.04095,26.04095,25.7951,25.41687,25.41687,25.41687,25.41687,25.6249,26.15441,26.15441,26.72175,27.40256,27.81861,29.33152,30.63641,32.4519,34.02154,36.57457,38.31442,39.50583,40.48923,41.09439,40.99983,40.79181,41.1133,40.86745,40.4514,40.111,40.16773,40.33793,40.2812,39.97862,39.71386,39.92188,39.50583,39.22216,39.08978,39.22216,38.82503,39.01414,38.617,38.50353,38.33333,38.2766,38.14422,38.01184,37.7849,37.84163,37.69034,37.52014,37.40667,37.38776,37.4445,37.46341,37.7849,37.87946,38.16313,39.16543,39.69495,39.88406,40.22447,39.65713,39.75168,40.01644,39.88406,38.97632,38.88176,38.74938,38.56027,38.40898,38.18204,37.65252,37.36885,36.76369,36.17744,35.7803,34.56997,34.05936,33.15162,32.39516,31.14701,30.40947,29.86104,29.01003,28.17793,False,False,False,False,False,False,False,False,False,False,False,False,False,False,False,False,False,False,False,False,False,False,False,False,False,False,False,False,False,False,False,False,False,False,False,False,False,False,False,False,False,False,False,False,False,False,False,False,False,False,False,False,False,False,False,False,False,False,False,False,False,False,False,False,False,False,False,False,False,False,False,False,False,False,False,False,False,False,False,False,False,False,False,False,False,False,False,False,False,False,False,False,False,False,False,False,False,False,False,False,False,False,False,False,False,False,False,False,False,False,False,False,False,False,False,False,False,False,False,False,False,False,False,False,False,False,False,False,False,False,False,False,False,False,False,False,False,False,False,False,False,False,False,False,False,False,False,False,False,False,False,False,False,False,False,False,False,False,False,False,False,False,False,False,False,False,False,False,False,False,False,False,False,False,False,False,False,False,False,False,False,False,False,True,False,False,False,False,False,False,False,False,False,False,False,False,False,False,False,False,False,False,False,False,False,False,False,False,False,False,False,False,False,False,False,False,False,False,False,False,False,False,False,False,False,False,False,False,False,False,False,False,False,False,False,False,False,False,False,False,False,False,False,False,False,False,False,False,False,False,False,False,False,False,False,False,False,False,False,False,False,False,False,False,False,False,False,False,False,False,False,False,False,False,False,False,False,False,False,False,False,False,False,False,False,False,False,False,False,False,False,False,False,False,False,False,False,False,False,False,False,False,False,False,False,False,False,False,False,False,False,False,False,False,False,False,False,False,False,False,False,False,False,False,False,False,False,False,False,False,False,False,False,False,False,False,False,False,False,False,False,False,False,False,False,False,False,False,False,False,False,False,False,False,False,False,False,False,False,False
2019,27.89426,27.6295,27.27018,26.87305,26.64611,25.98421,25.87074,25.85183,25.01973,25.01973,25.01973,25.01973,25.01973,25.01973,25.01973,24.963,24.67933,25.1332,25.24667,25.24667,25.54925,26.15441,26.47591,27.4593,28.6318,30.22036,31.48742,33.00033,35.19404,36.82042,37.50123,38.29551,38.57918,38.99523,38.74938,38.52244,38.7872,38.25768,37.6147,37.48232,37.6147,37.87946,37.46341,37.31212,36.85824,37.10409,37.65252,37.14191,37.34994,37.16083,37.21756,37.14191,37.21756,36.87716,36.82042,36.48002,36.74478,36.72586,36.63131,36.63131,36.51784,36.59349,36.70695,36.48002,36.27199,36.7826,36.65022,36.70695,37.27429,38.46571,39.05196,39.18434,38.57918,38.14422,38.21986,38.37115,38.01184,37.65252,37.52014,37.27429,37.59579,36.93389,36.59349,36.46111,35.89376,35.04275,34.38086,33.77569,33.15162,32.20605,31.35504,30.42838,29.97451,29.04785,28.59398,27.7997,False,False,False,False,False,False,False,False,False,False,False,False,False,False,False,False,False,False,False,False,False,False,False,False,False,False,False,False,False,False,False,False,False,False,False,False,False,False,False,False,False,False,False,False,False,False,False,False,False,False,False,False,False,False,False,False,False,False,False,False,False,False,False,False,False,False,False,False,False,False,False,False,False,False,False,False,False,False,False,False,False,False,False,False,False,False,False,False,False,False,False,False,False,False,False,False,False,False,False,False,False,False,False,False,False,False,False,False,False,False,False,False,False,False,False,False,False,False,False,False,False,False,False,False,False,False,False,False,False,False,False,False,False,False,False,False,False,False,False,False,False,False,False,False,False,False,False,False,False,False,False,False,False,False,False,False,False,False,False,False,False,False,False,False,False,False,False,False,False,False,False,False,False,False,False,False,False,False,False,False,False,False,False,False,False,False,False,False,False,False,False,False,False,False,False,True,False,False,False,False,False,False,False,False,False,False,False,False,False,False,False,False,False,False,False,False,False,False,False,False,False,False,False,False,False,False,False,False,False,False,False,False,False,False,False,False,False,False,False,False,False,False,False,False,False,False,False,False,False,False,False,False,False,False,False,False,False,False,False,False,False,False,False,False,False,False,False,False,False,False,False,False,False,False,False,False,False,False,False,False,False,False,False,False,False,False,False,False,False,False,False,False,False,False,False,False,False,False,False,False,False,False,False,False,False,False,False,False,False,False,False,False,False,False,False,False,False,False,False,False,False,False,False,False,False,False,False,False,False,False,False,False,False,False,False,False,False,False,False,False,False,False,False,False,False,False,False,False,False,False,False,False,False,False,False,False,False,False,False,False
2019,27.6295,27.1378,26.47591,26.34353,25.7951,25.7951,25.54925,25.17102,25.17102,24.90626,24.49021,24.49021,24.49021,24.49021,24.3011,24.49021,24.54695,24.54695,24.54695,24.60368,25.1332,25.41687,25.87074,26.64611,28.04555,29.01003,30.73096,31.88456,34.15392,35.32642,36.00723,36.72586,37.06627,37.16083,37.16083,37.08518,37.19865,36.9528,36.80151,36.6124,36.6124,36.87716,37.10409,36.93389,37.10409,36.99062,36.48002,36.97171,36.87716,36.46111,36.76369,36.70695,36.87716,36.87716,36.42328,36.74478,36.51784,36.57457,36.63131,36.38546,36.32873,36.42328,36.25308,36.48002,35.96941,36.19635,36.68804,36.68804,36.63131,37.57688,38.10639,38.21986,37.84163,38.16313,37.84163,37.7849,37.57688,37.14191,37.10409,36.7826,36.66913,36.48002,36.00723,35.89376,35.49663,35.26969,34.92929,34.38086,33.22726,32.28169,31.56306,30.56076,29.89886,29.18023,28.53724,28.10228,False,False,False,False,False,False,False,False,False,False,False,False,False,False,False,False,False,False,False,False,False,False,False,False,False,False,False,False,False,False,False,False,False,False,False,False,False,False,False,False,False,False,False,False,False,False,False,False,False,False,False,False,False,False,False,False,False,False,False,False,False,False,False,False,False,False,False,False,False,False,False,False,False,False,False,False,False,False,False,False,False,False,False,False,False,False,False,False,False,False,False,False,False,False,False,False,False,False,False,False,False,False,False,False,False,False,False,False,False,False,False,False,False,False,False,False,False,False,False,False,False,False,False,False,False,False,False,False,False,False,False,False,False,False,False,False,False,False,False,False,False,False,False,False,False,False,False,False,False,False,False,False,False,False,False,False,False,False,False,False,False,False,False,False,False,False,False,False,False,False,False,False,False,False,False,False,False,False,False,False,False,False,False,False,False,False,False,False,False,False,False,False,False,False,False,False,False,False,False,False,False,False,False,False,False,False,False,True,False,False,False,False,False,False,False,False,False,False,False,False,False,False,False,False,False,False,False,False,False,False,False,False,False,False,False,False,False,False,False,False,False,False,False,False,False,False,False,False,False,False,False,False,False,False,False,False,False,False,False,False,False,False,False,False,False,False,False,False,False,False,False,False,False,False,False,False,False,False,False,False,False,False,False,False,False,False,False,False,False,False,False,False,False,False,False,False,False,False,False,False,False,False,False,False,False,False,False,False,False,False,False,False,False,False,False,False,False,False,False,False,False,False,False,False,False,False,False,False,False,False,False,False,False,False,False,False,False,False,False,False,False,False,False,False,False,False,False,False,False,False,False,False,False,False,False,False,False,False,False,False
2019,27.55385,27.09998,26.43808,26.40026,25.98421,25.92748,25.4736,25.01973,25.01973,24.90626,24.73606,25.00082,25.00082,24.92517,24.22545,24.22545,24.39566,24.39566,24.6415,24.88735,25.1332,25.6249,26.11659,26.75958,28.06446,29.72866,31.20375,31.97911,34.74017,36.17744,36.55566,37.48232,37.87946,38.06857,38.06857,38.12531,38.18204,37.74708,37.36885,37.34994,37.29321,37.50123,37.48232,37.42558,37.23647,37.10409,37.00953,36.85824,36.80151,37.02845,36.93389,37.46341,36.87716,37.123,36.82042,36.82042,36.83933,36.6124,36.53675,36.53675,36.46111,36.63131,36.06397,35.9505,36.23417,36.17744,36.25308,36.97171,37.25538,37.93619,38.04966,38.25768,37.93619,37.74708,37.91728,37.89837,37.38776,37.04736,36.97171,36.7826,36.44219,36.53675,36.10179,35.85594,35.85594,35.42098,34.74017,34.24848,33.60549,32.84904,32.03585,31.20375,30.1258,29.9556,29.35043,28.42378,False,False,False,False,False,False,False,False,False,False,False,False,False,False,False,False,False,False,False,False,False,False,False,False,False,False,False,False,False,False,False,False,False,False,False,False,False,False,False,False,False,False,False,False,False,False,False,False,False,False,False,False,False,False,False,False,False,False,False,False,False,False,False,False,False,False,False,False,False,False,False,False,False,False,False,False,False,False,False,False,False,False,False,False,False,False,False,False,False,False,False,False,False,False,False,False,False,False,False,False,False,False,False,False,False,False,False,False,False,False,False,False,False,False,False,False,False,False,False,False,False,False,False,False,False,False,False,False,False,False,False,False,False,False,False,False,False,False,False,False,False,False,False,False,False,False,False,False,False,False,False,False,False,False,False,False,False,False,False,False,False,False,False,False,False,False,False,False,False,False,False,False,False,False,False,False,False,False,False,False,False,False,False,False,False,False,False,False,False,False,False,False,False,False,False,False,False,False,False,False,False,False,False,False,False,False,False,False,False,False,False,False,False,False,False,False,False,False,False,True,False,False,False,False,False,False,False,False,False,False,False,False,False,False,False,False,False,False,False,False,False,False,False,False,False,False,False,False,False,False,False,False,False,False,False,False,False,False,False,False,False,False,False,False,False,False,False,False,False,False,False,False,False,False,False,False,False,False,False,False,False,False,False,False,False,False,False,False,False,False,False,False,False,False,False,False,False,False,False,False,False,False,False,False,False,False,False,False,False,False,False,False,False,False,False,False,False,False,False,False,False,False,False,False,False,False,False,False,False,False,False,False,False,False,False,False,False,False,False,False,False,False,False,False,False,False,False,False,False,False,False,False,False,False,False,False,False,False,False,False
2019,27.7997,27.34583,26.89196,26.72175,26.49482,25.75727,25.75727,25.43578,25.00082,25.00082,25.00082,25.00082,24.33892,24.32001,24.32001,24.32001,24.20654,24.20654,24.33892,24.963,24.963,25.60598,26.04095,26.49482,27.89426,28.95329,29.87995,30.97681,33.15162,34.47541,34.75908,35.13731,36.06397,35.81812,35.91268,35.87485,36.10179,35.98832,36.02614,35.89376,35.62901,36.10179,36.17744,36.30981,36.87716,37.04736,36.55566,36.34764,36.2909,36.30981,36.1207,36.04506,35.91268,35.7803,35.68574,36.13961,36.19635,36.00723,35.62901,35.43989,35.61009,35.7803,35.7803,35.7803,35.7803,36.17744,36.51784,37.14191,37.93619,38.39006,39.16543,39.07087,38.42789,38.52244,38.35224,38.33333,37.93619,37.33103,37.123,37.16083,37.02845,36.82042,36.32873,35.96941,36.02614,35.79921,35.21296,34.66453,34.09719,33.30291,32.84904,32.1304,31.37395,30.92008,30.22036,29.72866,False,False,False,False,False,False,False,False,False,False,False,False,False,False,False,False,False,False,False,False,False,False,False,False,False,False,False,False,False,False,False,False,False,False,False,False,False,False,False,False,False,False,False,False,False,False,False,False,False,False,False,False,False,False,False,False,False,False,False,False,False,False,False,False,False,False,False,False,False,False,False,False,False,False,False,False,False,False,False,False,False,False,False,False,False,False,False,False,False,False,False,False,False,False,False,False,False,False,False,False,False,False,False,False,False,False,False,False,False,False,False,False,False,False,False,False,False,False,False,False,False,False,False,False,False,False,False,False,False,False,False,False,False,False,False,False,False,False,False,False,False,False,False,False,False,False,False,False,False,False,False,False,False,False,False,False,False,False,False,False,False,False,False,False,False,False,False,False,False,False,False,False,False,False,False,False,False,False,False,False,False,False,False,False,False,False,False,False,False,False,False,False,False,False,False,False,False,False,False,False,False,False,False,False,False,False,False,False,False,False,False,False,False,False,False,False,False,False,False,False,False,False,False,False,False,False,False,False,False,False,False,True,False,False,False,False,False,False,False,False,False,False,False,False,False,False,False,False,False,False,False,False,False,False,False,False,False,False,False,False,False,False,False,False,False,False,False,False,False,False,False,False,False,False,False,False,False,False,False,False,False,False,False,False,False,False,False,False,False,False,False,False,False,False,False,False,False,False,False,False,False,False,False,False,False,False,False,False,False,False,False,False,False,False,False,False,False,False,False,False,False,False,False,False,False,False,False,False,False,False,False,False,False,False,False,False,False,False,False,False,False,False,False,False,False,False,False,False,False,False,False,False,False,False,False,False,False,False,False,False
2019,29.10459,28.51833,28.21575,27.72406,27.06216,26.70284,26.32462,26.32462,25.77619,25.58707,25.58707,25.32231,24.88735,24.88735,24.88735,24.88735,24.60368,24.60368,24.60368,24.60368,24.60368,24.60368,24.71715,25.51143,25.87074,26.70284,26.83522,27.15672,27.87535,28.85874,29.02894,29.57737,29.9556,30.57967,30.69314,30.93899,30.92008,31.27939,31.65762,31.65762,31.92238,32.18714,32.1304,32.11149,32.05476,31.88456,32.05476,32.01694,31.99802,31.54415,31.60089,31.27939,31.80891,32.05476,32.03585,31.99802,31.99802,32.05476,31.44959,31.41177,31.41177,31.84673,32.26278,32.31952,32.31952,32.4519,32.83012,33.41638,34.13501,35.32642,36.2909,37.00953,36.93389,36.63131,36.87716,36.97171,36.6124,36.42328,36.10179,36.08288,36.08288,35.66683,35.34534,35.34534,35.34534,35.19404,34.81582,34.38086,34.38086,33.56767,33.07597,32.50863,32.03585,31.31722,30.92008,30.35274,False,False,False,False,False,False,False,False,False,False,False,False,False,False,False,False,False,False,False,False,False,False,False,False,False,False,False,False,False,False,False,False,False,False,False,False,False,False,False,False,False,False,False,False,False,False,False,False,False,False,False,False,False,False,False,False,False,False,False,False,False,False,False,False,False,False,False,False,False,False,False,False,False,False,False,False,False,False,False,False,False,False,False,False,False,False,False,False,False,False,False,False,False,False,False,False,False,False,False,False,False,False,False,False,False,False,False,False,False,False,False,False,False,False,False,False,False,False,False,False,False,False,False,False,False,False,False,False,False,False,False,False,False,False,False,False,False,False,False,False,False,False,False,False,False,False,False,False,False,False,False,False,False,False,False,False,False,False,False,False,False,False,False,False,False,False,False,False,False,False,False,False,False,False,False,False,False,False,False,False,False,False,False,False,False,False,False,False,False,False,False,False,False,False,False,False,False,False,False,False,False,False,False,False,False,False,False,False,False,False,False,False,False,False,False,False,False,False,False,False,False,False,False,False,False,False,False,False,False,False,False,False,False,False,False,False,False,False,False,False,False,False,False,True,False,False,False,False,False,False,False,False,False,False,False,False,False,False,False,False,False,False,False,False,False,False,False,False,False,False,False,False,False,False,False,False,False,False,False,False,False,False,False,False,False,False,False,False,False,False,False,False,False,False,False,False,False,False,False,False,False,False,False,False,False,False,False,False,False,False,False,False,False,False,False,False,False,False,False,False,False,False,False,False,False,False,False,False,False,False,False,False,False,False,False,False,False,False,False,False,False,False,False,False,False,False,False,False,False,False,False,False,False,False,False,False,False,False,False,False
2019,29.87995,29.1235,28.36704,28.25357,27.42147,27.19454,26.66502,26.457,26.41917,25.87074,25.81401,25.81401,25.53034,25.17102,25.17102,25.17102,25.17102,25.17102,25.17102,25.17102,25.17102,25.17102,25.4736,25.7951,26.26788,26.53264,26.77849,27.23236,27.66732,28.23466,28.97221,29.14241,29.50172,29.70975,30.01233,30.44729,30.65532,30.65532,30.59858,30.76879,31.41177,31.26048,31.24157,31.05246,31.24157,31.27939,31.20375,31.10919,31.09028,31.20375,30.9579,30.65532,30.99572,30.80661,30.61749,30.73096,30.73096,31.03354,30.99572,31.01463,30.93899,30.9579,31.24157,31.48742,31.73327,32.50863,32.56536,33.20835,34.36194,35.23187,36.00723,36.80151,36.83933,37.17974,36.70695,36.89607,36.48002,36.74478,36.74478,36.2909,36.13961,36.13961,35.62901,35.43989,35.00493,34.47541,33.92698,33.43529,32.50863,31.82782,30.99572,30.25818,29.61519,29.06676,28.78309,28.17793,False,False,False,False,False,False,False,False,False,False,False,False,False,False,False,False,False,False,False,False,False,False,False,False,False,False,False,False,False,False,False,False,False,False,False,False,False,False,False,False,False,False,False,False,False,False,False,False,False,False,False,False,False,False,False,False,False,False,False,False,False,False,False,False,False,False,False,False,False,False,False,False,False,False,False,False,False,False,False,False,False,False,False,False,False,False,False,False,False,False,False,False,False,False,False,False,False,False,False,False,False,False,False,False,False,False,False,False,False,False,False,False,False,False,False,False,False,False,False,False,False,False,False,False,False,False,False,False,False,False,False,False,False,False,False,False,False,False,False,False,False,False,False,False,False,False,False,False,False,False,False,False,False,False,False,False,False,False,False,False,False,False,False,False,False,False,False,False,False,False,False,False,False,False,False,False,False,False,False,False,False,False,False,False,False,False,False,False,False,False,False,False,False,False,False,False,False,False,False,False,False,False,False,False,False,False,False,False,False,False,False,False,False,False,False,False,False,False,False,False,False,False,False,False,False,False,False,False,False,False,False,False,False,False,False,False,False,False,False,False,False,False,False,False,False,False,False,False,False,False,False,False,False,False,False,True,False,False,False,False,False,False,False,False,False,False,False,False,False,False,False,False,False,False,False,False,False,False,False,False,False,False,False,False,False,False,False,False,False,False,False,False,False,False,False,False,False,False,False,False,False,False,False,False,False,False,False,False,False,False,False,False,False,False,False,False,False,False,False,False,False,False,False,False,False,False,False,False,False,False,False,False,False,False,False,False,False,False,False,False,False,False,False,False,False,False,False,False,False,False,False,False,False,False,False,False,False,False,False,False
2019,27.61059,27.09998,26.72175,26.1355,26.1355,25.92748,25.71945,25.41687,25.28449,25.28449,24.98191,24.56586,24.56586,24.56586,24.56586,24.56586,24.56586,25.24667,25.34122,25.34122,25.85183,26.11659,26.87305,27.34583,28.78309,30.08798,31.77109,33.17053,35.93159,37.80381,38.57918,39.29781,39.86515,39.75168,39.71386,39.71386,39.65713,39.60039,39.60039,39.01414,39.1087,38.95741,38.95741,38.7872,38.48462,38.37115,37.93619,37.6147,37.6147,37.59579,37.67143,37.70926,37.65252,37.31212,37.7849,37.50123,37.4445,36.87716,36.93389,36.87716,36.70695,36.76369,36.48002,36.51784,36.51784,36.42328,36.68804,37.00953,37.57688,38.25768,38.91958,39.18434,38.65482,38.56027,38.40898,38.65482,37.67143,37.55796,37.55796,37.55796,37.55796,37.23647,36.68804,36.34764,35.81812,35.57227,35.1184,34.07827,33.13271,32.26278,31.39286,30.52294,29.76648,29.25588,28.93438,28.36704,False,False,False,False,False,False,False,False,False,False,False,False,False,False,False,False,False,False,False,False,False,False,False,False,False,False,False,False,False,False,False,False,False,False,False,False,False,False,False,False,False,False,False,False,False,False,False,False,False,False,False,False,False,False,False,False,False,False,False,False,False,False,False,False,False,False,False,False,False,False,False,False,False,False,False,False,False,False,False,False,False,False,False,False,False,False,False,False,False,False,False,False,False,False,False,False,False,False,False,False,False,False,False,False,False,False,False,False,False,False,False,False,False,False,False,False,False,False,False,False,False,False,False,False,False,False,False,False,False,False,False,False,False,False,False,False,False,False,False,False,False,False,False,False,False,False,False,False,False,False,False,False,False,False,False,False,False,False,False,False,False,False,False,False,False,False,False,False,False,False,False,False,False,False,False,False,False,False,False,False,False,False,False,False,False,False,False,False,False,False,False,False,False,False,False,False,False,False,False,False,False,False,False,False,False,False,False,False,False,False,False,False,False,False,False,False,False,False,False,False,False,False,False,False,False,False,False,False,False,False,False,False,False,False,False,False,False,False,False,False,False,False,False,False,False,False,False,False,False,False,False,False,False,False,False,False,False,False,False,False,False,False,False,False,False,False,False,True,False,False,False,False,False,False,False,False,False,False,False,False,False,False,False,False,False,False,False,False,False,False,False,False,False,False,False,False,False,False,False,False,False,False,False,False,False,False,False,False,False,False,False,False,False,False,False,False,False,False,False,False,False,False,False,False,False,False,False,False,False,False,False,False,False,False,False,False,False,False,False,False,False,False,False,False,False,False,False,False,False,False,False,False,False,False,False,False,False,False,False,False
2019,27.57277,27.02434,26.91087,26.04095,26.17332,26.04095,25.81401,25.4736,25.4736,25.4736,25.22776,24.73606,24.67933,24.54695,24.58477,24.33892,24.28219,24.94409,24.58477,25.11429,25.11429,25.77619,26.23006,26.94869,28.40487,29.59628,30.7877,32.11149,34.75908,36.13961,36.51784,36.66913,37.34994,37.31212,36.76369,36.57457,36.87716,36.74478,36.38546,36.38546,36.40437,36.46111,36.46111,36.46111,36.87716,36.70695,36.38546,36.13961,36.63131,36.93389,36.93389,36.89607,36.6124,36.40437,36.23417,36.6124,36.48002,36.65022,36.72586,36.66913,36.89607,37.02845,36.63131,36.1207,36.2909,36.15852,36.57457,36.48002,36.65022,37.38776,37.7849,37.80381,37.52014,37.123,37.16083,37.06627,36.46111,36.40437,36.19635,36.21526,35.4588,35.36425,35.08058,35.06166,34.51324,33.90807,33.35964,32.48972,31.92238,31.03354,30.31491,29.40717,28.82092,28.21575,28.00773,27.38365,False,False,False,False,False,False,False,False,False,False,False,False,False,False,False,False,False,False,False,False,False,False,False,False,False,False,False,False,False,False,False,False,False,False,False,False,False,False,False,False,False,False,False,False,False,False,False,False,False,False,False,False,False,False,False,False,False,False,False,False,False,False,False,False,False,False,False,False,False,False,False,False,False,False,False,False,False,False,False,False,False,False,False,False,False,False,False,False,False,False,False,False,False,False,False,False,False,False,False,False,False,False,False,False,False,False,False,False,False,False,False,False,False,False,False,False,False,False,False,False,False,False,False,False,False,False,False,False,False,False,False,False,False,False,False,False,False,False,False,False,False,False,False,False,False,False,False,False,False,False,False,False,False,False,False,False,False,False,False,False,False,False,False,False,False,False,False,False,False,False,False,False,False,False,False,False,False,False,False,False,False,False,False,False,False,False,False,False,False,False,False,False,False,False,False,False,False,False,False,False,False,False,False,False,False,False,False,False,False,False,False,False,False,False,False,False,False,False,False,False,False,False,False,False,False,False,False,False,False,False,False,False,False,False,False,False,False,False,False,False,False,False,False,False,False,False,False,False,False,False,False,False,False,False,False,False,False,False,False,False,False,False,False,False,False,False,False,False,False,False,False,False,False,False,False,False,False,False,False,True,False,False,False,False,False,False,False,False,False,False,False,False,False,False,False,False,False,False,False,False,False,False,False,False,False,False,False,False,False,False,False,False,False,False,False,False,False,False,False,False,False,False,False,False,False,False,False,False,False,False,False,False,False,False,False,False,False,False,False,False,False,False,False,False,False,False,False,False,False,False,False,False,False,False,False,False,False,False,False,False
2019,26.9676,26.26788,26.26788,26.26788,25.53034,25.4736,25.09538,24.62259,24.62259,24.62259,24.35783,23.99852,23.99852,23.99852,23.99852,23.99852,23.92287,23.92287,23.92287,23.92287,24.22545,25.11429,25.70054,26.28679,27.66732,28.68854,30.10689,31.07137,33.49202,34.55106,35.34534,35.79921,35.66683,35.93159,35.72356,35.40207,35.87485,36.44219,35.96941,35.83703,35.79921,35.76139,36.13961,35.9505,35.89376,36.04506,35.96941,35.87485,35.93159,36.57457,36.57457,36.21526,36.08288,36.23417,36.17744,36.34764,36.48002,36.44219,36.6124,36.19635,36.30981,36.38546,36.2909,35.9505,36.27199,36.23417,36.19635,36.44219,36.85824,37.38776,37.82272,38.08748,37.36885,36.82042,36.68804,36.87716,36.57457,36.57457,36.00723,35.83703,35.85594,35.62901,35.64792,35.30751,34.58888,34.21065,33.37855,32.90577,32.28169,31.71435,30.61749,30.01233,29.02894,28.32922,27.91317,27.57277,False,False,False,False,False,False,False,False,False,False,False,False,False,False,False,False,False,False,False,False,False,False,False,False,False,False,False,False,False,False,False,False,False,False,False,False,False,False,False,False,False,False,False,False,False,False,False,False,False,False,False,False,False,False,False,False,False,False,False,False,False,False,False,False,False,False,False,False,False,False,False,False,False,False,False,False,False,False,False,False,False,False,False,False,False,False,False,False,False,False,False,False,False,False,False,False,False,False,False,False,False,False,False,False,False,False,False,False,False,False,False,False,False,False,False,False,False,False,False,False,False,False,False,False,False,False,False,False,False,False,False,False,False,False,False,False,False,False,False,False,False,False,False,False,False,False,False,False,False,False,False,False,False,False,False,False,False,False,False,False,False,False,False,False,False,False,False,False,False,False,False,False,False,False,False,False,False,False,False,False,False,False,False,False,False,False,False,False,False,False,False,False,False,False,False,False,False,False,False,False,False,False,False,False,False,False,False,False,False,False,False,False,False,False,False,False,False,False,False,False,False,False,False,False,False,False,False,False,False,False,False,False,False,False,False,False,False,False,False,False,False,False,False,False,False,False,False,False,False,False,False,False,False,False,False,False,False,False,False,False,False,False,False,False,False,False,False,False,False,False,False,False,False,False,False,False,False,False,False,False,False,False,False,False,False,False,False,False,False,False,False,True,False,False,False,False,False,False,False,False,False,False,False,False,False,False,False,False,False,False,False,False,False,False,False,False,False,False,False,False,False,False,False,False,False,False,False,False,False,False,False,False,False,False,False,False,False,False,False,False,False,False,False,False,False,False,False,False,False,False,False,False,False,False,False,False,False,False,False,False
2019,27.40256,27.06216,26.77849,26.24897,26.04095,26.04095,25.75727,25.37905,24.7928,24.7928,24.7928,24.7928,24.7928,24.7928,24.58477,24.16872,24.28219,24.77388,24.84953,24.45239,25.15211,25.51143,25.81401,26.6272,27.83752,28.91547,30.22036,31.71435,34.21065,35.47771,36.04506,36.82042,37.4445,37.53905,37.53905,37.25538,37.27429,37.27429,37.04736,37.04736,37.04736,37.04736,36.66913,36.59349,36.53675,36.53675,36.53675,36.53675,36.6124,36.63131,36.15852,36.38546,36.48002,36.42328,36.74478,36.91498,36.68804,36.80151,36.2909,36.32873,36.42328,36.70695,36.55566,36.15852,36.08288,36.2909,36.68804,36.97171,37.02845,37.53905,37.89837,37.93619,37.50123,37.36885,37.25538,37.23647,36.97171,36.55566,36.21526,36.19635,35.91268,35.98832,35.47771,35.36425,34.58888,34.41868,33.88916,33.6244,33.13271,32.4519,32.05476,31.48742,30.9579,30.20144,29.93669,29.36934,False,False,False,False,False,False,False,False,False,False,False,False,False,False,False,False,False,False,False,False,False,False,False,False,False,False,False,False,False,False,False,False,False,False,False,False,False,False,False,False,False,False,False,False,False,False,False,False,False,False,False,False,False,False,False,False,False,False,False,False,False,False,False,False,False,False,False,False,False,False,False,False,False,False,False,False,False,False,False,False,False,False,False,False,False,False,False,False,False,False,False,False,False,False,False,False,False,False,False,False,False,False,False,False,False,False,False,False,False,False,False,False,False,False,False,False,False,False,False,False,False,False,False,False,False,False,False,False,False,False,False,False,False,False,False,False,False,False,False,False,False,False,False,False,False,False,False,False,False,False,False,False,False,False,False,False,False,False,False,False,False,False,False,False,False,False,False,False,False,False,False,False,False,False,False,False,False,False,False,False,False,False,False,False,False,False,False,False,False,False,False,False,False,False,False,False,False,False,False,False,False,False,False,False,False,False,False,False,False,False,False,False,False,False,False,False,False,False,False,False,False,False,False,False,False,False,False,False,False,False,False,False,False,False,False,False,False,False,False,False,False,False,False,False,False,False,False,False,False,False,False,False,False,False,False,False,False,False,False,False,False,False,False,False,False,False,False,False,False,False,False,False,False,False,False,False,False,False,False,False,False,False,False,False,False,False,False,False,False,False,False,False,False,False,False,False,False,False,False,False,False,False,False,False,False,False,False,False,False,False,False,False,False,False,True,False,False,False,False,False,False,False,False,False,False,False,False,False,False,False,False,False,False,False,False,False,False,False,False,False,False,False,False,False,False,False,False,False,False,False,False,False,False,False,False,False,False,False,False,False
2019,28.85874,28.10228,27.7997,27.09998,27.04325,26.64611,26.36244,25.7951,25.73836,25.73836,25.32231,25.37905,25.24667,24.90626,24.7928,24.22545,24.35783,24.7928,24.90626,24.90626,24.90626,25.00082,25.26558,25.6249,25.85183,26.36244,26.91087,27.55385,28.44269,28.85874,29.48281,29.89886,30.25818,30.73096,30.65532,30.52294,30.86334,31.07137,31.31722,31.69544,31.97911,32.11149,32.41407,32.16823,32.60319,32.50863,32.30061,32.26278,32.26278,32.20605,32.18714,31.88456,32.33843,32.22496,32.7923,32.11149,32.65992,32.69774,32.39516,32.09258,32.43299,32.31952,32.39516,32.75448,32.60319,33.13271,33.7946,34.30521,34.53215,34.70235,35.59118,35.96941,35.72356,35.96941,35.81812,35.76139,35.62901,35.00493,34.98602,34.98602,34.98602,34.87255,34.55106,34.53215,33.92698,33.70005,33.43529,32.83012,32.73557,32.16823,31.69544,31.03354,30.69314,30.1258,29.36934,29.01003,False,False,False,False,False,False,False,False,False,False,False,False,False,False,False,False,False,False,False,False,False,False,False,False,False,False,False,False,False,False,False,False,False,False,False,False,False,False,False,False,False,False,False,False,False,False,False,False,False,False,False,False,False,False,False,False,False,False,False,False,False,False,False,False,False,False,False,False,False,False,False,False,False,False,False,False,False,False,False,False,False,False,False,False,False,False,False,False,False,False,False,False,False,False,False,False,False,False,False,False,False,False,False,False,False,False,False,False,False,False,False,False,False,False,False,False,False,False,False,False,False,False,False,False,False,False,False,False,False,False,False,False,False,False,False,False,False,False,False,False,False,False,False,False,False,False,False,False,False,False,False,False,False,False,False,False,False,False,False,False,False,False,False,False,False,False,False,False,False,False,False,False,False,False,False,False,False,False,False,False,False,False,False,False,False,False,False,False,False,False,False,False,False,False,False,False,False,False,False,False,False,False,False,False,False,False,False,False,False,False,False,False,False,False,False,False,False,False,False,False,False,False,False,False,False,False,False,False,False,False,False,False,False,False,False,False,False,False,False,False,False,False,False,False,False,False,False,False,False,False,False,False,False,False,False,False,False,False,False,False,False,False,False,False,False,False,False,False,False,False,False,False,False,False,False,False,False,False,False,False,False,False,False,False,False,False,False,False,False,False,False,False,False,False,False,False,False,False,False,False,False,False,False,False,False,False,False,False,False,False,False,False,False,False,False,False,False,False,False,False,False,False,False,False,False,False,True,False,False,False,False,False,False,False,False,False,False,False,False,False,False,False,False,False,False,False,False,False,False,False,False,False,False,False,False,False,False,False,False,False
2019,28.31031,28.31031,27.68623,26.85413,26.60829,25.9653,25.36014,25.36014,25.36014,24.7928,24.73606,24.73606,24.73606,24.54695,23.97961,23.97961,23.97961,23.97961,23.97961,23.97961,23.97961,23.97961,23.97961,24.26328,24.73606,25.11429,25.58707,25.58707,25.68163,25.90857,26.53264,26.7974,27.23236,27.27018,27.72406,28.17793,28.83983,28.93438,29.36934,29.50172,29.69084,29.61519,29.9556,30.23927,30.48512,30.73096,30.90117,30.88225,31.1281,31.2983,31.39286,31.65762,31.27939,31.16592,31.14701,31.14701,30.74987,30.76879,30.76879,30.74987,30.57967,30.61749,30.86334,30.97681,30.9579,30.7877,30.9579,31.58197,32.01694,32.56536,33.4542,33.83243,33.47311,33.98372,33.83243,34.41868,34.22956,33.6244,33.64331,33.41638,33.01924,32.65992,32.64101,32.54645,32.54645,32.01694,31.88456,30.88225,30.50403,29.76648,29.02894,28.38595,27.95099,27.95099,27.4593,27.08107,False,False,False,False,False,False,False,False,False,False,False,False,False,False,False,False,False,False,False,False,False,False,False,False,False,False,False,False,False,False,False,False,False,False,False,False,False,False,False,False,False,False,False,False,False,False,False,False,False,False,False,False,False,False,False,False,False,False,False,False,False,False,False,False,False,False,False,False,False,False,False,False,False,False,False,False,False,False,False,False,False,False,False,False,False,False,False,False,False,False,False,False,False,False,False,False,False,False,False,False,False,False,False,False,False,False,False,False,False,False,False,False,False,False,False,False,False,False,False,False,False,False,False,False,False,False,False,False,False,False,False,False,False,False,False,False,False,False,False,False,False,False,False,False,False,False,False,False,False,False,False,False,False,False,False,False,False,False,False,False,False,False,False,False,False,False,False,False,False,False,False,False,False,False,False,False,False,False,False,False,False,False,False,False,False,False,False,False,False,False,False,False,False,False,False,False,False,False,False,False,False,False,False,False,False,False,False,False,False,False,False,False,False,False,False,False,False,False,False,False,False,False,False,False,False,False,False,False,False,False,False,False,False,False,False,False,False,False,False,False,False,False,False,False,False,False,False,False,False,False,False,False,False,False,False,False,False,False,False,False,False,False,False,False,False,False,False,False,False,False,False,False,False,False,False,False,False,False,False,False,False,False,False,False,False,False,False,False,False,False,False,False,False,False,False,False,False,False,False,False,False,False,False,False,False,False,False,False,False,False,False,False,False,False,False,False,False,False,False,False,False,False,False,False,False,False,False,False,False,False,False,False,False,False,False,False,True,False,False,False,False,False,False,False,False,False,False,False,False,False,False,False,False,False,False,False,False,False,False,False
2019,26.58937,26.1355,25.75727,25.26558,25.1332,25.1332,24.963,24.50912,24.50912,24.50912,24.11199,24.33892,23.6392,23.65811,23.65811,23.65811,23.65811,24.14981,24.33892,24.33892,24.73606,25.11429,25.54925,26.19224,27.57277,28.34813,29.9556,31.35504,33.70005,35.08058,35.51554,35.89376,36.48002,36.51784,36.48002,36.91498,36.74478,36.32873,36.19635,36.57457,36.40437,36.53675,36.30981,36.21526,36.21526,36.6124,36.80151,36.87716,37.23647,36.91498,37.123,36.91498,36.83933,36.74478,36.83933,36.80151,36.59349,36.17744,36.15852,36.10179,35.93159,35.70465,35.38316,35.30751,35.49663,35.49663,35.59118,36.19635,36.04506,36.36655,37.33103,37.50123,37.04736,37.04736,37.04736,37.00953,36.25308,36.15852,36.25308,36.36655,35.96941,35.38316,35.23187,35.26969,34.56997,34.15392,33.60549,32.9625,32.28169,31.43068,30.4662,30.03124,29.52064,28.76418,28.02664,27.44039,False,False,False,False,False,False,False,False,False,False,False,False,False,False,False,False,False,False,False,False,False,False,False,False,False,False,False,False,False,False,False,False,False,False,False,False,False,False,False,False,False,False,False,False,False,False,False,False,False,False,False,False,False,False,False,False,False,False,False,False,False,False,False,False,False,False,False,False,False,False,False,False,False,False,False,False,False,False,False,False,False,False,False,False,False,False,False,False,False,False,False,False,False,False,False,False,False,False,False,False,False,False,False,False,False,False,False,False,False,False,False,False,False,False,False,False,False,False,False,False,False,False,False,False,False,False,False,False,False,False,False,False,False,False,False,False,False,False,False,False,False,False,False,False,False,False,False,False,False,False,False,False,False,False,False,False,False,False,False,False,False,False,False,False,False,False,False,False,False,False,False,False,False,False,False,False,False,False,False,False,False,False,False,False,False,False,False,False,False,False,False,False,False,False,False,False,False,False,False,False,False,False,False,False,False,False,False,False,False,False,False,False,False,False,False,False,False,False,False,False,False,False,False,False,False,False,False,False,False,False,False,False,False,False,False,False,False,False,False,False,False,False,False,False,False,False,False,False,False,False,False,False,False,False,False,False,False,False,False,False,False,False,False,False,False,False,False,False,False,False,False,False,False,False,False,False,False,False,False,False,False,False,False,False,False,False,False,False,False,False,False,False,False,False,False,False,False,False,False,False,False,False,False,False,False,False,False,False,False,False,False,False,False,False,False,False,False,False,False,False,False,False,False,False,False,False,False,False,False,False,False,False,False,False,False,False,False,False,False,False,False,False,False,False,False,False,False,True,False,False,False,False,False,False,False,False,False,False,False,False
2019,27.42147,26.77849,26.40026,25.87074,25.87074,25.87074,25.03864,24.963,24.963,24.66042,24.26328,24.26328,24.26328,24.26328,24.26328,24.26328,24.26328,24.26328,24.26328,24.26328,24.67933,25.39796,25.9653,26.47591,27.7997,28.82092,30.44729,31.44959,33.77569,34.91037,35.53445,35.96941,36.44219,36.34764,36.42328,36.34764,36.30981,36.7826,36.6124,36.48002,36.66913,37.36885,36.91498,36.91498,36.89607,37.21756,37.14191,36.9528,36.99062,37.33103,37.4445,36.91498,37.4445,36.97171,36.80151,36.80151,37.42558,37.02845,37.14191,37.123,36.9528,36.74478,36.83933,36.55566,36.57457,36.53675,36.70695,36.76369,36.99062,37.38776,38.04966,37.86055,37.87946,38.14422,37.93619,38.03075,37.29321,36.7826,36.65022,36.63131,36.34764,36.19635,36.02614,35.9505,35.34534,34.85364,34.00263,33.54876,32.73557,32.16823,31.24157,30.18253,29.4639,28.82092,28.15902,27.70514,True,False,False,False,False,False,False,False,False,False,False,False,False,False,False,False,False,False,False,False,False,False,False,False,False,False,False,False,False,False,False,False,False,False,False,False,False,False,False,False,False,False,False,False,False,False,False,False,False,False,False,False,False,False,False,False,False,False,False,False,False,False,False,False,False,False,False,False,False,False,False,False,False,False,False,False,False,False,False,False,False,False,False,False,False,False,False,False,False,False,False,False,False,False,False,False,False,False,False,False,False,False,False,False,False,False,False,False,False,False,False,False,False,False,False,False,False,False,False,False,False,False,False,False,False,False,False,False,False,False,False,False,False,False,False,False,False,False,False,False,False,False,False,False,False,False,False,False,False,False,False,False,False,False,False,False,False,False,False,False,False,False,False,False,False,False,False,False,False,False,False,False,False,False,False,False,False,False,False,False,False,False,False,False,False,False,False,False,False,False,False,False,False,False,False,False,False,False,False,False,False,False,False,False,False,False,False,False,False,False,False,False,False,False,False,False,False,False,False,False,False,False,False,False,False,False,False,False,False,False,False,False,False,False,False,False,False,False,False,False,False,False,False,False,False,False,False,False,False,False,False,False,False,False,False,False,False,False,False,False,False,False,False,False,False,False,False,False,False,False,False,False,False,False,False,False,False,False,False,False,False,False,False,False,False,False,False,False,False,False,False,False,False,False,False,False,False,False,False,False,False,False,False,False,False,False,False,False,False,False,False,False,False,False,False,False,False,False,False,False,False,False,False,False,False,False,False,False,False,False,False,False,False,False,False,False,False,False,False,False,False,False,False,False,False,False,False,False,False,False,False,False,False,False,False,False,False,False,False,False
2019,27.27018,26.77849,26.47591,25.66272,25.64381,25.64381,25.53034,24.84953,24.84953,24.84953,24.56586,24.41457,24.4713,24.11199,24.11199,24.11199,23.94178,23.94178,23.94178,23.94178,24.60368,25.01973,25.56816,26.04095,27.34583,29.04785,30.56076,31.46851,34.22956,35.53445,36.46111,36.70695,37.14191,37.48232,36.97171,36.85824,37.08518,37.08518,36.97171,36.91498,36.72586,36.63131,36.57457,36.57457,36.57457,36.38546,36.83933,36.70695,36.74478,36.85824,37.14191,37.06627,37.04736,37.19865,37.40667,37.04736,37.08518,37.08518,36.6124,36.82042,36.30981,36.23417,36.17744,36.40437,36.53675,36.46111,36.15852,36.40437,36.55566,37.23647,37.59579,37.9551,37.34994,37.19865,37.40667,37.29321,36.59349,36.40437,36.40437,36.15852,35.79921,35.76139,35.34534,34.89146,34.75908,34.32412,33.98372,33.11379,32.69774,31.69544,31.09028,30.296,29.67193,29.25588,28.68854,28.31031,False,False,False,False,False,False,False,False,False,False,False,False,True,False,False,False,False,False,False,False,False,False,False,False,False,False,False,False,False,False,False,False,False,False,False,False,False,False,False,False,False,False,False,False,False,False,False,False,False,False,False,False,False,False,False,False,False,False,False,False,False,False,False,False,False,False,False,False,False,False,False,False,False,False,False,False,False,False,False,False,False,False,False,False,False,False,False,False,False,False,False,False,False,False,False,False,False,False,False,False,False,False,False,False,False,False,False,False,False,False,False,False,False,False,False,False,False,False,False,False,False,False,False,False,False,False,False,False,False,False,False,False,False,False,False,False,False,False,False,False,False,False,False,False,False,False,False,False,False,False,False,False,False,False,False,False,False,False,False,False,False,False,False,False,False,False,False,False,False,False,False,False,False,False,False,False,False,False,False,False,False,False,False,False,False,False,False,False,False,False,False,False,False,False,False,False,False,False,False,False,False,False,False,False,False,False,False,False,False,False,False,False,False,False,False,False,False,False,False,False,False,False,False,False,False,False,False,False,False,False,False,False,False,False,False,False,False,False,False,False,False,False,False,False,False,False,False,False,False,False,False,False,False,False,False,False,False,False,False,False,False,False,False,False,False,False,False,False,False,False,False,False,False,False,False,False,False,False,False,False,False,False,False,False,False,False,False,False,False,False,False,False,False,False,False,False,False,False,False,False,False,False,False,False,False,False,False,False,False,False,False,False,False,False,False,False,False,False,False,False,False,False,False,False,False,False,False,False,False,False,False,False,False,False,False,False,False,False,False,False,False,False,False,False,False,False,False,False,False,False,False,False,False,False,False,False,False,False,False,False
2019,27.78079,27.55385,27.00542,26.41917,25.9653,25.75727,25.49252,25.03864,25.00082,25.00082,25.00082,24.69824,24.66042,24.4713,24.16872,24.16872,24.35783,24.71715,24.7928,24.7928,25.24667,25.70054,25.90857,26.57046,27.72406,28.6318,30.06907,31.20375,34.02154,34.79691,35.36425,36.1207,36.38546,36.85824,36.6124,36.53675,36.51784,36.34764,36.30981,36.23417,36.27199,36.32873,36.23417,36.34764,36.66913,36.82042,37.14191,37.123,37.86055,37.33103,37.38776,37.23647,37.27429,36.87716,37.33103,37.42558,37.33103,37.38776,37.06627,36.9528,37.17974,36.85824,36.32873,36.17744,36.13961,36.27199,36.15852,36.10179,36.04506,36.74478,37.17974,37.123,36.85824,36.2909,36.25308,36.25308,35.83703,35.4588,35.4588,35.06166,34.72126,34.56997,34.58888,34.13501,33.92698,33.34073,33.17053,33.07597,32.33843,31.71435,31.20375,30.61749,30.10689,29.89886,29.1235,28.59398,False,False,False,False,False,False,False,False,False,False,False,False,False,False,False,False,False,False,False,False,False,False,False,False,True,False,False,False,False,False,False,False,False,False,False,False,False,False,False,False,False,False,False,False,False,False,False,False,False,False,False,False,False,False,False,False,False,False,False,False,False,False,False,False,False,False,False,False,False,False,False,False,False,False,False,False,False,False,False,False,False,False,False,False,False,False,False,False,False,False,False,False,False,False,False,False,False,False,False,False,False,False,False,False,False,False,False,False,False,False,False,False,False,False,False,False,False,False,False,False,False,False,False,False,False,False,False,False,False,False,False,False,False,False,False,False,False,False,False,False,False,False,False,False,False,False,False,False,False,False,False,False,False,False,False,False,False,False,False,False,False,False,False,False,False,False,False,False,False,False,False,False,False,False,False,False,False,False,False,False,False,False,False,False,False,False,False,False,False,False,False,False,False,False,False,False,False,False,False,False,False,False,False,False,False,False,False,False,False,False,False,False,False,False,False,False,False,False,False,False,False,False,False,False,False,False,False,False,False,False,False,False,False,False,False,False,False,False,False,False,False,False,False,False,False,False,False,False,False,False,False,False,False,False,False,False,False,False,False,False,False,False,False,False,False,False,False,False,False,False,False,False,False,False,False,False,False,False,False,False,False,False,False,False,False,False,False,False,False,False,False,False,False,False,False,False,False,False,False,False,False,False,False,False,False,False,False,False,False,False,False,False,False,False,False,False,False,False,False,False,False,False,False,False,False,False,False,False,False,False,False,False,False,False,False,False,False,False,False,False,False,False,False,False,False,False,False,False,False,False,False,False,False,False,False,False,False,False,False,False
2019,28.10228,27.61059,27.15672,26.92978,26.41917,26.05986,25.51143,25.51143,25.11429,24.7928,24.7928,24.54695,24.03634,24.03634,24.33892,24.18763,24.07416,24.01743,23.94178,23.94178,23.94178,24.18763,24.67933,24.963,25.3034,25.6249,26.07877,26.49482,27.21345,27.9699,28.44269,28.78309,29.44499,29.72866,29.93669,30.1258,30.54185,31.07137,30.71205,30.76879,31.16592,30.93899,31.1281,31.18484,31.65762,31.63871,31.52524,31.46851,31.52524,32.07367,32.11149,31.69544,31.82782,31.65762,31.77109,31.80891,32.01694,32.01694,31.9602,31.82782,31.77109,32.28169,32.30061,32.56536,32.67883,32.77339,33.20835,33.56767,33.81351,34.19174,35.09949,35.59118,35.68574,35.68574,35.83703,35.70465,35.68574,35.89376,35.61009,35.43989,34.89146,34.81582,34.55106,34.53215,34.1161,33.96481,32.84904,31.71435,31.1281,30.74987,30.37165,30.03124,29.35043,29.14241,28.44269,27.83752,False,False,False,False,False,False,False,False,False,False,False,False,False,False,False,False,False,False,False,False,False,False,False,False,False,False,False,False,False,False,False,False,False,False,False,False,True,False,False,False,False,False,False,False,False,False,False,False,False,False,False,False,False,False,False,False,False,False,False,False,False,False,False,False,False,False,False,False,False,False,False,False,False,False,False,False,False,False,False,False,False,False,False,False,False,False,False,False,False,False,False,False,False,False,False,False,False,False,False,False,False,False,False,False,False,False,False,False,False,False,False,False,False,False,False,False,False,False,False,False,False,False,False,False,False,False,False,False,False,False,False,False,False,False,False,False,False,False,False,False,False,False,False,False,False,False,False,False,False,False,False,False,False,False,False,False,False,False,False,False,False,False,False,False,False,False,False,False,False,False,False,False,False,False,False,False,False,False,False,False,False,False,False,False,False,False,False,False,False,False,False,False,False,False,False,False,False,False,False,False,False,False,False,False,False,False,False,False,False,False,False,False,False,False,False,False,False,False,False,False,False,False,False,False,False,False,False,False,False,False,False,False,False,False,False,False,False,False,False,False,False,False,False,False,False,False,False,False,False,False,False,False,False,False,False,False,False,False,False,False,False,False,False,False,False,False,False,False,False,False,False,False,False,False,False,False,False,False,False,False,False,False,False,False,False,False,False,False,False,False,False,False,False,False,False,False,False,False,False,False,False,False,False,False,False,False,False,False,False,False,False,False,False,False,False,False,False,False,False,False,False,False,False,False,False,False,False,False,False,False,False,False,False,False,False,False,False,False,False,False,False,False,False,False,False,False,False,False,False,False,False,False,False,False,False,False,False,False,False,False
2019,27.51603,27.1378,26.40026,25.9653,25.9653,25.70054,25.17102,24.83062,24.43348,24.43348,24.24437,24.3011,23.67702,23.48791,23.52573,23.48791,23.48791,23.48791,23.48791,23.48791,23.48791,23.48791,23.48791,23.86614,24.11199,24.35783,24.73606,24.73606,25.56816,26.43808,26.58937,26.43808,26.74067,27.17563,27.72406,28.02664,28.02664,28.17793,28.4616,28.802,28.802,29.14241,29.02894,28.82092,29.06676,28.87765,29.01003,29.53955,29.69084,29.55846,29.42608,29.33152,29.4639,29.59628,29.6341,29.44499,29.44499,29.44499,29.2937,29.36934,29.40717,29.4639,29.61519,29.53955,29.53955,29.48281,30.18253,30.4662,31.05246,31.48742,32.30061,32.73557,32.84904,32.81121,33.30291,33.81351,33.26509,32.58428,32.33843,32.14931,32.14931,32.07367,31.94129,31.54415,30.74987,30.57967,30.50403,29.80431,29.14241,28.66962,28.04555,27.57277,27.17563,26.64611,26.58937,25.87074,False,False,False,False,False,False,False,False,False,False,False,False,False,False,False,False,False,False,False,False,False,False,False,False,False,False,False,False,False,False,False,False,False,False,False,False,False,False,False,False,False,False,False,False,False,False,False,False,True,False,False,False,False,False,False,False,False,False,False,False,False,False,False,False,False,False,False,False,False,False,False,False,False,False,False,False,False,False,False,False,False,False,False,False,False,False,False,False,False,False,False,False,False,False,False,False,False,False,False,False,False,False,False,False,False,False,False,False,False,False,False,False,False,False,False,False,False,False,False,False,False,False,False,False,False,False,False,False,False,False,False,False,False,False,False,False,False,False,False,False,False,False,False,False,False,False,False,False,False,False,False,False,False,False,False,False,False,False,False,False,False,False,False,False,False,False,False,False,False,False,False,False,False,False,False,False,False,False,False,False,False,False,False,False,False,False,False,False,False,False,False,False,False,False,False,False,False,False,False,False,False,False,False,False,False,False,False,False,False,False,False,False,False,False,False,False,False,False,False,False,False,False,False,False,False,False,False,False,False,False,False,False,False,False,False,False,False,False,False,False,False,False,False,False,False,False,False,False,False,False,False,False,False,False,False,False,False,False,False,False,False,False,False,False,False,False,False,False,False,False,False,False,False,False,False,False,False,False,False,False,False,False,False,False,False,False,False,False,False,False,False,False,False,False,False,False,False,False,False,False,False,False,False,False,False,False,False,False,False,False,False,False,False,False,False,False,False,False,False,False,False,False,False,False,False,False,False,False,False,False,False,False,False,False,False,False,False,False,False,False,False,False,False,False,False,False,False,False,False,False,False,False,False,False,False,False,False,False,False,False
2019,25.81401,25.43578,24.963,24.52804,24.33892,24.33892,24.07416,23.71485,23.71485,23.71485,23.71485,23.39335,22.92057,22.92057,22.92057,22.92057,22.92057,23.31771,22.92057,23.50682,23.69594,24.05525,24.54695,25.07647,25.85183,27.09998,28.6318,29.42608,31.75218,32.88686,33.26509,33.87025,34.81582,35.43989,35.25078,35.32642,35.53445,35.93159,35.7803,36.19635,36.19635,36.59349,36.9528,37.16083,36.72586,36.53675,36.46111,36.32873,36.17744,36.21526,36.44219,36.48002,36.48002,35.96941,35.81812,35.49663,35.61009,35.49663,35.40207,35.53445,35.49663,35.32642,35.13731,35.15622,34.43759,34.49432,34.72126,35.23187,35.34534,35.55336,35.79921,36.30981,35.85594,35.42098,35.04275,35.04275,34.36194,34.19174,33.90807,33.75678,33.49202,33.41638,33.01924,32.88686,32.48972,32.31952,31.2983,31.14701,30.54185,29.57737,29.14241,28.6318,27.7997,27.27018,27.04325,26.66502,False,False,False,False,False,False,False,False,False,False,False,False,False,False,False,False,False,False,False,False,False,False,False,False,False,False,False,False,False,False,False,False,False,False,False,False,False,False,False,False,False,False,False,False,False,False,False,False,False,False,False,False,False,False,False,False,False,False,False,False,True,False,False,False,False,False,False,False,False,False,False,False,False,False,False,False,False,False,False,False,False,False,False,False,False,False,False,False,False,False,False,False,False,False,False,False,False,False,False,False,False,False,False,False,False,False,False,False,False,False,False,False,False,False,False,False,False,False,False,False,False,False,False,False,False,False,False,False,False,False,False,False,False,False,False,False,False,False,False,False,False,False,False,False,False,False,False,False,False,False,False,False,False,False,False,False,False,False,False,False,False,False,False,False,False,False,False,False,False,False,False,False,False,False,False,False,False,False,False,False,False,False,False,False,False,False,False,False,False,False,False,False,False,False,False,False,False,False,False,False,False,False,False,False,False,False,False,False,False,False,False,False,False,False,False,False,False,False,False,False,False,False,False,False,False,False,False,False,False,False,False,False,False,False,False,False,False,False,False,False,False,False,False,False,False,False,False,False,False,False,False,False,False,False,False,False,False,False,False,False,False,False,False,False,False,False,False,False,False,False,False,False,False,False,False,False,False,False,False,False,False,False,False,False,False,False,False,False,False,False,False,False,False,False,False,False,False,False,False,False,False,False,False,False,False,False,False,False,False,False,False,False,False,False,False,False,False,False,False,False,False,False,False,False,False,False,False,False,False,False,False,False,False,False,False,False,False,False,False,False,False,False,False,False,False,False,False,False,False,False,False,False,False,False,False,False,False,False,False,False
2019,26.00312,25.6249,25.32231,24.94409,24.94409,24.84953,24.28219,24.28219,24.28219,24.16872,23.60138,23.60138,23.60138,23.60138,23.60138,23.60138,23.18533,23.18533,23.18533,23.73376,24.24437,24.45239,24.88735,25.66272,26.41917,27.38365,28.59398,29.76648,32.07367,33.22726,33.92698,34.60779,34.83473,35.21296,35.36425,35.13731,35.21296,35.15622,34.9482,35.1184,35.32642,35.34534,35.34534,35.64792,35.51554,35.61009,35.61009,35.61009,35.72356,36.21526,36.02614,35.85594,36.10179,35.9505,35.68574,35.26969,35.53445,35.47771,35.40207,35.40207,35.40207,35.47771,35.08058,34.79691,34.43759,34.4565,34.91037,34.68344,35.06166,35.43989,36.53675,37.14191,36.25308,36.23417,36.06397,35.98832,35.66683,35.51554,35.40207,35.08058,34.92929,34.77799,34.41868,34.32412,33.75678,33.13271,32.30061,31.84673,31.1281,30.50403,29.76648,28.76418,28.12119,27.40256,27.2891,26.74067,False,False,False,False,False,False,False,False,False,False,False,False,False,False,False,False,False,False,False,False,False,False,False,False,False,False,False,False,False,False,False,False,False,False,False,False,False,False,False,False,False,False,False,False,False,False,False,False,False,False,False,False,False,False,False,False,False,False,False,False,False,False,False,False,False,False,False,False,False,False,False,False,True,False,False,False,False,False,False,False,False,False,False,False,False,False,False,False,False,False,False,False,False,False,False,False,False,False,False,False,False,False,False,False,False,False,False,False,False,False,False,False,False,False,False,False,False,False,False,False,False,False,False,False,False,False,False,False,False,False,False,False,False,False,False,False,False,False,False,False,False,False,False,False,False,False,False,False,False,False,False,False,False,False,False,False,False,False,False,False,False,False,False,False,False,False,False,False,False,False,False,False,False,False,False,False,False,False,False,False,False,False,False,False,False,False,False,False,False,False,False,False,False,False,False,False,False,False,False,False,False,False,False,False,False,False,False,False,False,False,False,False,False,False,False,False,False,False,False,False,False,False,False,False,False,False,False,False,False,False,False,False,False,False,False,False,False,False,False,False,False,False,False,False,False,False,False,False,False,False,False,False,False,False,False,False,False,False,False,False,False,False,False,False,False,False,False,False,False,False,False,False,False,False,False,False,False,False,False,False,False,False,False,False,False,False,False,False,False,False,False,False,False,False,False,False,False,False,False,False,False,False,False,False,False,False,False,False,False,False,False,False,False,False,False,False,False,False,False,False,False,False,False,False,False,False,False,False,False,False,False,False,False,False,False,False,False,False,False,False,False,False,False,False,False,False,False,False,False,False,False,False,False,False,False,False,False,False,False,False
2019,26.53264,26.1355,25.64381,25.01973,24.88735,24.88735,24.81171,24.16872,24.16872,24.16872,24.16872,24.16872,24.16872,24.16872,23.82832,23.35553,23.20424,23.20424,23.20424,23.20424,23.73376,24.54695,24.73606,25.4736,26.68393,27.40256,28.36704,29.57737,32.48972,33.284,33.96481,34.70235,35.1184,35.47771,35.66683,35.2886,35.32642,35.42098,35.26969,35.30751,35.55336,35.2886,35.2886,35.59118,35.66683,35.74247,35.68574,35.72356,35.59118,35.7803,35.62901,35.74247,35.70465,35.62901,35.81812,35.7803,36.34764,35.49663,35.38316,35.38316,35.25078,34.83473,35.04275,34.75908,34.58888,34.87255,34.85364,35.15622,35.19404,35.06166,35.70465,36.15852,35.72356,35.87485,35.42098,35.40207,35.04275,34.60779,34.56997,34.56997,34.49432,34.32412,33.54876,33.4542,33.17053,32.60319,31.99802,31.88456,31.09028,30.35274,29.80431,29.19914,28.42378,27.85644,27.61059,26.87305,False,False,False,False,False,False,False,False,False,False,False,False,False,False,False,False,False,False,False,False,False,False,False,False,False,False,False,False,False,False,False,False,False,False,False,False,False,False,False,False,False,False,False,False,False,False,False,False,False,False,False,False,False,False,False,False,False,False,False,False,False,False,False,False,False,False,False,False,False,False,False,False,False,False,False,False,False,False,False,False,False,False,False,True,False,False,False,False,False,False,False,False,False,False,False,False,False,False,False,False,False,False,False,False,False,False,False,False,False,False,False,False,False,False,False,False,False,False,False,False,False,False,False,False,False,False,False,False,False,False,False,False,False,False,False,False,False,False,False,False,False,False,False,False,False,False,False,False,False,False,False,False,False,False,False,False,False,False,False,False,False,False,False,False,False,False,False,False,False,False,False,False,False,False,False,False,False,False,False,False,False,False,False,False,False,False,False,False,False,False,False,False,False,False,False,False,False,False,False,False,False,False,False,False,False,False,False,False,False,False,False,False,False,False,False,False,False,False,False,False,False,False,False,False,False,False,False,False,False,False,False,False,False,False,False,False,False,False,False,False,False,False,False,False,False,False,False,False,False,False,False,False,False,False,False,False,False,False,False,False,False,False,False,False,False,False,False,False,False,False,False,False,False,False,False,False,False,False,False,False,False,False,False,False,False,False,False,False,False,False,False,False,False,False,False,False,False,False,False,False,False,False,False,False,False,False,False,False,False,False,False,False,False,False,False,False,False,False,False,False,False,False,False,False,False,False,False,False,False,False,False,False,False,False,False,False,False,False,False,False,False,False,False,False,False,False,False,False,False,False,False,False,False,False,False,False,False,False,False,False
2019,26.49482,26.04095,25.60598,25.22776,25.22776,24.94409,24.43348,24.43348,24.43348,24.22545,23.69594,23.69594,23.69594,23.69594,23.69594,23.69594,23.41227,23.41227,23.41227,23.41227,24.01743,24.50912,24.50912,25.4736,26.94869,27.61059,28.95329,29.50172,32.35734,33.13271,33.75678,34.6267,34.92929,35.1184,35.1184,34.83473,35.21296,34.9482,35.00493,34.9482,34.9482,35.02384,35.17513,35.00493,35.17513,35.26969,35.57227,35.23187,35.49663,35.36425,35.83703,35.47771,35.32642,35.02384,34.81582,35.13731,35.32642,35.40207,35.38316,35.06166,34.96711,35.32642,35.2886,34.87255,35.09949,34.64561,34.83473,34.81582,34.92929,35.66683,36.21526,36.38546,35.98832,35.76139,35.72356,35.49663,34.58888,34.32412,34.36194,34.2863,34.26739,34.26739,34.00263,33.4542,33.13271,32.83012,32.30061,31.82782,31.09028,30.52294,30.03124,29.35043,28.72636,28.2914,27.74297,27.02434,False,False,False,False,False,False,False,False,False,False,False,False,False,False,False,False,False,False,False,False,False,False,False,False,False,False,False,False,False,False,False,False,False,False,False,False,False,False,False,False,False,False,False,False,False,False,False,False,False,False,False,False,False,False,False,False,False,False,False,False,False,False,False,False,False,False,False,False,False,False,False,False,False,False,False,False,False,False,False,False,False,False,False,False,False,False,False,False,False,False,False,False,False,False,False,True,False,False,False,False,False,False,False,False,False,False,False,False,False,False,False,False,False,False,False,False,False,False,False,False,False,False,False,False,False,False,False,False,False,False,False,False,False,False,False,False,False,False,False,False,False,False,False,False,False,False,False,False,False,False,False,False,False,False,False,False,False,False,False,False,False,False,False,False,False,False,False,False,False,False,False,False,False,False,False,False,False,False,False,False,False,False,False,False,False,False,False,False,False,False,False,False,False,False,False,False,False,False,False,False,False,False,False,False,False,False,False,False,False,False,False,False,False,False,False,False,False,False,False,False,False,False,False,False,False,False,False,False,False,False,False,False,False,False,False,False,False,False,False,False,False,False,False,False,False,False,False,False,False,False,False,False,False,False,False,False,False,False,False,False,False,False,False,False,False,False,False,False,False,False,False,False,False,False,False,False,False,False,False,False,False,False,False,False,False,False,False,False,False,False,False,False,False,False,False,False,False,False,False,False,False,False,False,False,False,False,False,False,False,False,False,False,False,False,False,False,False,False,False,False,False,False,False,False,False,False,False,False,False,False,False,False,False,False,False,False,False,False,False,False,False,False,False,False,False,False,False,False,False,False,False,False,False,False,False,False,False,False,False,False
2019,26.75958,25.87074,25.85183,25.01973,25.01973,24.50912,24.37675,24.37675,24.37675,23.90396,23.69594,23.69594,23.69594,23.69594,23.69594,23.69594,23.37444,23.37444,23.37444,23.37444,23.37444,24.20654,24.84953,25.60598,27.06216,27.87535,28.59398,30.06907,32.35734,33.49202,34.22956,35.17513,35.34534,35.34534,35.38316,35.2886,35.51554,35.62901,35.08058,35.00493,35.00493,35.08058,35.09949,35.09949,35.2886,35.15622,35.34534,35.59118,35.36425,35.47771,35.4588,35.17513,35.02384,35.36425,34.79691,35.34534,35.23187,35.2886,35.30751,35.30751,34.9482,35.06166,34.75908,34.72126,34.74017,34.70235,34.21065,34.09719,34.56997,34.79691,35.06166,35.66683,34.72126,34.2863,34.21065,34.15392,33.68114,33.70005,33.64331,33.32182,33.07597,32.75448,32.65992,32.6221,32.09258,31.77109,31.58197,31.01463,30.59858,29.72866,29.44499,28.85874,28.57507,28.10228,27.81861,27.17563,False,False,False,False,False,False,False,False,False,False,False,False,False,False,False,False,False,False,False,False,False,False,False,False,False,False,False,False,False,False,False,False,False,False,False,False,False,False,False,False,False,False,False,False,False,False,False,False,False,False,False,False,False,False,False,False,False,False,False,False,False,False,False,False,False,False,False,False,False,False,False,False,False,False,False,False,False,False,False,False,False,False,False,False,False,False,False,False,False,False,False,False,False,False,False,False,False,False,False,False,False,False,False,False,False,False,False,True,False,False,False,False,False,False,False,False,False,False,False,False,False,False,False,False,False,False,False,False,False,False,False,False,False,False,False,False,False,False,False,False,False,False,False,False,False,False,False,False,False,False,False,False,False,False,False,False,False,False,False,False,False,False,False,False,False,False,False,False,False,False,False,False,False,False,False,False,False,False,False,False,False,False,False,False,False,False,False,False,False,False,False,False,False,False,False,False,False,False,False,False,False,False,False,False,False,False,False,False,False,False,False,False,False,False,False,False,False,False,False,False,False,False,False,False,False,False,False,False,False,False,False,False,False,False,False,False,False,False,False,False,False,False,False,False,False,False,False,False,False,False,False,False,False,False,False,False,False,False,False,False,False,False,False,False,False,False,False,False,False,False,False,False,False,False,False,False,False,False,False,False,False,False,False,False,False,False,False,False,False,False,False,False,False,False,False,False,False,False,False,False,False,False,False,False,False,False,False,False,False,False,False,False,False,False,False,False,False,False,False,False,False,False,False,False,False,False,False,False,False,False,False,False,False,False,False,False,False,False,False,False,False,False,False,False,False,False,False,False,False,False,False,False,False,False,False,False,False,False,False,False
2019,26.41917,26.41917,26.11659,25.73836,25.41687,25.05755,24.28219,24.28219,23.56356,23.48791,23.48791,23.48791,23.48791,23.48791,23.48791,23.48791,22.84493,23.469,22.78819,22.90166,23.58247,23.01513,23.6392,23.6392,23.86614,24.54695,24.54695,24.71715,25.70054,26.24897,26.66502,26.98651,27.40256,27.78079,27.95099,28.00773,28.27249,28.17793,28.57507,28.68854,28.68854,29.02894,29.72866,29.82322,29.82322,29.87995,29.87995,30.01233,30.16362,30.35274,30.48512,30.7877,30.59858,30.4662,30.4662,30.22036,30.16362,30.92008,30.90117,30.74987,30.63641,30.61749,30.74987,30.57967,30.71205,30.59858,30.88225,31.16592,31.22266,31.20375,31.58197,32.07367,32.31952,32.26278,32.37625,32.26278,32.11149,31.71435,31.71435,31.69544,31.46851,31.48742,31.14701,31.14701,30.93899,30.65532,30.52294,30.35274,29.89886,29.82322,29.1235,28.74527,28.38595,27.87535,27.40256,27.15672,False,False,False,False,False,False,False,False,False,False,False,False,False,False,False,False,False,False,False,False,False,False,False,False,False,False,False,False,False,False,False,False,False,False,False,False,False,False,False,False,False,False,False,False,False,False,False,False,False,False,False,False,False,False,False,False,False,False,False,False,False,False,False,False,False,False,False,False,False,False,False,False,False,False,False,False,False,False,False,False,False,False,False,False,False,False,False,False,False,False,False,False,False,False,False,False,False,False,False,False,False,False,False,False,False,False,False,False,False,False,False,False,False,False,False,False,False,False,False,True,False,False,False,False,False,False,False,False,False,False,False,False,False,False,False,False,False,False,False,False,False,False,False,False,False,False,False,False,False,False,False,False,False,False,False,False,False,False,False,False,False,False,False,False,False,False,False,False,False,False,False,False,False,False,False,False,False,False,False,False,False,False,False,False,False,False,False,False,False,False,False,False,False,False,False,False,False,False,False,False,False,False,False,False,False,False,False,False,False,False,False,False,False,False,False,False,False,False,False,False,False,False,False,False,False,False,False,False,False,False,False,False,False,False,False,False,False,False,False,False,False,False,False,False,False,False,False,False,False,False,False,False,False,False,False,False,False,False,False,False,False,False,False,False,False,False,False,False,False,False,False,False,False,False,False,False,False,False,False,False,False,False,False,False,False,False,False,False,False,False,False,False,False,False,False,False,False,False,False,False,False,False,False,False,False,False,False,False,False,False,False,False,False,False,False,False,False,False,False,False,False,False,False,False,False,False,False,False,False,False,False,False,False,False,False,False,False,False,False,False,False,False,False,False,False,False,False,False,False,False,False,False,False,False,False,False,False,False,False,False
2019,26.75958,26.3057,26.1355,25.54925,24.88735,24.75497,24.14981,24.14981,23.92287,23.48791,23.48791,23.48791,23.48791,23.48791,23.48791,23.03404,22.86384,22.86384,22.86384,22.86384,23.18533,23.60138,23.16642,23.69594,23.88505,23.88505,23.99852,24.71715,24.83062,25.58707,25.73836,25.73836,26.09768,26.6272,27.00542,27.06216,27.21345,27.85644,28.42378,28.34813,28.802,28.65071,28.97221,29.21805,29.21805,29.21805,29.18023,29.1235,29.53955,29.84213,29.6341,29.53955,29.38826,29.38826,29.4639,29.23697,29.6341,29.59628,29.44499,29.59628,29.31261,29.27479,29.2937,29.82322,30.18253,30.16362,30.296,30.63641,31.1281,31.50633,32.37625,32.64101,33.22726,33.22726,33.22726,33.24617,33.17053,33.15162,33.05706,33.18944,33.00033,32.84904,32.47081,32.4519,31.84673,31.84673,31.39286,30.84443,30.18253,29.53955,28.99112,28.53724,27.47821,27.11889,26.85413,26.68393,False,False,False,False,False,False,False,False,False,False,False,False,False,False,False,False,False,False,False,False,False,False,False,False,False,False,False,False,False,False,False,False,False,False,False,False,False,False,False,False,False,False,False,False,False,False,False,False,False,False,False,False,False,False,False,False,False,False,False,False,False,False,False,False,False,False,False,False,False,False,False,False,False,False,False,False,False,False,False,False,False,False,False,False,False,False,False,False,False,False,False,False,False,False,False,False,False,False,False,False,False,False,False,False,False,False,False,False,False,False,False,False,False,False,False,False,False,False,False,False,False,False,False,False,False,False,False,False,False,False,False,True,False,False,False,False,False,False,False,False,False,False,False,False,False,False,False,False,False,False,False,False,False,False,False,False,False,False,False,False,False,False,False,False,False,False,False,False,False,False,False,False,False,False,False,False,False,False,False,False,False,False,False,False,False,False,False,False,False,False,False,False,False,False,False,False,False,False,False,False,False,False,False,False,False,False,False,False,False,False,False,False,False,False,False,False,False,False,False,False,False,False,False,False,False,False,False,False,False,False,False,False,False,False,False,False,False,False,False,False,False,False,False,False,False,False,False,False,False,False,False,False,False,False,False,False,False,False,False,False,False,False,False,False,False,False,False,False,False,False,False,False,False,False,False,False,False,False,False,False,False,False,False,False,False,False,False,False,False,False,False,False,False,False,False,False,False,False,False,False,False,False,False,False,False,False,False,False,False,False,False,False,False,False,False,False,False,False,False,False,False,False,False,False,False,False,False,False,False,False,False,False,False,False,False,False,False,False,False,False,False,False,False,False,False,False,False,False,False,False,False,False,False,False,False,False,False,False,False,False
2019,26.21115,25.58707,25.1332,24.77388,24.77388,24.77388,24.67933,24.11199,23.8094,23.43118,23.43118,23.43118,23.43118,23.43118,23.43118,23.43118,23.43118,23.94178,24.05525,24.05525,24.05525,24.66042,24.73606,25.3034,26.91087,28.00773,28.87765,30.31491,32.83012,34.30521,34.43759,34.92929,35.51554,35.87485,35.81812,35.93159,36.2909,36.00723,35.89376,35.87485,35.64792,35.49663,35.79921,35.49663,35.42098,35.47771,35.36425,35.62901,35.62901,35.87485,35.98832,35.64792,35.19404,35.57227,35.40207,35.85594,35.9505,35.36425,35.42098,34.85364,34.92929,34.68344,34.55106,34.13501,34.17283,34.2863,34.21065,34.55106,34.41868,34.56997,35.17513,35.70465,35.06166,35.00493,34.74017,34.64561,33.96481,33.96481,33.96481,33.96481,33.96481,33.56767,33.11379,33.11379,32.65992,32.33843,31.56306,30.80661,30.22036,29.99342,29.19914,28.51833,27.83752,27.49712,27.27018,26.66502,False,False,False,False,False,False,False,False,False,False,False,False,False,False,False,False,False,False,False,False,False,False,False,False,False,False,False,False,False,False,False,False,False,False,False,False,False,False,False,False,False,False,False,False,False,False,False,False,False,False,False,False,False,False,False,False,False,False,False,False,False,False,False,False,False,False,False,False,False,False,False,False,False,False,False,False,False,False,False,False,False,False,False,False,False,False,False,False,False,False,False,False,False,False,False,False,False,False,False,False,False,False,False,False,False,False,False,False,False,False,False,False,False,False,False,False,False,False,False,False,False,False,False,False,False,False,False,False,False,False,False,False,False,False,False,False,False,False,False,False,False,False,False,True,False,False,False,False,False,False,False,False,False,False,False,False,False,False,False,False,False,False,False,False,False,False,False,False,False,False,False,False,False,False,False,False,False,False,False,False,False,False,False,False,False,False,False,False,False,False,False,False,False,False,False,False,False,False,False,False,False,False,False,False,False,False,False,False,False,False,False,False,False,False,False,False,False,False,False,False,False,False,False,False,False,False,False,False,False,False,False,False,False,False,False,False,False,False,False,False,False,False,False,False,False,False,False,False,False,False,False,False,False,False,False,False,False,False,False,False,False,False,False,False,False,False,False,False,False,False,False,False,False,False,False,False,False,False,False,False,False,False,False,False,False,False,False,False,False,False,False,False,False,False,False,False,False,False,False,False,False,False,False,False,False,False,False,False,False,False,False,False,False,False,False,False,False,False,False,False,False,False,False,False,False,False,False,False,False,False,False,False,False,False,False,False,False,False,False,False,False,False,False,False,False,False,False,False,False,False,False,False,False,False,False,False,False,False,False,False
2019,26.09768,25.51143,25.17102,24.963,24.33892,24.33892,24.33892,24.33892,23.92287,23.60138,23.60138,23.60138,23.60138,23.60138,23.60138,23.45009,23.01513,23.39335,23.58247,23.58247,24.28219,24.43348,24.94409,25.39796,27.02434,27.89426,29.19914,30.57967,33.07597,33.83243,34.32412,35.15622,35.34534,35.62901,35.66683,35.23187,35.62901,35.68574,35.7803,35.7803,35.62901,35.4588,35.23187,35.61009,35.79921,35.53445,35.4588,35.2886,35.04275,34.92929,35.32642,35.62901,35.62901,35.47771,35.40207,35.51554,35.53445,35.32642,35.1184,35.15622,35.2886,35.21296,34.96711,34.68344,34.41868,34.53215,34.41868,34.79691,35.00493,35.30751,35.68574,35.87485,35.42098,35.13731,35.32642,35.30751,34.32412,34.04045,34.04045,33.88916,33.58658,33.15162,33.35964,32.88686,32.6221,32.22496,31.69544,31.07137,30.16362,29.52064,28.57507,28.21575,27.55385,27.36474,26.81631,26.1355,False,False,False,False,False,False,False,False,False,False,False,False,False,False,False,False,False,False,False,False,False,False,False,False,False,False,False,False,False,False,False,False,False,False,False,False,False,False,False,False,False,False,False,False,False,False,False,False,False,False,False,False,False,False,False,False,False,False,False,False,False,False,False,False,False,False,False,False,False,False,False,False,False,False,False,False,False,False,False,False,False,False,False,False,False,False,False,False,False,False,False,False,False,False,False,False,False,False,False,False,False,False,False,False,False,False,False,False,False,False,False,False,False,False,False,False,False,False,False,False,False,False,False,False,False,False,False,False,False,False,False,False,False,False,False,False,False,False,False,False,False,False,False,False,False,False,False,False,False,False,False,False,False,False,False,True,False,False,False,False,False,False,False,False,False,False,False,False,False,False,False,False,False,False,False,False,False,False,False,False,False,False,False,False,False,False,False,False,False,False,False,False,False,False,False,False,False,False,False,False,False,False,False,False,False,False,False,False,False,False,False,False,False,False,False,False,False,False,False,False,False,False,False,False,False,False,False,False,False,False,False,False,False,False,False,False,False,False,False,False,False,False,False,False,False,False,False,False,False,False,False,False,False,False,False,False,False,False,False,False,False,False,False,False,False,False,False,False,False,False,False,False,False,False,False,False,False,False,False,False,False,False,False,False,False,False,False,False,False,False,False,False,False,False,False,False,False,False,False,False,False,False,False,False,False,False,False,False,False,False,False,False,False,False,False,False,False,False,False,False,False,False,False,False,False,False,False,False,False,False,False,False,False,False,False,False,False,False,False,False,False,False,False,False,False,False,False,False,False,False,False,False,False,False,False,False,False,False,False,False
2019,25.9653,25.41687,25.17102,24.62259,24.62259,24.54695,23.86614,23.86614,23.86614,23.18533,23.03404,23.03404,23.03404,23.03404,23.03404,23.03404,22.84493,22.84493,22.84493,22.84493,23.39335,23.75267,24.18763,24.58477,25.94639,27.21345,27.98882,29.18023,31.31722,32.31952,33.13271,33.75678,34.64561,34.38086,34.74017,34.60779,34.68344,34.96711,34.60779,34.49432,34.43759,34.75908,34.96711,34.89146,35.57227,35.2886,34.96711,35.30751,35.21296,35.55336,35.64792,36.30981,36.30981,36.42328,36.30981,36.25308,36.1207,36.34764,36.57457,36.55566,36.34764,35.83703,35.83703,36.02614,35.79921,35.7803,35.59118,35.64792,35.57227,35.59118,35.62901,35.49663,34.92929,34.77799,34.58888,34.74017,34.05936,33.66222,33.51093,33.39746,33.30291,32.7923,32.64101,32.03585,31.63871,30.88225,30.61749,29.97451,29.42608,29.21805,28.53724,27.87535,27.15672,27.00542,26.36244,25.83292,False,False,False,False,False,False,False,False,False,False,False,False,False,False,False,False,False,False,False,False,False,False,False,False,False,False,False,False,False,False,False,False,False,False,False,False,False,False,False,False,False,False,False,False,False,False,False,False,False,False,False,False,False,False,False,False,False,False,False,False,False,False,False,False,False,False,False,False,False,False,False,False,False,False,False,False,False,False,False,False,False,False,False,False,False,False,False,False,False,False,False,False,False,False,False,False,False,False,False,False,False,False,False,False,False,False,False,False,False,False,False,False,False,False,False,False,False,False,False,False,False,False,False,False,False,False,False,False,False,False,False,False,False,False,False,False,False,False,False,False,False,False,False,False,False,False,False,False,False,False,False,False,False,False,False,False,False,False,False,False,False,False,False,False,False,False,False,True,False,False,False,False,False,False,False,False,False,False,False,False,False,False,False,False,False,False,False,False,False,False,False,False,False,False,False,False,False,False,False,False,False,False,False,False,False,False,False,False,False,False,False,False,False,False,False,False,False,False,False,False,False,False,False,False,False,False,False,False,False,False,False,False,False,False,False,False,False,False,False,False,False,False,False,False,False,False,False,False,False,False,False,False,False,False,False,False,False,False,False,False,False,False,False,False,False,False,False,False,False,False,False,False,False,False,False,False,False,False,False,False,False,False,False,False,False,False,False,False,False,False,False,False,False,False,False,False,False,False,False,False,False,False,False,False,False,False,False,False,False,False,False,False,False,False,False,False,False,False,False,False,False,False,False,False,False,False,False,False,False,False,False,False,False,False,False,False,False,False,False,False,False,False,False,False,False,False,False,False,False,False,False,False,False,False,False,False,False,False,False,False
2019,25.45469,25.45469,25.1332,24.67933,24.67933,24.56586,23.94178,23.90396,23.31771,23.31771,23.31771,23.09077,22.69363,22.69363,22.69363,22.69363,22.69363,22.69363,22.69363,22.69363,23.6392,23.94178,24.32001,24.88735,25.94639,26.74067,27.55385,28.55616,30.4662,31.58197,31.94129,32.41407,33.00033,32.98141,33.49202,33.68114,33.85134,34.24848,34.24848,34.53215,34.53215,34.87255,34.87255,35.02384,35.38316,35.62901,35.55336,35.62901,35.83703,35.91268,35.91268,35.70465,35.49663,35.96941,36.25308,36.1207,36.10179,35.53445,35.70465,35.87485,35.42098,35.38316,35.13731,35.02384,34.81582,34.41868,34.32412,34.22956,34.4565,34.4565,35.1184,35.00493,34.51324,34.22956,34.13501,34.00263,33.47311,33.22726,33.18944,32.86795,32.54645,32.6221,32.4519,32.16823,32.09258,31.54415,31.10919,30.61749,30.01233,29.52064,28.85874,28.27249,27.64841,27.49712,27.00542,26.43808,False,False,False,False,False,False,False,False,False,False,False,False,False,False,False,False,False,False,False,False,False,False,False,False,False,False,False,False,False,False,False,False,False,False,False,False,False,False,False,False,False,False,False,False,False,False,False,False,False,False,False,False,False,False,False,False,False,False,False,False,False,False,False,False,False,False,False,False,False,False,False,False,False,False,False,False,False,False,False,False,False,False,False,False,False,False,False,False,False,False,False,False,False,False,False,False,False,False,False,False,False,False,False,False,False,False,False,False,False,False,False,False,False,False,False,False,False,False,False,False,False,False,False,False,False,False,False,False,False,False,False,False,False,False,False,False,False,False,False,False,False,False,False,False,False,False,False,False,False,False,False,False,False,False,False,False,False,False,False,False,False,False,False,False,False,False,False,False,False,False,False,False,False,False,False,False,False,False,False,True,False,False,False,False,False,False,False,False,False,False,False,False,False,False,False,False,False,False,False,False,False,False,False,False,False,False,False,False,False,False,False,False,False,False,False,False,False,False,False,False,False,False,False,False,False,False,False,False,False,False,False,False,False,False,False,False,False,False,False,False,False,False,False,False,False,False,False,False,False,False,False,False,False,False,False,False,False,False,False,False,False,False,False,False,False,False,False,False,False,False,False,False,False,False,False,False,False,False,False,False,False,False,False,False,False,False,False,False,False,False,False,False,False,False,False,False,False,False,False,False,False,False,False,False,False,False,False,False,False,False,False,False,False,False,False,False,False,False,False,False,False,False,False,False,False,False,False,False,False,False,False,False,False,False,False,False,False,False,False,False,False,False,False,False,False,False,False,False,False,False,False,False,False,False,False,False,False,False,False,False
2019,26.15441,25.36014,25.34122,24.88735,24.71715,24.3011,24.05525,24.05525,24.05525,23.35553,23.2988,23.2988,22.78819,22.6369,22.6369,22.6369,22.78819,22.61799,22.61799,23.18533,23.54465,24.09307,24.56586,25.07647,25.9653,26.7974,27.72406,28.42378,30.88225,31.86564,32.69774,33.13271,33.54876,33.92698,33.81351,34.22956,34.21065,34.4565,34.32412,34.30521,34.41868,34.41868,34.41868,34.56997,34.79691,34.70235,34.51324,34.49432,34.47541,34.98602,34.98602,34.70235,34.96711,35.21296,34.9482,34.72126,35.06166,35.06166,34.85364,34.83473,34.4565,34.26739,34.21065,34.21065,34.24848,34.17283,34.21065,34.15392,34.02154,33.92698,34.34303,34.85364,34.21065,34.15392,33.77569,33.96481,33.56767,33.41638,33.11379,33.15162,32.90577,32.56536,32.43299,31.9602,31.92238,31.58197,31.35504,30.84443,30.40947,30.06907,29.52064,29.23697,28.6318,28.14011,27.83752,27.49712,False,False,False,False,False,False,False,False,False,False,False,False,False,False,False,False,False,False,False,False,False,False,False,False,False,False,False,False,False,False,False,False,False,False,False,False,False,False,False,False,False,False,False,False,False,False,False,False,False,False,False,False,False,False,False,False,False,False,False,False,False,False,False,False,False,False,False,False,False,False,False,False,False,False,False,False,False,False,False,False,False,False,False,False,False,False,False,False,False,False,False,False,False,False,False,False,False,False,False,False,False,False,False,False,False,False,False,False,False,False,False,False,False,False,False,False,False,False,False,False,False,False,False,False,False,False,False,False,False,False,False,False,False,False,False,False,False,False,False,False,False,False,False,False,False,False,False,False,False,False,False,False,False,False,False,False,False,False,False,False,False,False,False,False,False,False,False,False,False,False,False,False,False,False,False,False,False,False,False,False,False,False,False,False,False,False,False,False,False,False,False,True,False,False,False,False,False,False,False,False,False,False,False,False,False,False,False,False,False,False,False,False,False,False,False,False,False,False,False,False,False,False,False,False,False,False,False,False,False,False,False,False,False,False,False,False,False,False,False,False,False,False,False,False,False,False,False,False,False,False,False,False,False,False,False,False,False,False,False,False,False,False,False,False,False,False,False,False,False,False,False,False,False,False,False,False,False,False,False,False,False,False,False,False,False,False,False,False,False,False,False,False,False,False,False,False,False,False,False,False,False,False,False,False,False,False,False,False,False,False,False,False,False,False,False,False,False,False,False,False,False,False,False,False,False,False,False,False,False,False,False,False,False,False,False,False,False,False,False,False,False,False,False,False,False,False,False,False,False,False,False,False,False,False,False,False,False,False,False,False
2019,26.68393,26.34353,25.53034,25.39796,24.88735,24.88735,24.24437,23.99852,23.99852,23.52573,23.26097,23.26097,23.26097,23.26097,23.26097,23.26097,22.86384,22.84493,23.18533,23.18533,23.18533,23.18533,23.43118,23.8094,24.20654,24.45239,24.88735,24.98191,26.00312,26.53264,26.92978,27.00542,27.36474,27.89426,27.89426,27.89426,28.53724,28.68854,28.82092,28.82092,28.82092,28.82092,29.44499,29.70975,29.97451,30.31491,30.35274,30.14471,30.18253,30.18253,30.10689,30.10689,30.10689,30.10689,30.10689,30.10689,30.01233,30.06907,30.1258,30.18253,30.56076,29.9556,29.93669,29.82322,30.22036,30.50403,30.40947,30.73096,31.37395,31.63871,32.11149,32.39516,32.67883,32.9625,32.9625,32.71666,32.65992,32.43299,32.43299,32.43299,32.33843,32.07367,31.71435,31.46851,31.22266,31.01463,30.84443,30.56076,30.22036,29.44499,29.44499,28.85874,28.65071,28.65071,27.98882,27.44039,False,False,False,False,False,False,False,False,False,False,False,False,False,False,False,False,False,False,False,False,False,False,False,False,False,False,False,False,False,False,False,False,False,False,False,False,False,False,False,False,False,False,False,False,False,False,False,False,False,False,False,False,False,False,False,False,False,False,False,False,False,False,False,False,False,False,False,False,False,False,False,False,False,False,False,False,False,False,False,False,False,False,False,False,False,False,False,False,False,False,False,False,False,False,False,False,False,False,False,False,False,False,False,False,False,False,False,False,False,False,False,False,False,False,False,False,False,False,False,False,False,False,False,False,False,False,False,False,False,False,False,False,False,False,False,False,False,False,False,False,False,False,False,False,False,False,False,False,False,False,False,False,False,False,False,False,False,False,False,False,False,False,False,False,False,False,False,False,False,False,False,False,False,False,False,False,False,False,False,False,False,False,False,False,False,False,False,False,False,False,False,False,False,False,False,False,False,False,False,False,False,False,False,True,False,False,False,False,False,False,False,False,False,False,False,False,False,False,False,False,False,False,False,False,False,False,False,False,False,False,False,False,False,False,False,False,False,False,False,False,False,False,False,False,False,False,False,False,False,False,False,False,False,False,False,False,False,False,False,False,False,False,False,False,False,False,False,False,False,False,False,False,False,False,False,False,False,False,False,False,False,False,False,False,False,False,False,False,False,False,False,False,False,False,False,False,False,False,False,False,False,False,False,False,False,False,False,False,False,False,False,False,False,False,False,False,False,False,False,False,False,False,False,False,False,False,False,False,False,False,False,False,False,False,False,False,False,False,False,False,False,False,False,False,False,False,False,False,False,False,False,False,False,False,False,False,False,False,False,False
2019,26.92978,26.49482,26.00312,25.73836,25.73836,25.37905,25.00082,24.62259,24.16872,24.16872,24.16872,24.16872,23.62029,23.41227,23.41227,23.41227,23.41227,23.41227,23.33662,22.75037,22.76928,23.41227,23.41227,23.41227,23.99852,24.20654,24.52804,25.18993,25.64381,26.28679,26.51373,26.60829,26.60829,27.19454,27.30801,27.53494,28.12119,28.2914,28.48051,28.31031,28.78309,29.14241,29.21805,29.18023,29.67193,29.82322,29.80431,29.97451,29.57737,29.72866,29.93669,29.61519,29.99342,30.10689,30.1258,30.39056,30.25818,29.74757,29.93669,29.93669,29.99342,30.06907,30.10689,30.22036,30.27709,30.44729,30.73096,30.99572,31.46851,32.30061,32.94359,33.60549,33.83243,33.98372,33.98372,34.19174,34.1161,34.17283,33.96481,34.02154,33.47311,33.39746,33.284,33.17053,32.71666,32.33843,31.90347,31.46851,30.7877,30.05015,29.40717,28.68854,27.81861,27.57277,27.06216,26.74067,False,False,False,False,False,False,False,False,False,False,False,False,False,False,False,False,False,False,False,False,False,False,False,False,False,False,False,False,False,False,False,False,False,False,False,False,False,False,False,False,False,False,False,False,False,False,False,False,False,False,False,False,False,False,False,False,False,False,False,False,False,False,False,False,False,False,False,False,False,False,False,False,False,False,False,False,False,False,False,False,False,False,False,False,False,False,False,False,False,False,False,False,False,False,False,False,False,False,False,False,False,False,False,False,False,False,False,False,False,False,False,False,False,False,False,False,False,False,False,False,False,False,False,False,False,False,False,False,False,False,False,False,False,False,False,False,False,False,False,False,False,False,False,False,False,False,False,False,False,False,False,False,False,False,False,False,False,False,False,False,False,False,False,False,False,False,False,False,False,False,False,False,False,False,False,False,False,False,False,False,False,False,False,False,False,False,False,False,False,False,False,False,False,False,False,False,False,False,False,False,False,False,False,False,False,False,False,False,False,False,False,False,False,False,False,True,False,False,False,False,False,False,False,False,False,False,False,False,False,False,False,False,False,False,False,False,False,False,False,False,False,False,False,False,False,False,False,False,False,False,False,False,False,False,False,False,False,False,False,False,False,False,False,False,False,False,False,False,False,False,False,False,False,False,False,False,False,False,False,False,False,False,False,False,False,False,False,False,False,False,False,False,False,False,False,False,False,False,False,False,False,False,False,False,False,False,False,False,False,False,False,False,False,False,False,False,False,False,False,False,False,False,False,False,False,False,False,False,False,False,False,False,False,False,False,False,False,False,False,False,False,False,False,False,False,False,False,False,False,False,False,False,False,False,False,False,False,False,False,False
2019,26.15441,25.7951,25.7951,25.66272,24.94409,24.94409,24.7928,24.32001,24.32001,24.32001,24.32001,23.62029,23.52573,23.52573,23.52573,23.52573,23.52573,24.16872,24.32001,24.32001,24.77388,25.11429,25.11429,25.73836,27.2891,28.51833,29.82322,31.14701,33.83243,34.89146,35.96941,36.13961,36.87716,37.02845,37.123,37.17974,37.31212,37.08518,37.00953,36.9528,36.99062,37.123,37.17974,37.04736,37.02845,36.7826,36.51784,36.46111,36.53675,36.15852,36.42328,36.42328,36.25308,36.32873,36.36655,35.98832,36.36655,36.19635,35.89376,36.00723,35.64792,35.34534,35.25078,35.17513,35.1184,35.00493,35.1184,35.1184,35.40207,36.00723,36.63131,36.74478,36.48002,36.30981,36.15852,36.1207,35.4588,35.34534,35.36425,34.81582,34.81582,34.34303,34.13501,34.00263,33.41638,32.71666,32.31952,31.75218,30.92008,30.31491,29.44499,28.70745,28.00773,27.51603,26.9676,26.57046,False,False,False,False,False,False,False,False,False,False,False,False,False,False,False,False,False,False,False,False,False,False,False,False,False,False,False,False,False,False,False,False,False,False,False,False,False,False,False,False,False,False,False,False,False,False,False,False,False,False,False,False,False,False,False,False,False,False,False,False,False,False,False,False,False,False,False,False,False,False,False,False,False,False,False,False,False,False,False,False,False,False,False,False,False,False,False,False,False,False,False,False,False,False,False,False,False,False,False,False,False,False,False,False,False,False,False,False,False,False,False,False,False,False,False,False,False,False,False,False,False,False,False,False,False,False,False,False,False,False,False,False,False,False,False,False,False,False,False,False,False,False,False,False,False,False,False,False,False,False,False,False,False,False,False,False,False,False,False,False,False,False,False,False,False,False,False,False,False,False,False,False,False,False,False,False,False,False,False,False,False,False,False,False,False,False,False,False,False,False,False,False,False,False,False,False,False,False,False,False,False,False,False,False,False,False,False,False,False,False,False,False,False,False,False,False,False,False,False,False,False,False,False,False,False,False,False,True,False,False,False,False,False,False,False,False,False,False,False,False,False,False,False,False,False,False,False,False,False,False,False,False,False,False,False,False,False,False,False,False,False,False,False,False,False,False,False,False,False,False,False,False,False,False,False,False,False,False,False,False,False,False,False,False,False,False,False,False,False,False,False,False,False,False,False,False,False,False,False,False,False,False,False,False,False,False,False,False,False,False,False,False,False,False,False,False,False,False,False,False,False,False,False,False,False,False,False,False,False,False,False,False,False,False,False,False,False,False,False,False,False,False,False,False,False,False,False,False,False,False,False,False,False,False,False,False,False,False,False,False
2019,25.9653,25.9653,25.9653,25.66272,25.1332,25.1332,25.1332,24.7928,24.45239,24.24437,23.8094,23.8094,23.8094,23.8094,23.8094,23.8094,23.82832,23.82832,23.82832,23.82832,24.33892,24.71715,25.51143,26.07877,27.36474,28.51833,29.50172,30.69314,33.41638,34.30521,35.06166,35.47771,36.21526,36.57457,36.44219,36.19635,36.2909,36.21526,36.02614,35.57227,36.23417,36.46111,36.49893,36.13961,36.25308,36.2909,36.08288,36.06397,36.44219,36.19635,35.70465,35.72356,35.70465,35.87485,36.13961,36.13961,35.79921,35.53445,35.40207,35.49663,35.09949,35.08058,34.96711,35.00493,34.77799,34.68344,35.21296,35.74247,35.72356,36.48002,36.9528,37.29321,36.74478,36.70695,36.70695,36.72586,36.36655,35.93159,35.91268,35.91268,35.32642,35.09949,35.06166,34.47541,34.07827,33.60549,32.73557,32.22496,31.75218,30.97681,30.37165,29.82322,28.97221,28.23466,27.87535,27.21345,False,False,False,False,False,False,False,False,False,False,False,False,False,False,False,False,False,False,False,False,False,False,False,False,False,False,False,False,False,False,False,False,False,False,False,False,False,False,False,False,False,False,False,False,False,False,False,False,False,False,False,False,False,False,False,False,False,False,False,False,False,False,False,False,False,False,False,False,False,False,False,False,False,False,False,False,False,False,False,False,False,False,False,False,False,False,False,False,False,False,False,False,False,False,False,False,False,False,False,False,False,False,False,False,False,False,False,False,False,False,False,False,False,False,False,False,False,False,False,False,False,False,False,False,False,False,False,False,False,False,False,False,False,False,False,False,False,False,False,False,False,False,False,False,False,False,False,False,False,False,False,False,False,False,False,False,False,False,False,False,False,False,False,False,False,False,False,False,False,False,False,False,False,False,False,False,False,False,False,False,False,False,False,False,False,False,False,False,False,False,False,False,False,False,False,False,False,False,False,False,False,False,False,False,False,False,False,False,False,False,False,False,False,False,False,False,False,False,False,False,False,False,False,False,False,False,False,False,False,False,False,False,False,False,False,False,False,False,False,True,False,False,False,False,False,False,False,False,False,False,False,False,False,False,False,False,False,False,False,False,False,False,False,False,False,False,False,False,False,False,False,False,False,False,False,False,False,False,False,False,False,False,False,False,False,False,False,False,False,False,False,False,False,False,False,False,False,False,False,False,False,False,False,False,False,False,False,False,False,False,False,False,False,False,False,False,False,False,False,False,False,False,False,False,False,False,False,False,False,False,False,False,False,False,False,False,False,False,False,False,False,False,False,False,False,False,False,False,False,False,False,False,False,False,False,False,False,False,False,False
2019,26.98651,26.47591,25.9653,25.7951,25.71945,25.07647,24.50912,24.32001,24.32001,24.32001,23.73376,23.84723,23.77158,23.77158,23.77158,23.77158,23.60138,23.60138,23.60138,23.60138,24.20654,24.62259,24.92517,25.58707,27.1378,28.27249,29.48281,30.44729,32.84904,33.7946,33.83243,34.64561,35.09949,35.08058,35.09949,35.21296,35.26969,35.51554,35.13731,35.09949,35.25078,35.23187,35.34534,35.4588,35.66683,35.34534,35.47771,35.85594,36.08288,35.87485,35.81812,35.62901,36.06397,36.04506,36.02614,36.02614,35.89376,35.51554,35.32642,35.32642,34.89146,35.02384,35.06166,35.21296,35.30751,35.42098,35.13731,35.64792,35.98832,36.2909,36.59349,36.72586,36.51784,35.9505,35.66683,36.06397,35.26969,35.19404,34.92929,34.87255,34.30521,34.32412,34.32412,33.98372,33.41638,33.11379,32.54645,31.9602,31.39286,30.93899,30.23927,29.53955,28.66962,28.51833,27.61059,27.34583,False,False,False,False,False,False,False,False,False,False,False,False,False,False,False,False,False,False,False,False,False,False,False,False,False,False,False,False,False,False,False,False,False,False,False,False,False,False,False,False,False,False,False,False,False,False,False,False,False,False,False,False,False,False,False,False,False,False,False,False,False,False,False,False,False,False,False,False,False,False,False,False,False,False,False,False,False,False,False,False,False,False,False,False,False,False,False,False,False,False,False,False,False,False,False,False,False,False,False,False,False,False,False,False,False,False,False,False,False,False,False,False,False,False,False,False,False,False,False,False,False,False,False,False,False,False,False,False,False,False,False,False,False,False,False,False,False,False,False,False,False,False,False,False,False,False,False,False,False,False,False,False,False,False,False,False,False,False,False,False,False,False,False,False,False,False,False,False,False,False,False,False,False,False,False,False,False,False,False,False,False,False,False,False,False,False,False,False,False,False,False,False,False,False,False,False,False,False,False,False,False,False,False,False,False,False,False,False,False,False,False,False,False,False,False,False,False,False,False,False,False,False,False,False,False,False,False,False,False,False,False,False,False,False,False,False,False,False,False,False,False,False,False,False,False,False,False,False,False,False,False,True,False,False,False,False,False,False,False,False,False,False,False,False,False,False,False,False,False,False,False,False,False,False,False,False,False,False,False,False,False,False,False,False,False,False,False,False,False,False,False,False,False,False,False,False,False,False,False,False,False,False,False,False,False,False,False,False,False,False,False,False,False,False,False,False,False,False,False,False,False,False,False,False,False,False,False,False,False,False,False,False,False,False,False,False,False,False,False,False,False,False,False,False,False,False,False,False,False,False,False,False,False,False,False,False,False,False,False,False
2019,26.83522,26.43808,25.85183,25.6249,25.1332,25.1332,24.86844,24.49021,24.49021,24.37675,23.71485,23.71485,23.71485,23.71485,23.71485,23.71485,23.71485,23.71485,24.05525,23.69594,24.20654,24.56586,25.09538,25.68163,26.89196,28.06446,29.04785,30.1258,32.84904,33.71896,34.2863,34.92929,35.40207,35.34534,35.36425,35.36425,35.32642,35.26969,35.23187,35.17513,35.34534,35.79921,35.25078,35.51554,35.59118,35.66683,35.53445,35.66683,35.51554,36.00723,35.59118,35.36425,35.08058,35.09949,35.02384,34.92929,34.56997,34.43759,34.66453,35.23187,34.6267,34.55106,34.85364,34.58888,34.81582,35.15622,35.26969,35.68574,35.76139,36.30981,36.38546,36.66913,36.15852,35.9505,35.57227,35.85594,35.32642,35.02384,34.75908,34.72126,34.49432,34.49432,34.02154,33.77569,33.73787,33.39746,32.60319,32.16823,31.41177,30.69314,30.23927,29.36934,28.87765,28.31031,27.85644,27.32692,False,False,False,False,False,False,False,False,False,False,False,False,False,False,False,False,False,False,False,False,False,False,False,False,False,False,False,False,False,False,False,False,False,False,False,False,False,False,False,False,False,False,False,False,False,False,False,False,False,False,False,False,False,False,False,False,False,False,False,False,False,False,False,False,False,False,False,False,False,False,False,False,False,False,False,False,False,False,False,False,False,False,False,False,False,False,False,False,False,False,False,False,False,False,False,False,False,False,False,False,False,False,False,False,False,False,False,False,False,False,False,False,False,False,False,False,False,False,False,False,False,False,False,False,False,False,False,False,False,False,False,False,False,False,False,False,False,False,False,False,False,False,False,False,False,False,False,False,False,False,False,False,False,False,False,False,False,False,False,False,False,False,False,False,False,False,False,False,False,False,False,False,False,False,False,False,False,False,False,False,False,False,False,False,False,False,False,False,False,False,False,False,False,False,False,False,False,False,False,False,False,False,False,False,False,False,False,False,False,False,False,False,False,False,False,False,False,False,False,False,False,False,False,False,False,False,False,False,False,False,False,False,False,False,False,False,False,False,False,False,False,False,False,False,False,False,False,False,False,False,False,False,False,False,False,False,False,False,False,False,False,False,False,True,False,False,False,False,False,False,False,False,False,False,False,False,False,False,False,False,False,False,False,False,False,False,False,False,False,False,False,False,False,False,False,False,False,False,False,False,False,False,False,False,False,False,False,False,False,False,False,False,False,False,False,False,False,False,False,False,False,False,False,False,False,False,False,False,False,False,False,False,False,False,False,False,False,False,False,False,False,False,False,False,False,False,False,False,False,False,False,False,False,False,False,False,False,False,False,False
2019,26.89196,26.38135,25.88965,25.73836,25.60598,25.00082,24.62259,24.33892,24.33892,23.71485,23.6392,24.09307,23.84723,23.69594,23.69594,23.69594,23.65811,23.65811,23.65811,23.65811,24.11199,24.54695,24.86844,25.34122,26.72175,27.72406,28.85874,29.6341,31.77109,33.22726,33.64331,34.17283,34.87255,35.17513,35.43989,35.08058,35.02384,35.17513,34.96711,35.30751,35.02384,35.47771,35.51554,35.51554,35.51554,35.51554,35.51554,35.17513,35.61009,35.83703,35.57227,35.30751,35.08058,34.83473,34.83473,34.83473,34.83473,34.98602,34.81582,34.92929,34.74017,34.55106,34.51324,34.36194,34.13501,34.21065,34.47541,34.89146,34.75908,35.15622,35.34534,35.7803,35.49663,35.08058,35.04275,34.98602,34.53215,34.19174,33.96481,33.96481,33.96481,33.47311,33.68114,33.00033,32.9625,32.11149,32.05476,31.35504,30.69314,30.69314,29.89886,29.23697,28.99112,28.49942,28.02664,27.49712,False,False,False,False,False,False,False,False,False,False,False,False,False,False,False,False,False,False,False,False,False,False,False,False,False,False,False,False,False,False,False,False,False,False,False,False,False,False,False,False,False,False,False,False,False,False,False,False,False,False,False,False,False,False,False,False,False,False,False,False,False,False,False,False,False,False,False,False,False,False,False,False,False,False,False,False,False,False,False,False,False,False,False,False,False,False,False,False,False,False,False,False,False,False,False,False,False,False,False,False,False,False,False,False,False,False,False,False,False,False,False,False,False,False,False,False,False,False,False,False,False,False,False,False,False,False,False,False,False,False,False,False,False,False,False,False,False,False,False,False,False,False,False,False,False,False,False,False,False,False,False,False,False,False,False,False,False,False,False,False,False,False,False,False,False,False,False,False,False,False,False,False,False,False,False,False,False,False,False,False,False,False,False,False,False,False,False,False,False,False,False,False,False,False,False,False,False,False,False,False,False,False,False,False,False,False,False,False,False,False,False,False,False,False,False,False,False,False,False,False,False,False,False,False,False,False,False,False,False,False,False,False,False,False,False,False,False,False,False,False,False,False,False,False,False,False,False,False,False,False,False,False,False,False,False,False,False,False,False,False,False,False,False,False,False,False,False,False,False,False,False,False,False,False,False,True,False,False,False,False,False,False,False,False,False,False,False,False,False,False,False,False,False,False,False,False,False,False,False,False,False,False,False,False,False,False,False,False,False,False,False,False,False,False,False,False,False,False,False,False,False,False,False,False,False,False,False,False,False,False,False,False,False,False,False,False,False,False,False,False,False,False,False,False,False,False,False,False,False,False,False,False,False,False,False,False,False,False,False,False
2019,26.83522,26.83522,26.04095,25.9653,25.66272,25.17102,25.17102,24.50912,24.28219,24.28219,24.28219,23.71485,23.88505,24.14981,23.54465,23.54465,23.1286,23.1286,23.1286,23.1286,23.1286,23.1286,23.37444,24.43348,25.03864,24.88735,25.45469,25.70054,26.55155,26.92978,27.30801,27.66732,27.72406,27.70514,28.40487,29.04785,29.14241,29.14241,29.14241,29.61519,29.78539,29.78539,29.78539,30.296,30.7877,30.63641,30.82552,31.05246,30.84443,30.61749,30.65532,30.76879,30.90117,31.41177,30.80661,30.90117,30.82552,30.90117,30.90117,30.90117,30.90117,30.73096,30.80661,30.74987,30.74987,30.92008,31.03354,31.41177,31.94129,32.22496,32.58428,33.17053,33.17053,33.15162,32.90577,32.94359,32.83012,32.7923,32.41407,32.73557,32.35734,32.20605,32.09258,32.09258,31.63871,31.35504,31.05246,30.88225,30.59858,30.05015,29.42608,29.31261,28.70745,28.6318,28.6318,27.95099,False,False,False,False,False,False,False,False,False,False,False,False,False,False,False,False,False,False,False,False,False,False,False,False,False,False,False,False,False,False,False,False,False,False,False,False,False,False,False,False,False,False,False,False,False,False,False,False,False,False,False,False,False,False,False,False,False,False,False,False,False,False,False,False,False,False,False,False,False,False,False,False,False,False,False,False,False,False,False,False,False,False,False,False,False,False,False,False,False,False,False,False,False,False,False,False,False,False,False,False,False,False,False,False,False,False,False,False,False,False,False,False,False,False,False,False,False,False,False,False,False,False,False,False,False,False,False,False,False,False,False,False,False,False,False,False,False,False,False,False,False,False,False,False,False,False,False,False,False,False,False,False,False,False,False,False,False,False,False,False,False,False,False,False,False,False,False,False,False,False,False,False,False,False,False,False,False,False,False,False,False,False,False,False,False,False,False,False,False,False,False,False,False,False,False,False,False,False,False,False,False,False,False,False,False,False,False,False,False,False,False,False,False,False,False,False,False,False,False,False,False,False,False,False,False,False,False,False,False,False,False,False,False,False,False,False,False,False,False,False,False,False,False,False,False,False,False,False,False,False,False,False,False,False,False,False,False,False,False,False,False,False,False,False,False,False,False,False,False,False,False,False,False,False,False,False,False,False,False,False,False,False,False,False,False,False,False,True,False,False,False,False,False,False,False,False,False,False,False,False,False,False,False,False,False,False,False,False,False,False,False,False,False,False,False,False,False,False,False,False,False,False,False,False,False,False,False,False,False,False,False,False,False,False,False,False,False,False,False,False,False,False,False,False,False,False,False,False,False,False,False,False,False,False,False,False,False,False,False,False
2019,27.6295,26.75958,26.60829,26.00312,25.68163,25.17102,25.17102,24.6415,24.50912,24.50912,24.03634,23.82832,23.82832,23.82832,23.82832,23.82832,23.82832,23.67702,23.77158,23.62029,23.37444,23.77158,23.77158,23.77158,24.22545,24.43348,24.66042,25.05755,25.66272,25.7951,26.15441,26.91087,27.11889,27.11889,27.61059,27.74297,28.25357,28.93438,29.14241,29.25588,29.04785,29.50172,29.70975,29.70975,30.06907,30.06907,30.23927,30.27709,30.296,29.97451,29.91777,30.05015,30.20144,30.23927,30.22036,30.1258,30.16362,30.16362,30.16362,30.14471,30.25818,30.63641,30.42838,30.86334,31.03354,30.97681,31.1281,31.6198,32.07367,32.41407,32.65992,33.24617,33.39746,33.70005,33.81351,33.51093,33.43529,33.34073,33.01924,33.01924,32.77339,32.48972,32.28169,31.82782,31.65762,31.18484,31.18484,30.63641,29.72866,28.95329,28.48051,28.06446,27.42147,27.15672,27.15672,26.21115,False,False,False,False,False,False,False,False,False,False,False,False,False,False,False,False,False,False,False,False,False,False,False,False,False,False,False,False,False,False,False,False,False,False,False,False,False,False,False,False,False,False,False,False,False,False,False,False,False,False,False,False,False,False,False,False,False,False,False,False,False,False,False,False,False,False,False,False,False,False,False,False,False,False,False,False,False,False,False,False,False,False,False,False,False,False,False,False,False,False,False,False,False,False,False,False,False,False,False,False,False,False,False,False,False,False,False,False,False,False,False,False,False,False,False,False,False,False,False,False,False,False,False,False,False,False,False,False,False,False,False,False,False,False,False,False,False,False,False,False,False,False,False,False,False,False,False,False,False,False,False,False,False,False,False,False,False,False,False,False,False,False,False,False,False,False,False,False,False,False,False,False,False,False,False,False,False,False,False,False,False,False,False,False,False,False,False,False,False,False,False,False,False,False,False,False,False,False,False,False,False,False,False,False,False,False,False,False,False,False,False,False,False,False,False,False,False,False,False,False,False,False,False,False,False,False,False,False,False,False,False,False,False,False,False,False,False,False,False,False,False,False,False,False,False,False,False,False,False,False,False,False,False,False,False,False,False,False,False,False,False,False,False,False,False,False,False,False,False,False,False,False,False,False,False,False,False,False,False,False,False,False,False,False,False,False,False,False,False,False,False,False,False,False,False,False,False,False,False,True,False,False,False,False,False,False,False,False,False,False,False,False,False,False,False,False,False,False,False,False,False,False,False,False,False,False,False,False,False,False,False,False,False,False,False,False,False,False,False,False,False,False,False,False,False,False,False,False,False,False,False,False,False,False,False,False,False,False,False,False
2019,25.64381,25.64381,25.36014,25.00082,25.00082,24.6415,24.22545,24.22545,23.92287,23.60138,23.60138,23.60138,23.60138,23.41227,22.93948,22.84493,23.22315,23.6392,23.6392,23.6392,24.28219,24.90626,24.90626,25.39796,26.64611,27.61059,28.72636,30.10689,32.37625,33.56767,34.21065,35.02384,35.72356,35.81812,35.68574,35.89376,36.00723,36.25308,36.23417,36.25308,36.38546,36.51784,36.93389,37.14191,37.17974,37.27429,36.59349,36.46111,36.46111,36.48002,36.42328,36.40437,36.9528,37.02845,37.14191,36.85824,36.72586,36.74478,36.57457,36.46111,36.17744,36.36655,36.59349,36.80151,36.76369,36.72586,36.76369,37.21756,37.50123,37.84163,37.93619,38.4468,37.40667,37.31212,37.40667,37.25538,36.46111,36.08288,35.93159,36.02614,35.57227,35.2886,34.9482,34.70235,34.43759,33.4542,33.03815,32.37625,31.84673,30.86334,30.1258,29.14241,28.66962,28.08337,27.53494,27.38365,False,False,False,False,False,False,False,False,False,False,False,False,False,False,False,False,False,False,False,False,False,False,False,False,False,False,False,False,False,False,False,False,False,False,False,False,False,False,False,False,False,False,False,False,False,False,False,False,False,False,False,False,False,False,False,False,False,False,False,False,False,False,False,False,False,False,False,False,False,False,False,False,False,False,False,False,False,False,False,False,False,False,False,False,False,False,False,False,False,False,False,False,False,False,False,False,False,False,False,False,False,False,False,False,False,False,False,False,False,False,False,False,False,False,False,False,False,False,False,False,False,False,False,False,False,False,False,False,False,False,False,False,False,False,False,False,False,False,False,False,False,False,False,False,False,False,False,False,False,False,False,False,False,False,False,False,False,False,False,False,False,False,False,False,False,False,False,False,False,False,False,False,False,False,False,False,False,False,False,False,False,False,False,False,False,False,False,False,False,False,False,False,False,False,False,False,False,False,False,False,False,False,False,False,False,False,False,False,False,False,False,False,False,False,False,False,False,False,False,False,False,False,False,False,False,False,False,False,False,False,False,False,False,False,False,False,False,False,False,False,False,False,False,False,False,False,False,False,False,False,False,False,False,False,False,False,False,False,False,False,False,False,False,False,False,False,False,False,False,False,False,False,False,False,False,False,False,False,False,False,False,False,False,False,False,False,False,False,False,False,False,False,False,False,False,False,False,False,False,False,False,False,False,False,False,False,False,False,False,False,True,False,False,False,False,False,False,False,False,False,False,False,False,False,False,False,False,False,False,False,False,False,False,False,False,False,False,False,False,False,False,False,False,False,False,False,False,False,False,False,False,False,False,False,False,False,False,False,False,False
2019,26.68393,26.47591,25.70054,25.15211,25.24667,24.83062,24.83062,24.83062,24.67933,24.11199,24.32001,23.82832,23.77158,23.77158,23.77158,23.77158,23.9607,23.77158,24.39566,24.56586,24.67933,24.67933,25.15211,25.9653,27.36474,28.42378,29.48281,30.63641,33.32182,34.6267,35.34534,36.10179,36.36655,36.32873,36.17744,36.1207,36.55566,36.25308,36.08288,35.76139,35.76139,35.9505,35.68574,35.70465,35.83703,35.4588,35.26969,35.49663,35.09949,35.62901,35.76139,35.62901,35.62901,35.38316,35.36425,35.30751,35.04275,35.00493,35.02384,35.53445,35.04275,35.08058,35.34534,34.92929,34.89146,35.40207,35.57227,35.76139,35.91268,36.66913,37.02845,37.59579,37.17974,37.00953,37.06627,37.27429,36.9528,36.30981,36.08288,36.02614,35.91268,35.62901,35.7803,35.21296,35.04275,34.30521,33.77569,33.17053,32.47081,31.92238,31.07137,29.99342,29.27479,28.74527,27.95099,27.66732,False,False,False,False,False,False,False,False,False,False,False,False,False,False,False,False,False,False,False,False,False,False,False,False,False,False,False,False,False,False,False,False,False,False,False,False,False,False,False,False,False,False,False,False,False,False,False,False,False,False,False,False,False,False,False,False,False,False,False,False,False,False,False,False,False,False,False,False,False,False,False,False,False,False,False,False,False,False,False,False,False,False,False,False,False,False,False,False,False,False,False,False,False,False,False,False,False,False,False,False,False,False,False,False,False,False,False,False,False,False,False,False,False,False,False,False,False,False,False,False,False,False,False,False,False,False,False,False,False,False,False,False,False,False,False,False,False,False,False,False,False,False,False,False,False,False,False,False,False,False,False,False,False,False,False,False,False,False,False,False,False,False,False,False,False,False,False,False,False,False,False,False,False,False,False,False,False,False,False,False,False,False,False,False,False,False,False,False,False,False,False,False,False,False,False,False,False,False,False,False,False,False,False,False,False,False,False,False,False,False,False,False,False,False,False,False,False,False,False,False,False,False,False,False,False,False,False,False,False,False,False,False,False,False,False,False,False,False,False,False,False,False,False,False,False,False,False,False,False,False,False,False,False,False,False,False,False,False,False,False,False,False,False,False,False,False,False,False,False,False,False,False,False,False,False,False,False,False,False,False,False,False,False,False,False,False,False,False,False,False,False,False,False,False,False,False,False,False,False,False,False,False,False,False,False,False,False,False,False,False,False,False,False,False,False,False,False,False,False,False,False,False,True,False,False,False,False,False,False,False,False,False,False,False,False,False,False,False,False,False,False,False,False,False,False,False,False,False,False,False,False,False,False,False,False,False,False,False,False,False
2019,26.89196,26.40026,26.19224,26.17332,25.53034,25.53034,25.15211,24.90626,24.90626,24.33892,24.26328,24.26328,24.26328,24.26328,24.26328,24.26328,23.86614,23.86614,23.86614,24.58477,24.7928,25.22776,25.70054,26.53264,27.87535,29.01003,29.91777,31.03354,33.64331,34.87255,35.40207,35.68574,36.2909,36.40437,36.82042,37.00953,37.6147,37.48232,36.72586,36.44219,36.57457,36.57457,36.38546,36.59349,36.36655,36.02614,36.08288,35.62901,36.02614,36.04506,35.64792,35.74247,35.74247,35.57227,35.74247,35.74247,35.19404,35.30751,35.21296,35.08058,34.87255,34.30521,34.77799,34.79691,35.13731,34.68344,34.81582,34.92929,35.19404,35.76139,36.44219,36.91498,36.38546,36.30981,36.30981,36.89607,35.98832,35.74247,35.76139,35.76139,35.66683,35.36425,34.89146,34.64561,34.51324,33.71896,33.284,32.48972,32.01694,31.46851,30.69314,29.87995,28.97221,28.72636,28.19684,27.76188,False,False,False,False,False,False,False,False,False,False,False,False,False,False,False,False,False,False,False,False,False,False,False,False,False,False,False,False,False,False,False,False,False,False,False,False,False,False,False,False,False,False,False,False,False,False,False,False,False,False,False,False,False,False,False,False,False,False,False,False,False,False,False,False,False,False,False,False,False,False,False,False,False,False,False,False,False,False,False,False,False,False,False,False,False,False,False,False,False,False,False,False,False,False,False,False,False,False,False,False,False,False,False,False,False,False,False,False,False,False,False,False,False,False,False,False,False,False,False,False,False,False,False,False,False,False,False,False,False,False,False,False,False,False,False,False,False,False,False,False,False,False,False,False,False,False,False,False,False,False,False,False,False,False,False,False,False,False,False,False,False,False,False,False,False,False,False,False,False,False,False,False,False,False,False,False,False,False,False,False,False,False,False,False,False,False,False,False,False,False,False,False,False,False,False,False,False,False,False,False,False,False,False,False,False,False,False,False,False,False,False,False,False,False,False,False,False,False,False,False,False,False,False,False,False,False,False,False,False,False,False,False,False,False,False,False,False,False,False,False,False,False,False,False,False,False,False,False,False,False,False,False,False,False,False,False,False,False,False,False,False,False,False,False,False,False,False,False,False,False,False,False,False,False,False,False,False,False,False,False,False,False,False,False,False,False,False,False,False,False,False,False,False,False,False,False,False,False,False,False,False,False,False,False,False,False,False,False,False,False,False,False,False,False,False,False,False,False,False,False,False,False,False,False,False,False,False,False,False,False,False,False,False,False,True,False,False,False,False,False,False,False,False,False,False,False,False,False,False,False,False,False,False,False,False,False,False,False,False,False
2019,27.19454,26.66502,26.15441,25.87074,25.53034,25.51143,24.7928,24.7928,24.7928,24.7928,24.6415,24.22545,24.20654,24.20654,24.20654,24.20654,23.86614,23.86614,23.86614,23.86614,24.71715,25.22776,25.58707,26.19224,27.38365,28.34813,29.36934,30.57967,33.4542,34.74017,35.93159,36.9528,37.08518,37.19865,37.48232,37.38776,37.82272,37.14191,37.02845,36.63131,36.68804,36.42328,35.93159,35.96941,35.96941,35.93159,35.85594,35.85594,35.85594,35.76139,35.57227,35.55336,35.89376,35.49663,35.49663,35.38316,35.4588,35.15622,35.23187,34.81582,34.68344,34.81582,34.79691,34.77799,34.83473,34.98602,35.47771,35.62901,35.61009,36.04506,36.66913,37.16083,36.76369,36.76369,36.51784,36.70695,36.38546,35.87485,35.89376,35.49663,35.49663,35.47771,34.70235,34.68344,34.21065,33.71896,33.35964,33.01924,31.90347,31.18484,30.59858,29.74757,29.25588,28.802,28.19684,27.57277,False,False,False,False,False,False,False,False,False,False,False,False,False,False,False,False,False,False,False,False,False,False,False,False,False,False,False,False,False,False,False,False,False,False,False,False,False,False,False,False,False,False,False,False,False,False,False,False,False,False,False,False,False,False,False,False,False,False,False,False,False,False,False,False,False,False,False,False,False,False,False,False,False,False,False,False,False,False,False,False,False,False,False,False,False,False,False,False,False,False,False,False,False,False,False,False,False,False,False,False,False,False,False,False,False,False,False,False,False,False,False,False,False,False,False,False,False,False,False,False,False,False,False,False,False,False,False,False,False,False,False,False,False,False,False,False,False,False,False,False,False,False,False,False,False,False,False,False,False,False,False,False,False,False,False,False,False,False,False,False,False,False,False,False,False,False,False,False,False,False,False,False,False,False,False,False,False,False,False,False,False,False,False,False,False,False,False,False,False,False,False,False,False,False,False,False,False,False,False,False,False,False,False,False,False,False,False,False,False,False,False,False,False,False,False,False,False,False,False,False,False,False,False,False,False,False,False,False,False,False,False,False,False,False,False,False,False,False,False,False,False,False,False,False,False,False,False,False,False,False,False,False,False,False,False,False,False,False,False,False,False,False,False,False,False,False,False,False,False,False,False,False,False,False,False,False,False,False,False,False,False,False,False,False,False,False,False,False,False,False,False,False,False,False,False,False,False,False,False,False,False,False,False,False,False,False,False,False,False,False,False,False,False,False,False,False,False,False,False,False,False,False,False,False,False,False,False,False,False,False,False,False,False,False,False,False,False,False,False,False,False,False,False,False,True,False,False,False,False,False,False,False,False,False,False,False,False,False,False,False
2019,27.08107,26.70284,26.15441,25.90857,25.41687,25.41687,24.84953,24.66042,24.60368,24.50912,24.18763,23.88505,24.09307,24.3011,24.14981,23.65811,23.73376,23.75267,23.75267,24.32001,24.69824,25.18993,25.73836,25.73836,26.92978,27.68623,28.85874,29.84213,32.98141,34.30521,34.75908,35.04275,35.06166,35.1184,35.04275,35.15622,35.62901,35.53445,35.68574,35.72356,35.79921,36.00723,35.85594,36.25308,36.36655,36.36655,36.85824,36.85824,36.9528,37.123,37.02845,36.91498,36.9528,36.70695,36.80151,36.51784,36.63131,36.2909,36.08288,36.06397,36.00723,36.02614,35.98832,35.74247,35.43989,35.1184,35.15622,35.4588,35.61009,35.57227,36.2909,36.65022,36.10179,35.79921,35.76139,35.83703,35.72356,35.40207,35.23187,34.92929,34.83473,34.55106,34.21065,34.07827,33.75678,33.49202,33.20835,32.75448,32.11149,31.46851,30.50403,30.23927,29.48281,29.25588,28.65071,28.59398,False,False,False,False,False,False,False,False,False,False,False,False,False,False,False,False,False,False,False,False,False,False,False,False,False,False,False,False,False,False,False,False,False,False,False,False,False,False,False,False,False,False,False,False,False,False,False,False,False,False,False,False,False,False,False,False,False,False,False,False,False,False,False,False,False,False,False,False,False,False,False,False,False,False,False,False,False,False,False,False,False,False,False,False,False,False,False,False,False,False,False,False,False,False,False,False,False,False,False,False,False,False,False,False,False,False,False,False,False,False,False,False,False,False,False,False,False,False,False,False,False,False,False,False,False,False,False,False,False,False,False,False,False,False,False,False,False,False,False,False,False,False,False,False,False,False,False,False,False,False,False,False,False,False,False,False,False,False,False,False,False,False,False,False,False,False,False,False,False,False,False,False,False,False,False,False,False,False,False,False,False,False,False,False,False,False,False,False,False,False,False,False,False,False,False,False,False,False,False,False,False,False,False,False,False,False,False,False,False,False,False,False,False,False,False,False,False,False,False,False,False,False,False,False,False,False,False,False,False,False,False,False,False,False,False,False,False,False,False,False,False,False,False,False,False,False,False,False,False,False,False,False,False,False,False,False,False,False,False,False,False,False,False,False,False,False,False,False,False,False,False,False,False,False,False,False,False,False,False,False,False,False,False,False,False,False,False,False,False,False,False,False,False,False,False,False,False,False,False,False,False,False,False,False,False,False,False,False,False,False,False,False,False,False,False,False,False,False,False,False,False,False,False,False,False,False,False,False,False,False,False,False,False,False,False,False,False,False,False,False,False,False,False,False,False,False,False,False,False,False,False,False,False,False,True,False,False,False,False,False
2019,27.19323,26.60086,26.37872,25.65678,25.58273,25.58273,24.8793,24.86079,24.86079,24.21289,24.02778,24.02778,23.47244,23.37988,23.37988,23.37988,23.19477,23.19477,23.19477,23.19477,23.19477,23.82415,24.02778,24.0648,24.69419,24.69419,24.69419,25.13846,25.73083,26.24914,26.86002,26.86002,26.93407,27.35983,27.4709,27.4709,27.9707,28.32242,28.11879,28.08177,28.47051,28.52604,28.63711,28.80372,29.02585,29.19245,29.48864,29.30352,29.35906,29.76631,29.32203,29.50715,29.59971,29.48864,29.39608,29.24799,29.28501,29.54417,29.13692,29.2665,29.2665,29.32203,29.21097,29.35906,29.41459,29.56268,29.96993,30.21058,30.80295,31.15466,31.56191,31.91363,32.13577,32.50599,32.43195,32.43195,32.43195,32.04321,31.72851,31.93214,31.52489,31.26573,31.17317,31.17317,31.08062,30.76592,30.35867,30.34016,29.7478,29.41459,29.04436,29.02585,28.37795,27.89666,27.67452,27.02662,False,False,False,False,False,False,False,False,False,False,True,False,False,False,False,False,False,False,False,False,False,False,False,False,False,False,False,False,False,False,False,False,False,False,False,False,False,False,False,False,False,False,False,False,False,False,False,False,False,False,False,False,False,False,False,False,False,False,False,False,False,False,False,False,False,False,False,False,False,False,False,False,False,False,False,False,False,False,False,False,False,False,False,False,False,False,False,False,False,False,False,False,False,False,False,False,False,False,False,False,False,False,False,False,False,False,False,False,False,False,False,False,False,False,False,False,False,False,False,False,False,False,False,False,False,False,False,False,False,False,False,False,False,False,False,False,False,False,False,False,False,False,False,False,False,False,False,False,False,False,False,False,False,False,False,False,False,False,False,False,False,False,False,False,False,False,False,False,False,False,False,False,False,False,False,False,False,False,False,False,False,False,False,False,False,False,False,False,False,False,False,False,False,False,False,False,False,False,False,False,False,False,False,False,False,False,False,False,False,False,False,False,False,False,False,False,False,False,False,False,False,False,False,False,False,False,False,False,False,False,False,False,False,False,False,False,False,False,False,False,False,False,False,False,False,False,False,False,False,False,False,False,False,False,False,False,False,False,False,False,False,False,False,False,False,False,False,False,False,False,False,False,False,False,False,False,False,False,False,False,False,False,False,False,False,False,False,False,False,False,False,False,False,False,False,False,False,False,False,False,False,False,False,False,False,False,False,False,False,False,False,False,False,False,False,False,False,False,False,False,False,False,False,False,False,False,False,False,False,False,False,False,False,False,False,False,False,False,False,False,False,False,False,False,False,False,False,False,False,False,False,False,False,False,False,False,False,False,False,False
2019,27.02662,26.61937,26.21212,25.89743,25.43464,24.7127,24.60163,24.08331,24.08331,24.08331,23.67606,23.36137,23.36137,23.36137,23.36137,23.36137,22.93561,22.75049,22.75049,22.75049,23.19477,23.4169,23.4169,23.75011,24.28694,24.63865,24.69419,24.76823,25.15697,25.60125,26.21212,26.30468,26.76746,27.10067,27.6375,27.82261,28.11879,28.97032,29.11841,29.45161,29.04436,29.47013,29.32203,29.93291,30.26612,30.2476,30.26612,30.28463,30.5623,30.22909,29.98844,29.9144,29.76631,29.69226,29.59971,29.63673,29.39608,29.48864,29.19245,29.2665,29.41459,29.41459,29.37757,29.11841,29.45161,29.41459,29.82184,30.28463,30.91401,31.82107,31.80256,32.54302,32.48748,32.80218,33.19091,33.19091,32.87622,32.82069,32.80218,32.80218,32.15428,32.26534,32.09874,32.08023,31.48787,31.19168,30.85848,30.19207,29.30352,28.85925,28.13731,27.41536,26.71193,26.61937,26.10105,25.6938,False,False,False,False,False,False,False,False,False,False,False,False,False,False,False,False,False,False,False,False,False,False,True,False,False,False,False,False,False,False,False,False,False,False,False,False,False,False,False,False,False,False,False,False,False,False,False,False,False,False,False,False,False,False,False,False,False,False,False,False,False,False,False,False,False,False,False,False,False,False,False,False,False,False,False,False,False,False,False,False,False,False,False,False,False,False,False,False,False,False,False,False,False,False,False,False,False,False,False,False,False,False,False,False,False,False,False,False,False,False,False,False,False,False,False,False,False,False,False,False,False,False,False,False,False,False,False,False,False,False,False,False,False,False,False,False,False,False,False,False,False,False,False,False,False,False,False,False,False,False,False,False,False,False,False,False,False,False,False,False,False,False,False,False,False,False,False,False,False,False,False,False,False,False,False,False,False,False,False,False,False,False,False,False,False,False,False,False,False,False,False,False,False,False,False,False,False,False,False,False,False,False,False,False,False,False,False,False,False,False,False,False,False,False,False,False,False,False,False,False,False,False,False,False,False,False,False,False,False,False,False,False,False,False,False,False,False,False,False,False,False,False,False,False,False,False,False,False,False,False,False,False,False,False,False,False,False,False,False,False,False,False,False,False,False,False,False,False,False,False,False,False,False,False,False,False,False,False,False,False,False,False,False,False,False,False,False,False,False,False,False,False,False,False,False,False,False,False,False,False,False,False,False,False,False,False,False,False,False,False,False,False,False,False,False,False,False,False,False,False,False,False,False,False,False,False,False,False,False,False,False,False,False,False,False,False,False,False,False,False,False,False,False,False,False,False,False,False,False,False,False,False,False,False,False,False,False,False,False,False
2019,25.47167,24.7127,24.69419,24.13885,24.02778,24.02778,23.58351,23.32435,23.32435,23.32435,23.32435,22.82454,22.69496,22.69496,22.69496,22.69496,22.69496,23.32435,23.19477,23.65755,24.10182,24.58312,24.58312,25.06442,26.37872,27.54494,28.74818,30.22909,32.78366,33.9869,34.43118,35.31972,35.61591,35.74549,35.98613,36.02316,36.00464,35.83804,36.0972,35.89358,35.59739,35.91209,35.9306,35.9306,35.9306,35.68995,36.02316,35.70846,35.70846,36.33785,35.81953,36.11571,36.46743,36.63403,36.70808,36.80063,36.59701,36.13422,36.18976,35.89358,35.85655,35.43079,35.80102,35.68995,35.59739,35.43079,35.68995,35.56037,35.61591,35.81953,36.35636,36.59701,36.06018,36.00464,35.83804,35.74549,35.17163,34.54225,34.3016,34.41267,34.04244,33.46858,33.28347,33.4871,32.76515,32.28386,31.80256,30.95104,30.37718,29.39608,28.6186,27.95219,27.23025,26.76746,26.76746,26.10105,False,False,False,False,False,False,False,False,False,False,False,False,False,False,False,False,False,False,False,False,False,False,False,False,False,False,False,False,False,False,False,False,False,False,True,False,False,False,False,False,False,False,False,False,False,False,False,False,False,False,False,False,False,False,False,False,False,False,False,False,False,False,False,False,False,False,False,False,False,False,False,False,False,False,False,False,False,False,False,False,False,False,False,False,False,False,False,False,False,False,False,False,False,False,False,False,False,False,False,False,False,False,False,False,False,False,False,False,False,False,False,False,False,False,False,False,False,False,False,False,False,False,False,False,False,False,False,False,False,False,False,False,False,False,False,False,False,False,False,False,False,False,False,False,False,False,False,False,False,False,False,False,False,False,False,False,False,False,False,False,False,False,False,False,False,False,False,False,False,False,False,False,False,False,False,False,False,False,False,False,False,False,False,False,False,False,False,False,False,False,False,False,False,False,False,False,False,False,False,False,False,False,False,False,False,False,False,False,False,False,False,False,False,False,False,False,False,False,False,False,False,False,False,False,False,False,False,False,False,False,False,False,False,False,False,False,False,False,False,False,False,False,False,False,False,False,False,False,False,False,False,False,False,False,False,False,False,False,False,False,False,False,False,False,False,False,False,False,False,False,False,False,False,False,False,False,False,False,False,False,False,False,False,False,False,False,False,False,False,False,False,False,False,False,False,False,False,False,False,False,False,False,False,False,False,False,False,False,False,False,False,False,False,False,False,False,False,False,False,False,False,False,False,False,False,False,False,False,False,False,False,False,False,False,False,False,False,False,False,False,False,False,False,False,False,False,False,False,False,False,False,False,False,False,False,False,False,False,False,False
2019,25.32358,25.32358,25.23102,24.58312,24.58312,23.97224,23.97224,23.97224,23.43541,23.2503,23.2503,23.2503,23.2503,23.2503,22.93561,23.12072,22.88007,22.88007,22.88007,22.88007,23.30583,23.93522,24.37949,24.78675,26.21212,27.1562,28.00773,28.89627,31.56191,32.59855,33.15389,33.41305,34.11648,34.00542,34.19053,33.78328,34.13499,33.89435,34.07946,33.80179,34.24606,34.09797,34.00542,34.43118,34.54225,34.6348,34.50522,34.41267,34.87545,34.54225,34.57927,34.50522,35.19014,34.91247,34.8014,34.76438,34.35713,33.93137,34.09797,34.09797,34.19053,33.83881,33.59816,33.37603,33.59816,33.4871,33.87584,33.57965,33.89435,34.09797,34.4682,35.06056,34.76438,35.06056,34.57927,34.43118,34.35713,34.06095,33.83881,33.8203,33.24645,33.54263,33.24645,32.76515,32.17279,31.95065,31.00657,30.93253,29.87738,29.4331,28.56307,28.10028,27.3228,26.86002,26.73044,26.08254,False,False,False,False,False,False,False,False,False,False,False,False,False,False,False,False,False,False,False,False,False,False,False,False,False,False,False,False,False,False,False,False,False,False,False,False,False,False,False,False,False,False,False,False,False,False,True,False,False,False,False,False,False,False,False,False,False,False,False,False,False,False,False,False,False,False,False,False,False,False,False,False,False,False,False,False,False,False,False,False,False,False,False,False,False,False,False,False,False,False,False,False,False,False,False,False,False,False,False,False,False,False,False,False,False,False,False,False,False,False,False,False,False,False,False,False,False,False,False,False,False,False,False,False,False,False,False,False,False,False,False,False,False,False,False,False,False,False,False,False,False,False,False,False,False,False,False,False,False,False,False,False,False,False,False,False,False,False,False,False,False,False,False,False,False,False,False,False,False,False,False,False,False,False,False,False,False,False,False,False,False,False,False,False,False,False,False,False,False,False,False,False,False,False,False,False,False,False,False,False,False,False,False,False,False,False,False,False,False,False,False,False,False,False,False,False,False,False,False,False,False,False,False,False,False,False,False,False,False,False,False,False,False,False,False,False,False,False,False,False,False,False,False,False,False,False,False,False,False,False,False,False,False,False,False,False,False,False,False,False,False,False,False,False,False,False,False,False,False,False,False,False,False,False,False,False,False,False,False,False,False,False,False,False,False,False,False,False,False,False,False,False,False,False,False,False,False,False,False,False,False,False,False,False,False,False,False,False,False,False,False,False,False,False,False,False,False,False,False,False,False,False,False,False,False,False,False,False,False,False,False,False,False,False,False,False,False,False,False,False,False,False,False,False,False,False,False,False,False,False,False,False,False,False,False,False,False,False,False,False
2019,25.54571,25.23102,24.80526,24.5461,24.5461,24.5461,23.78713,23.75011,23.32435,22.99114,22.99114,22.99114,22.99114,22.99114,22.99114,22.99114,22.88007,22.88007,23.36137,23.12072,23.7316,24.08331,24.76823,25.23102,26.47128,27.00811,28.04475,29.02585,31.46936,32.63557,33.04282,33.72774,34.00542,34.59778,34.44969,34.78289,35.13461,34.81992,34.72736,34.3016,34.85694,34.85694,34.70885,34.13499,34.43118,34.52373,34.65331,34.74587,34.98652,34.81992,34.74587,34.43118,35.04205,35.07908,34.72736,34.65331,34.4682,34.20904,33.96839,33.83881,33.52412,33.69072,33.76477,33.46858,33.26496,33.22794,33.30198,33.43156,33.43156,33.83881,34.24606,34.48671,34.20904,34.48671,34.24606,34.24606,33.78328,33.43156,33.35752,33.32049,33.32049,33.1724,32.80218,32.41344,31.91363,31.56191,31.2102,30.91401,30.19207,29.47013,28.65562,27.84112,27.19323,26.823,26.15659,25.86041,False,False,False,False,False,False,False,False,False,False,False,False,False,False,False,False,False,False,False,False,False,False,False,False,False,False,False,False,False,False,False,False,False,False,False,False,False,False,False,False,False,False,False,False,False,False,False,False,False,False,False,False,False,False,False,False,False,False,True,False,False,False,False,False,False,False,False,False,False,False,False,False,False,False,False,False,False,False,False,False,False,False,False,False,False,False,False,False,False,False,False,False,False,False,False,False,False,False,False,False,False,False,False,False,False,False,False,False,False,False,False,False,False,False,False,False,False,False,False,False,False,False,False,False,False,False,False,False,False,False,False,False,False,False,False,False,False,False,False,False,False,False,False,False,False,False,False,False,False,False,False,False,False,False,False,False,False,False,False,False,False,False,False,False,False,False,False,False,False,False,False,False,False,False,False,False,False,False,False,False,False,False,False,False,False,False,False,False,False,False,False,False,False,False,False,False,False,False,False,False,False,False,False,False,False,False,False,False,False,False,False,False,False,False,False,False,False,False,False,False,False,False,False,False,False,False,False,False,False,False,False,False,False,False,False,False,False,False,False,False,False,False,False,False,False,False,False,False,False,False,False,False,False,False,False,False,False,False,False,False,False,False,False,False,False,False,False,False,False,False,False,False,False,False,False,False,False,False,False,False,False,False,False,False,False,False,False,False,False,False,False,False,False,False,False,False,False,False,False,False,False,False,False,False,False,False,False,False,False,False,False,False,False,False,False,False,False,False,False,False,False,False,False,False,False,False,False,False,False,False,False,False,False,False,False,False,False,False,False,False,False,False,False,False,False,False,False,False,False,False,False,False,False,False,False,False,False,False,False,False
2019,25.28655,25.08293,24.5461,24.47205,24.47205,23.8982,23.86118,23.21328,23.15774,23.15774,23.15774,22.82454,22.47282,22.47282,22.47282,22.9171,23.06519,23.00965,22.95412,23.28732,23.86118,23.86118,24.17587,25.0459,25.80487,26.6564,27.61899,28.80372,31.19168,32.37641,32.80218,33.0058,33.67221,33.4871,33.8203,34.00542,33.96839,33.93137,33.74626,33.72774,33.80179,34.07946,34.09797,34.22755,34.28309,34.07946,34.19053,34.02393,34.02393,34.00542,34.13499,34.11648,34.44969,34.3016,34.19053,34.74587,34.33862,34.6348,34.20904,34.00542,33.9869,34.00542,33.39454,33.80179,33.76477,34.20904,34.11648,34.54225,34.65331,34.91247,35.04205,35.33823,34.76438,34.57927,34.57927,34.56076,34.09797,33.76477,33.72774,33.87584,33.32049,33.32049,32.91324,32.69111,32.6726,31.96916,31.35829,31.04359,30.58081,29.76631,29.0999,28.30391,27.69303,27.48941,27.04513,26.24914,False,False,False,False,False,False,False,False,False,False,False,False,False,False,False,False,False,False,False,False,False,False,False,False,False,False,False,False,False,False,False,False,False,False,False,False,False,False,False,False,False,False,False,False,False,False,False,False,False,False,False,False,False,False,False,False,False,False,False,False,False,False,False,False,False,False,False,False,False,False,True,False,False,False,False,False,False,False,False,False,False,False,False,False,False,False,False,False,False,False,False,False,False,False,False,False,False,False,False,False,False,False,False,False,False,False,False,False,False,False,False,False,False,False,False,False,False,False,False,False,False,False,False,False,False,False,False,False,False,False,False,False,False,False,False,False,False,False,False,False,False,False,False,False,False,False,False,False,False,False,False,False,False,False,False,False,False,False,False,False,False,False,False,False,False,False,False,False,False,False,False,False,False,False,False,False,False,False,False,False,False,False,False,False,False,False,False,False,False,False,False,False,False,False,False,False,False,False,False,False,False,False,False,False,False,False,False,False,False,False,False,False,False,False,False,False,False,False,False,False,False,False,False,False,False,False,False,False,False,False,False,False,False,False,False,False,False,False,False,False,False,False,False,False,False,False,False,False,False,False,False,False,False,False,False,False,False,False,False,False,False,False,False,False,False,False,False,False,False,False,False,False,False,False,False,False,False,False,False,False,False,False,False,False,False,False,False,False,False,False,False,False,False,False,False,False,False,False,False,False,False,False,False,False,False,False,False,False,False,False,False,False,False,False,False,False,False,False,False,False,False,False,False,False,False,False,False,False,False,False,False,False,False,False,False,False,False,False,False,False,False,False,False,False,False,False,False,False,False,False,False,False,False,False,False,False,False,False,False,False
2019,25.65678,25.39762,24.99037,24.99037,24.65717,24.37949,23.69457,23.65755,23.45393,22.99114,22.99114,22.99114,22.99114,22.99114,22.99114,22.99114,22.71347,22.71347,22.71347,22.71347,23.26881,23.76862,24.2314,24.52759,25.43464,26.23063,27.43387,28.04475,30.06249,31.11764,31.33978,31.65447,32.20981,32.28386,32.70962,32.85771,33.19091,33.37603,33.54263,33.22794,33.96839,34.20904,34.41267,34.26457,34.57927,34.83843,35.43079,34.93098,34.9495,35.31972,35.13461,34.35713,34.76438,35.1161,34.91247,35.30121,34.70885,34.78289,34.81992,34.76438,34.89396,34.76438,34.02393,34.22755,34.17202,34.15351,34.32011,34.69034,34.69034,34.85694,34.87545,34.87545,34.11648,33.69072,33.4871,33.4871,33.19091,32.87622,32.63557,32.89473,32.59855,32.24683,32.22832,32.1913,31.71,31.32126,30.7289,30.46974,29.93291,29.34055,28.52604,28.22986,27.69303,27.04513,26.97109,26.71193,False,False,False,False,False,False,False,False,False,False,False,False,False,False,False,False,False,False,False,False,False,False,False,False,False,False,False,False,False,False,False,False,False,False,False,False,False,False,False,False,False,False,False,False,False,False,False,False,False,False,False,False,False,False,False,False,False,False,False,False,False,False,False,False,False,False,False,False,False,False,False,False,False,False,False,False,False,False,False,False,False,True,False,False,False,False,False,False,False,False,False,False,False,False,False,False,False,False,False,False,False,False,False,False,False,False,False,False,False,False,False,False,False,False,False,False,False,False,False,False,False,False,False,False,False,False,False,False,False,False,False,False,False,False,False,False,False,False,False,False,False,False,False,False,False,False,False,False,False,False,False,False,False,False,False,False,False,False,False,False,False,False,False,False,False,False,False,False,False,False,False,False,False,False,False,False,False,False,False,False,False,False,False,False,False,False,False,False,False,False,False,False,False,False,False,False,False,False,False,False,False,False,False,False,False,False,False,False,False,False,False,False,False,False,False,False,False,False,False,False,False,False,False,False,False,False,False,False,False,False,False,False,False,False,False,False,False,False,False,False,False,False,False,False,False,False,False,False,False,False,False,False,False,False,False,False,False,False,False,False,False,False,False,False,False,False,False,False,False,False,False,False,False,False,False,False,False,False,False,False,False,False,False,False,False,False,False,False,False,False,False,False,False,False,False,False,False,False,False,False,False,False,False,False,False,False,False,False,False,False,False,False,False,False,False,False,False,False,False,False,False,False,False,False,False,False,False,False,False,False,False,False,False,False,False,False,False,False,False,False,False,False,False,False,False,False,False,False,False,False,False,False,False,False,False,False,False,False,False,False
2019,25.93445,25.87892,25.32358,25.32358,24.78675,24.43503,23.99076,23.99076,23.75011,23.37988,23.37988,23.34286,22.769,22.769,22.769,22.769,22.769,22.89858,22.80603,22.80603,22.80603,22.80603,23.17625,23.47244,23.58351,23.63904,24.41652,24.28694,25.194,25.76785,26.10105,26.87853,26.93407,27.45238,27.56345,28.26689,28.52604,29.04436,29.04436,29.04436,29.04436,29.50715,29.69226,29.82184,30.09951,30.081,30.15505,30.17356,30.15505,30.30314,30.32165,30.081,30.17356,30.41421,30.32165,30.45123,30.17356,30.19207,30.19207,30.19207,29.98844,30.081,30.081,30.21058,30.13654,30.2476,30.5623,30.93253,31.24722,31.19168,31.71,32.0247,32.41344,32.33939,32.39492,32.41344,32.72813,32.3579,32.30237,32.08023,31.50638,31.46936,31.46936,31.45084,31.2102,31.0621,30.63634,30.41421,30.21058,29.71077,29.22948,28.9333,28.26689,28.26689,27.78559,27.24876,False,False,False,False,False,False,False,False,False,False,False,False,False,False,False,False,False,False,False,False,False,False,False,False,False,False,False,False,False,False,False,False,False,False,False,False,False,False,False,False,False,False,False,False,False,False,False,False,False,False,False,False,False,False,False,False,False,False,False,False,False,False,False,False,False,False,False,False,False,False,False,False,False,False,False,False,False,False,False,False,False,False,False,False,False,False,False,False,False,False,False,False,False,True,False,False,False,False,False,False,False,False,False,False,False,False,False,False,False,False,False,False,False,False,False,False,False,False,False,False,False,False,False,False,False,False,False,False,False,False,False,False,False,False,False,False,False,False,False,False,False,False,False,False,False,False,False,False,False,False,False,False,False,False,False,False,False,False,False,False,False,False,False,False,False,False,False,False,False,False,False,False,False,False,False,False,False,False,False,False,False,False,False,False,False,False,False,False,False,False,False,False,False,False,False,False,False,False,False,False,False,False,False,False,False,False,False,False,False,False,False,False,False,False,False,False,False,False,False,False,False,False,False,False,False,False,False,False,False,False,False,False,False,False,False,False,False,False,False,False,False,False,False,False,False,False,False,False,False,False,False,False,False,False,False,False,False,False,False,False,False,False,False,False,False,False,False,False,False,False,False,False,False,False,False,False,False,False,False,False,False,False,False,False,False,False,False,False,False,False,False,False,False,False,False,False,False,False,False,False,False,False,False,False,False,False,False,False,False,False,False,False,False,False,False,False,False,False,False,False,False,False,False,False,False,False,False,False,False,False,False,False,False,False,False,False,False,False,False,False,False,False,False,False,False,False,False,False,False,False,False,False,False,False,False,False,False,False,False,False
2019,26.61937,26.36021,26.0085,25.5272,25.13846,25.11995,24.76823,24.10182,24.02778,24.02778,23.39839,23.49095,23.49095,23.49095,23.49095,23.17625,22.88007,22.88007,22.88007,22.88007,22.88007,22.88007,22.88007,22.88007,23.37988,23.60202,24.34247,24.47205,24.49056,25.21251,25.21251,25.5272,25.86041,25.86041,25.86041,26.30468,26.52682,27.13769,27.13769,27.41536,27.85964,27.89666,27.74857,28.35944,28.76669,28.6186,28.6186,28.56307,28.60009,28.58158,28.58158,28.6186,28.72967,28.54456,28.67414,28.69265,28.17433,28.52604,28.82223,28.39647,28.95181,28.84074,28.60009,29.11841,28.74818,28.89627,29.19245,29.19245,29.67375,30.22909,30.30314,30.67337,31.24722,31.26573,31.43233,31.69149,30.96955,30.96955,30.95104,30.93253,30.78443,30.91401,30.80295,30.80295,30.13654,29.54417,29.13692,28.76669,28.08177,27.54494,27.13769,26.76746,26.19361,25.93445,25.58273,25.194,False,False,False,False,False,False,False,False,False,False,False,False,False,False,False,False,False,False,False,False,False,False,False,False,False,False,False,False,False,False,False,False,False,False,False,False,False,False,False,False,False,False,False,False,False,False,False,False,False,False,False,False,False,False,False,False,False,False,False,False,False,False,False,False,False,False,False,False,False,False,False,False,False,False,False,False,False,False,False,False,False,False,False,False,False,False,False,False,False,False,False,False,False,False,False,False,False,False,False,False,False,False,False,False,False,True,False,False,False,False,False,False,False,False,False,False,False,False,False,False,False,False,False,False,False,False,False,False,False,False,False,False,False,False,False,False,False,False,False,False,False,False,False,False,False,False,False,False,False,False,False,False,False,False,False,False,False,False,False,False,False,False,False,False,False,False,False,False,False,False,False,False,False,False,False,False,False,False,False,False,False,False,False,False,False,False,False,False,False,False,False,False,False,False,False,False,False,False,False,False,False,False,False,False,False,False,False,False,False,False,False,False,False,False,False,False,False,False,False,False,False,False,False,False,False,False,False,False,False,False,False,False,False,False,False,False,False,False,False,False,False,False,False,False,False,False,False,False,False,False,False,False,False,False,False,False,False,False,False,False,False,False,False,False,False,False,False,False,False,False,False,False,False,False,False,False,False,False,False,False,False,False,False,False,False,False,False,False,False,False,False,False,False,False,False,False,False,False,False,False,False,False,False,False,False,False,False,False,False,False,False,False,False,False,False,False,False,False,False,False,False,False,False,False,False,False,False,False,False,False,False,False,False,False,False,False,False,False,False,False,False,False,False,False,False,False,False,False,False,False,False,False,False,False,False,False,False,False,False,False
2019,24.69419,24.41652,24.08331,23.80564,23.80564,23.45393,23.13923,23.13923,22.95412,22.38027,22.38027,22.38027,22.38027,22.38027,22.38027,22.38027,22.38027,22.38027,22.38027,23.02816,23.37988,23.37988,23.82415,24.26843,25.21251,26.23063,27.23025,28.35944,30.35867,31.08062,31.59893,31.78405,32.30237,32.74664,32.50599,32.48748,32.70962,32.65408,32.96878,33.06133,33.24645,33.28347,33.22794,33.24645,33.52412,33.83881,33.80179,33.80179,33.80179,33.93137,34.32011,34.28309,33.96839,34.06095,34.09797,34.09797,33.9869,34.00542,33.76477,33.56114,33.43156,33.43156,33.41305,32.82069,32.85771,33.09836,32.91324,33.15389,33.09836,33.45007,33.39454,33.83881,33.43156,33.39454,33.26496,33.04282,32.45046,32.46897,32.46897,32.24683,32.04321,31.61745,30.85848,30.85848,30.48825,30.02547,29.4331,28.89627,28.63711,27.87815,27.45238,26.84151,26.24914,25.80487,25.54571,24.80526,False,False,False,False,False,False,False,False,False,False,False,False,False,False,False,False,False,False,False,False,False,False,False,False,False,False,False,False,False,False,False,False,False,False,False,False,False,False,False,False,False,False,False,False,False,False,False,False,False,False,False,False,False,False,False,False,False,False,False,False,False,False,False,False,False,False,False,False,False,False,False,False,False,False,False,False,False,False,False,False,False,False,False,False,False,False,False,False,False,False,False,False,False,False,False,False,False,False,False,False,False,False,False,False,False,False,False,False,False,False,False,False,False,False,False,False,False,True,False,False,False,False,False,False,False,False,False,False,False,False,False,False,False,False,False,False,False,False,False,False,False,False,False,False,False,False,False,False,False,False,False,False,False,False,False,False,False,False,False,False,False,False,False,False,False,False,False,False,False,False,False,False,False,False,False,False,False,False,False,False,False,False,False,False,False,False,False,False,False,False,False,False,False,False,False,False,False,False,False,False,False,False,False,False,False,False,False,False,False,False,False,False,False,False,False,False,False,False,False,False,False,False,False,False,False,False,False,False,False,False,False,False,False,False,False,False,False,False,False,False,False,False,False,False,False,False,False,False,False,False,False,False,False,False,False,False,False,False,False,False,False,False,False,False,False,False,False,False,False,False,False,False,False,False,False,False,False,False,False,False,False,False,False,False,False,False,False,False,False,False,False,False,False,False,False,False,False,False,False,False,False,False,False,False,False,False,False,False,False,False,False,False,False,False,False,False,False,False,False,False,False,False,False,False,False,False,False,False,False,False,False,False,False,False,False,False,False,False,False,False,False,False,False,False,False,False,False,False,False,False,False,False,False,False,False,False,False,False,False,False
2019,24.74972,24.02778,23.91671,23.69457,23.26881,23.26881,23.26881,22.6024,22.93561,22.49133,22.4358,22.4358,22.4358,22.4358,22.4358,22.23217,22.38027,22.36175,21.97301,22.4358,22.63942,23.37988,23.4169,24.2314,24.84228,25.73083,26.48979,27.71154,29.65524,30.59932,30.83997,31.63596,31.87661,32.0247,32.33939,32.3579,32.3579,32.39492,32.80218,32.76515,32.78366,33.13538,33.41305,33.28347,33.46858,33.30198,33.50561,34.09797,34.09797,33.9869,34.26457,34.19053,33.78328,33.57965,33.78328,34.26457,33.9869,33.74626,33.59816,33.57965,33.57965,33.1724,33.39454,33.07985,33.22794,33.0058,32.93175,33.30198,33.37603,33.30198,33.50561,33.91286,33.28347,33.45007,33.24645,33.26496,33.13538,32.6726,32.41344,32.41344,32.41344,31.98767,31.67298,31.61745,31.26573,30.71039,30.00696,29.37757,28.69265,28.37795,27.37834,26.9896,26.48979,25.93445,25.93445,25.02739,False,False,False,False,False,False,False,False,False,False,False,False,False,False,False,False,False,False,False,False,False,False,False,False,False,False,False,False,False,False,False,False,False,False,False,False,False,False,False,False,False,False,False,False,False,False,False,False,False,False,False,False,False,False,False,False,False,False,False,False,False,False,False,False,False,False,False,False,False,False,False,False,False,False,False,False,False,False,False,False,False,False,False,False,False,False,False,False,False,False,False,False,False,False,False,False,False,False,False,False,False,False,False,False,False,False,False,False,False,False,False,False,False,False,False,False,False,False,False,False,False,False,False,False,False,False,False,False,False,True,False,False,False,False,False,False,False,False,False,False,False,False,False,False,False,False,False,False,False,False,False,False,False,False,False,False,False,False,False,False,False,False,False,False,False,False,False,False,False,False,False,False,False,False,False,False,False,False,False,False,False,False,False,False,False,False,False,False,False,False,False,False,False,False,False,False,False,False,False,False,False,False,False,False,False,False,False,False,False,False,False,False,False,False,False,False,False,False,False,False,False,False,False,False,False,False,False,False,False,False,False,False,False,False,False,False,False,False,False,False,False,False,False,False,False,False,False,False,False,False,False,False,False,False,False,False,False,False,False,False,False,False,False,False,False,False,False,False,False,False,False,False,False,False,False,False,False,False,False,False,False,False,False,False,False,False,False,False,False,False,False,False,False,False,False,False,False,False,False,False,False,False,False,False,False,False,False,False,False,False,False,False,False,False,False,False,False,False,False,False,False,False,False,False,False,False,False,False,False,False,False,False,False,False,False,False,False,False,False,False,False,False,False,False,False,False,False,False,False,False,False,False,False,False,False,False,False,False,False,False
2019,24.36098,24.36098,24.36098,23.95373,23.58351,23.13923,22.769,22.769,22.769,22.769,22.41729,21.99153,21.99153,21.99153,21.99153,21.99153,21.86195,21.86195,22.19515,22.69496,22.69496,22.69496,23.28732,23.54648,24.43503,25.26804,26.23063,26.73044,28.69265,29.50715,30.02547,30.59932,31.00657,31.22871,31.61745,32.00619,32.74664,33.07985,33.35752,33.35752,33.74626,34.06095,34.50522,34.9495,35.07908,34.93098,34.91247,34.91247,35.59739,35.65293,35.65293,35.43079,35.70846,35.65293,36.02316,36.24529,36.2638,36.30083,36.07869,35.94911,35.9306,35.91209,35.33823,35.22717,35.13461,34.69034,34.83843,34.91247,34.37564,34.59778,34.54225,34.32011,33.87584,33.24645,33.1724,32.98729,32.59855,32.3579,32.3579,32.04321,32.0247,31.48787,31.2102,31.2102,30.58081,30.00696,29.52566,28.97032,28.37795,27.9707,27.35983,26.63788,26.0085,25.58273,25.39762,24.7127,False,False,False,False,False,False,False,False,False,False,False,False,False,False,False,False,False,False,False,False,False,False,False,False,False,False,False,False,False,False,False,False,False,False,False,False,False,False,False,False,False,False,False,False,False,False,False,False,False,False,False,False,False,False,False,False,False,False,False,False,False,False,False,False,False,False,False,False,False,False,False,False,False,False,False,False,False,False,False,False,False,False,False,False,False,False,False,False,False,False,False,False,False,False,False,False,False,False,False,False,False,False,False,False,False,False,False,False,False,False,False,False,False,False,False,False,False,False,False,False,False,False,False,False,False,False,False,False,False,False,False,False,False,False,False,False,False,False,False,False,False,True,False,False,False,False,False,False,False,False,False,False,False,False,False,False,False,False,False,False,False,False,False,False,False,False,False,False,False,False,False,False,False,False,False,False,False,False,False,False,False,False,False,False,False,False,False,False,False,False,False,False,False,False,False,False,False,False,False,False,False,False,False,False,False,False,False,False,False,False,False,False,False,False,False,False,False,False,False,False,False,False,False,False,False,False,False,False,False,False,False,False,False,False,False,False,False,False,False,False,False,False,False,False,False,False,False,False,False,False,False,False,False,False,False,False,False,False,False,False,False,False,False,False,False,False,False,False,False,False,False,False,False,False,False,False,False,False,False,False,False,False,False,False,False,False,False,False,False,False,False,False,False,False,False,False,False,False,False,False,False,False,False,False,False,False,False,False,False,False,False,False,False,False,False,False,False,False,False,False,False,False,False,False,False,False,False,False,False,False,False,False,False,False,False,False,False,False,False,False,False,False,False,False,False,False,False,False,False,False,False,False,False,False,False,False,False,False,False,False
2019,24.32396,23.7316,23.69457,23.69457,23.56499,22.88007,22.88007,22.88007,22.69496,22.2692,22.2692,22.06557,21.54725,22.12111,22.21366,22.21366,22.21366,22.21366,22.21366,22.21366,22.21366,22.6024,22.88007,23.36137,24.32396,25.13846,25.89743,26.95258,28.58158,29.39608,29.95142,30.28463,31.02508,31.41382,31.65447,32.3579,32.61706,32.54302,32.8392,33.09836,33.22794,33.83881,33.45007,33.22794,33.61668,33.56114,33.67221,34.11648,33.54263,34.09797,33.63519,33.63519,33.57965,33.8203,34.11648,34.67182,34.50522,34.54225,34.54225,34.32011,34.07946,33.9869,33.63519,33.61668,33.45007,33.32049,33.15389,33.19091,33.41305,33.30198,33.85732,33.91286,33.07985,32.96878,32.63557,32.56153,32.39492,32.15428,32.00619,31.65447,31.65447,31.69149,31.35829,31.41382,30.59932,30.35867,29.80333,29.35906,29.0999,28.52604,27.82261,27.37834,26.80449,26.04552,25.82338,25.37911,False,False,False,False,False,False,False,False,False,False,False,False,False,False,False,False,False,False,False,False,False,False,False,False,False,False,False,False,False,False,False,False,False,False,False,False,False,False,False,False,False,False,False,False,False,False,False,False,False,False,False,False,False,False,False,False,False,False,False,False,False,False,False,False,False,False,False,False,False,False,False,False,False,False,False,False,False,False,False,False,False,False,False,False,False,False,False,False,False,False,False,False,False,False,False,False,False,False,False,False,False,False,False,False,False,False,False,False,False,False,False,False,False,False,False,False,False,False,False,False,False,False,False,False,False,False,False,False,False,False,False,False,False,False,False,False,False,False,False,False,False,False,False,False,False,False,False,False,False,False,False,False,False,True,False,False,False,False,False,False,False,False,False,False,False,False,False,False,False,False,False,False,False,False,False,False,False,False,False,False,False,False,False,False,False,False,False,False,False,False,False,False,False,False,False,False,False,False,False,False,False,False,False,False,False,False,False,False,False,False,False,False,False,False,False,False,False,False,False,False,False,False,False,False,False,False,False,False,False,False,False,False,False,False,False,False,False,False,False,False,False,False,False,False,False,False,False,False,False,False,False,False,False,False,False,False,False,False,False,False,False,False,False,False,False,False,False,False,False,False,False,False,False,False,False,False,False,False,False,False,False,False,False,False,False,False,False,False,False,False,False,False,False,False,False,False,False,False,False,False,False,False,False,False,False,False,False,False,False,False,False,False,False,False,False,False,False,False,False,False,False,False,False,False,False,False,False,False,False,False,False,False,False,False,False,False,False,False,False,False,False,False,False,False,False,False,False,False,False,False,False,False,False,False,False,False,False,False,False,False
2019,24.89781,24.58312,24.58312,23.93522,23.80564,23.17625,23.10221,23.10221,22.49133,22.49133,22.49133,22.49133,22.49133,22.49133,22.49133,22.49133,22.15813,22.15813,22.04706,21.88046,22.4358,23.13923,23.13923,23.62053,24.32396,25.13846,26.30468,27.02662,28.80372,29.35906,29.69226,30.63634,30.91401,31.5434,31.82107,32.09874,32.61706,32.87622,32.87622,33.43156,33.67221,34.19053,34.4682,34.56076,34.59778,34.89396,35.20866,34.72736,34.91247,34.91247,35.06056,35.30121,35.02354,35.13461,35.13461,35.59739,35.22717,35.33823,35.22717,35.57888,35.31972,35.1161,35.09759,34.91247,34.8014,34.70885,34.50522,34.20904,34.07946,33.96839,34.22755,34.07946,33.43156,33.56114,33.15389,32.96878,32.3579,31.87661,32.06172,31.78405,31.71,31.67298,30.98806,30.96955,30.41421,30.21058,30.21058,29.67375,29.48864,28.82223,28.52604,27.98921,27.98921,27.39685,27.13769,26.30468,False,False,False,False,False,False,False,False,False,False,False,False,False,False,False,False,False,False,False,False,False,False,False,False,False,False,False,False,False,False,False,False,False,False,False,False,False,False,False,False,False,False,False,False,False,False,False,False,False,False,False,False,False,False,False,False,False,False,False,False,False,False,False,False,False,False,False,False,False,False,False,False,False,False,False,False,False,False,False,False,False,False,False,False,False,False,False,False,False,False,False,False,False,False,False,False,False,False,False,False,False,False,False,False,False,False,False,False,False,False,False,False,False,False,False,False,False,False,False,False,False,False,False,False,False,False,False,False,False,False,False,False,False,False,False,False,False,False,False,False,False,False,False,False,False,False,False,False,False,False,False,False,False,False,False,False,False,False,False,False,False,False,False,False,False,True,False,False,False,False,False,False,False,False,False,False,False,False,False,False,False,False,False,False,False,False,False,False,False,False,False,False,False,False,False,False,False,False,False,False,False,False,False,False,False,False,False,False,False,False,False,False,False,False,False,False,False,False,False,False,False,False,False,False,False,False,False,False,False,False,False,False,False,False,False,False,False,False,False,False,False,False,False,False,False,False,False,False,False,False,False,False,False,False,False,False,False,False,False,False,False,False,False,False,False,False,False,False,False,False,False,False,False,False,False,False,False,False,False,False,False,False,False,False,False,False,False,False,False,False,False,False,False,False,False,False,False,False,False,False,False,False,False,False,False,False,False,False,False,False,False,False,False,False,False,False,False,False,False,False,False,False,False,False,False,False,False,False,False,False,False,False,False,False,False,False,False,False,False,False,False,False,False,False,False,False,False,False,False,False,False,False,False,False,False,False,False,False,False,False
2019,26.04552,25.87892,25.3606,25.194,24.65717,24.0648,23.99076,23.43541,23.2503,23.2503,23.2503,22.63942,22.49133,22.49133,22.49133,22.47282,22.06557,22.36175,21.88046,21.89897,22.52836,22.52836,22.52836,22.52836,22.71347,22.99114,23.63904,23.75011,24.34247,24.65717,25.0459,25.74934,26.37872,26.5083,27.08216,27.11918,27.69303,28.00773,28.30391,28.452,29.04436,29.30352,30.04398,30.00696,30.2476,30.65485,31.17317,31.0621,31.30275,31.19168,31.22871,31.26573,31.3768,31.43233,31.63596,31.58042,31.39531,31.41382,31.59893,31.59893,31.65447,31.74703,31.71,31.96916,32.08023,32.26534,32.32088,32.20981,32.17279,32.22832,32.37641,32.43195,32.78366,32.93175,32.61706,32.6726,32.26534,32.1913,31.80256,31.91363,31.19168,31.13615,30.35867,30.30314,29.80333,29.58119,28.84074,28.74818,28.06326,27.98921,27.71154,27.21174,26.58235,26.54533,26.23063,25.43464,False,False,False,False,False,False,False,False,False,False,False,False,False,False,False,False,False,False,False,False,False,False,False,False,False,False,False,False,False,False,False,False,False,False,False,False,False,False,False,False,False,False,False,False,False,False,False,False,False,False,False,False,False,False,False,False,False,False,False,False,False,False,False,False,False,False,False,False,False,False,False,False,False,False,False,False,False,False,False,False,False,False,False,False,False,False,False,False,False,False,False,False,False,False,False,False,False,False,False,False,False,False,False,False,False,False,False,False,False,False,False,False,False,False,False,False,False,False,False,False,False,False,False,False,False,False,False,False,False,False,False,False,False,False,False,False,False,False,False,False,False,False,False,False,False,False,False,False,False,False,False,False,False,False,False,False,False,False,False,False,False,False,False,False,False,False,False,False,False,False,False,False,False,False,False,False,False,True,False,False,False,False,False,False,False,False,False,False,False,False,False,False,False,False,False,False,False,False,False,False,False,False,False,False,False,False,False,False,False,False,False,False,False,False,False,False,False,False,False,False,False,False,False,False,False,False,False,False,False,False,False,False,False,False,False,False,False,False,False,False,False,False,False,False,False,False,False,False,False,False,False,False,False,False,False,False,False,False,False,False,False,False,False,False,False,False,False,False,False,False,False,False,False,False,False,False,False,False,False,False,False,False,False,False,False,False,False,False,False,False,False,False,False,False,False,False,False,False,False,False,False,False,False,False,False,False,False,False,False,False,False,False,False,False,False,False,False,False,False,False,False,False,False,False,False,False,False,False,False,False,False,False,False,False,False,False,False,False,False,False,False,False,False,False,False,False,False,False,False,False,False,False,False,False,False,False,False,False,False,False
2019,24.93484,24.93484,24.7127,24.10182,23.87969,23.47244,23.47244,23.34286,22.769,22.769,22.769,22.30622,22.15813,22.15813,22.15813,22.15813,22.15813,22.15813,22.15813,22.15813,22.15813,22.15813,22.25069,22.4358,22.36175,22.99114,22.99114,22.99114,23.54648,24.10182,24.30545,24.37949,25.08293,25.41613,25.6938,25.6938,25.95296,26.48979,26.6564,26.71193,26.9896,27.10067,27.41536,27.41536,27.65601,27.67452,27.56345,27.61899,27.69303,27.6375,27.58196,27.69303,27.52643,27.50792,27.48941,27.52643,27.69303,27.61899,27.54494,27.21174,27.41536,27.37834,27.50792,27.50792,27.54494,27.52643,27.9707,28.00773,28.65562,28.95181,29.41459,29.35906,30.00696,30.2476,30.32165,30.59932,30.59932,30.59932,30.59932,29.93291,29.89589,29.71077,29.45161,29.24799,29.21097,28.58158,28.34093,28.08177,27.52643,26.97109,26.71193,25.91594,25.63827,24.91632,24.82377,24.45354,False,False,False,False,False,False,False,False,False,False,False,False,False,False,False,False,False,False,False,False,False,False,False,False,False,False,False,False,False,False,False,False,False,False,False,False,False,False,False,False,False,False,False,False,False,False,False,False,False,False,False,False,False,False,False,False,False,False,False,False,False,False,False,False,False,False,False,False,False,False,False,False,False,False,False,False,False,False,False,False,False,False,False,False,False,False,False,False,False,False,False,False,False,False,False,False,False,False,False,False,False,False,False,False,False,False,False,False,False,False,False,False,False,False,False,False,False,False,False,False,False,False,False,False,False,False,False,False,False,False,False,False,False,False,False,False,False,False,False,False,False,False,False,False,False,False,False,False,False,False,False,False,False,False,False,False,False,False,False,False,False,False,False,False,False,False,False,False,False,False,False,False,False,False,False,False,False,False,False,False,False,False,False,False,False,False,False,False,False,True,False,False,False,False,False,False,False,False,False,False,False,False,False,False,False,False,False,False,False,False,False,False,False,False,False,False,False,False,False,False,False,False,False,False,False,False,False,False,False,False,False,False,False,False,False,False,False,False,False,False,False,False,False,False,False,False,False,False,False,False,False,False,False,False,False,False,False,False,False,False,False,False,False,False,False,False,False,False,False,False,False,False,False,False,False,False,False,False,False,False,False,False,False,False,False,False,False,False,False,False,False,False,False,False,False,False,False,False,False,False,False,False,False,False,False,False,False,False,False,False,False,False,False,False,False,False,False,False,False,False,False,False,False,False,False,False,False,False,False,False,False,False,False,False,False,False,False,False,False,False,False,False,False,False,False,False,False,False,False,False,False,False,False,False,False,False,False,False,False,False
2019,24.13885,23.78713,23.4169,23.4169,23.4169,22.86156,22.69496,22.69496,22.69496,22.50984,21.88046,21.88046,21.88046,21.88046,21.88046,21.88046,22.36175,22.65794,22.65794,22.65794,23.02816,23.30583,23.30583,23.99076,25.06442,25.56422,26.69342,28.2854,30.04398,31.13615,31.46936,31.83958,32.50599,32.80218,32.54302,32.74664,32.93175,32.63557,32.76515,32.56153,32.89473,32.89473,32.70962,32.76515,33.52412,33.0058,33.37603,33.30198,33.39454,33.26496,32.76515,33.13538,33.45007,33.30198,33.02431,33.04282,33.15389,33.06133,32.82069,32.8392,32.54302,32.54302,32.39492,32.20981,32.0247,32.13577,32.04321,32.1913,32.06172,32.56153,32.69111,33.11687,32.6726,32.65408,32.6726,32.70962,32.17279,31.67298,31.63596,31.63596,31.41382,31.02508,30.80295,30.32165,29.96993,29.59971,29.11841,28.52604,28.13731,27.54494,26.87853,26.47128,25.82338,25.5272,25.34209,24.78675,False,False,False,False,False,False,False,False,False,False,False,False,False,False,False,False,False,False,False,False,False,False,False,False,False,False,False,False,False,False,False,False,False,False,False,False,False,False,False,False,False,False,False,False,False,False,False,False,False,False,False,False,False,False,False,False,False,False,False,False,False,False,False,False,False,False,False,False,False,False,False,False,False,False,False,False,False,False,False,False,False,False,False,False,False,False,False,False,False,False,False,False,False,False,False,False,False,False,False,False,False,False,False,False,False,False,False,False,False,False,False,False,False,False,False,False,False,False,False,False,False,False,False,False,False,False,False,False,False,False,False,False,False,False,False,False,False,False,False,False,False,False,False,False,False,False,False,False,False,False,False,False,False,False,False,False,False,False,False,False,False,False,False,False,False,False,False,False,False,False,False,False,False,False,False,False,False,False,False,False,False,False,False,False,False,False,False,False,False,False,False,False,False,False,False,False,False,False,False,False,False,True,False,False,False,False,False,False,False,False,False,False,False,False,False,False,False,False,False,False,False,False,False,False,False,False,False,False,False,False,False,False,False,False,False,False,False,False,False,False,False,False,False,False,False,False,False,False,False,False,False,False,False,False,False,False,False,False,False,False,False,False,False,False,False,False,False,False,False,False,False,False,False,False,False,False,False,False,False,False,False,False,False,False,False,False,False,False,False,False,False,False,False,False,False,False,False,False,False,False,False,False,False,False,False,False,False,False,False,False,False,False,False,False,False,False,False,False,False,False,False,False,False,False,False,False,False,False,False,False,False,False,False,False,False,False,False,False,False,False,False,False,False,False,False,False,False,False,False,False,False,False,False,False,False,False,False,False,False,False
2019,24.15736,23.99076,23.43541,23.43541,23.43541,22.88007,22.80603,22.80603,22.23217,22.08408,22.08408,21.99153,21.99153,21.99153,21.99153,21.99153,21.76939,21.76939,21.76939,21.76939,22.54687,22.75049,23.23179,23.63904,24.73121,25.67529,26.5083,27.65601,29.71077,30.54379,30.76592,31.26573,31.91363,32.24683,32.32088,32.09874,32.58004,32.54302,32.43195,32.26534,32.80218,32.61706,33.4871,32.91324,33.4871,33.37603,33.26496,33.4871,33.56114,33.4871,33.59816,33.6537,33.59816,33.6537,33.39454,33.45007,33.87584,33.59816,33.67221,34.07946,33.93137,33.4871,33.61668,33.39454,33.26496,33.06133,33.35752,33.1724,33.09836,33.07985,32.78366,32.95027,32.89473,32.39492,32.54302,32.11725,31.96916,31.59893,31.46936,31.26573,31.09913,30.85848,30.69188,30.32165,29.76631,29.47013,29.02585,28.6186,27.95219,27.35983,26.76746,26.47128,25.86041,25.00888,24.97186,24.65717,False,False,False,False,False,False,False,False,False,False,False,False,False,False,False,False,False,False,False,False,False,False,False,False,False,False,False,False,False,False,False,False,False,False,False,False,False,False,False,False,False,False,False,False,False,False,False,False,False,False,False,False,False,False,False,False,False,False,False,False,False,False,False,False,False,False,False,False,False,False,False,False,False,False,False,False,False,False,False,False,False,False,False,False,False,False,False,False,False,False,False,False,False,False,False,False,False,False,False,False,False,False,False,False,False,False,False,False,False,False,False,False,False,False,False,False,False,False,False,False,False,False,False,False,False,False,False,False,False,False,False,False,False,False,False,False,False,False,False,False,False,False,False,False,False,False,False,False,False,False,False,False,False,False,False,False,False,False,False,False,False,False,False,False,False,False,False,False,False,False,False,False,False,False,False,False,False,False,False,False,False,False,False,False,False,False,False,False,False,False,False,False,False,False,False,False,False,False,False,False,False,False,False,False,False,False,False,False,False,False,False,False,False,True,False,False,False,False,False,False,False,False,False,False,False,False,False,False,False,False,False,False,False,False,False,False,False,False,False,False,False,False,False,False,False,False,False,False,False,False,False,False,False,False,False,False,False,False,False,False,False,False,False,False,False,False,False,False,False,False,False,False,False,False,False,False,False,False,False,False,False,False,False,False,False,False,False,False,False,False,False,False,False,False,False,False,False,False,False,False,False,False,False,False,False,False,False,False,False,False,False,False,False,False,False,False,False,False,False,False,False,False,False,False,False,False,False,False,False,False,False,False,False,False,False,False,False,False,False,False,False,False,False,False,False,False,False,False,False,False,False,False,False,False,False,False,False,False,False,False
2019,24.0648,23.63904,23.63904,23.63904,23.62053,22.88007,22.34324,22.15813,22.15813,22.15813,22.15813,22.15813,22.15813,22.15813,21.60279,21.99153,21.63981,21.63981,21.63981,21.63981,21.82492,22.71347,23.10221,23.4169,24.5461,24.86079,26.0085,26.52682,28.54456,29.58119,29.95142,30.32165,30.87699,31.45084,31.69149,31.65447,32.30237,32.20981,32.70962,32.20981,32.91324,33.6537,33.94988,33.69072,34.3016,34.61629,34.91247,35.13461,35.67144,35.80102,35.57888,35.59739,35.91209,35.65293,35.67144,36.07869,36.65254,36.5785,36.20827,36.31934,36.00464,35.83804,35.94911,35.764,35.78251,35.91209,35.70846,35.57888,34.96801,34.57927,34.67182,34.61629,33.72774,33.52412,33.09836,32.8392,32.61706,32.08023,31.74703,31.58042,31.41382,31.39531,30.74741,30.74741,30.35867,29.80333,29.0999,29.22948,28.35944,27.85964,27.17471,26.69342,26.37872,25.98999,25.91594,24.91632,False,False,False,False,False,False,False,False,False,False,False,False,False,False,False,False,False,False,False,False,False,False,False,False,False,False,False,False,False,False,False,False,False,False,False,False,False,False,False,False,False,False,False,False,False,False,False,False,False,False,False,False,False,False,False,False,False,False,False,False,False,False,False,False,False,False,False,False,False,False,False,False,False,False,False,False,False,False,False,False,False,False,False,False,False,False,False,False,False,False,False,False,False,False,False,False,False,False,False,False,False,False,False,False,False,False,False,False,False,False,False,False,False,False,False,False,False,False,False,False,False,False,False,False,False,False,False,False,False,False,False,False,False,False,False,False,False,False,False,False,False,False,False,False,False,False,False,False,False,False,False,False,False,False,False,False,False,False,False,False,False,False,False,False,False,False,False,False,False,False,False,False,False,False,False,False,False,False,False,False,False,False,False,False,False,False,False,False,False,False,False,False,False,False,False,False,False,False,False,False,False,False,False,False,False,False,False,False,False,False,False,False,False,False,False,False,False,False,False,False,False,False,False,False,False,True,False,False,False,False,False,False,False,False,False,False,False,False,False,False,False,False,False,False,False,False,False,False,False,False,False,False,False,False,False,False,False,False,False,False,False,False,False,False,False,False,False,False,False,False,False,False,False,False,False,False,False,False,False,False,False,False,False,False,False,False,False,False,False,False,False,False,False,False,False,False,False,False,False,False,False,False,False,False,False,False,False,False,False,False,False,False,False,False,False,False,False,False,False,False,False,False,False,False,False,False,False,False,False,False,False,False,False,False,False,False,False,False,False,False,False,False,False,False,False,False,False,False,False,False,False,False,False,False,False,False,False,False,False,False
2019,24.5461,24.02778,23.60202,23.23179,22.89858,22.9171,22.9171,22.34324,22.21366,22.21366,21.89897,21.88046,21.71386,21.71386,21.71386,21.71386,21.60279,21.60279,21.60279,21.60279,21.91748,22.63942,22.67645,23.50946,24.37949,25.24953,26.45277,27.19323,29.32203,30.17356,30.52527,31.11764,31.61745,31.80256,32.22832,32.50599,32.98729,33.26496,33.43156,33.41305,32.98729,33.37603,33.28347,33.07985,33.35752,33.41305,33.52412,33.52412,33.59816,33.39454,33.30198,33.24645,33.37603,33.30198,33.54263,33.39454,33.52412,33.11687,33.26496,33.09836,32.89473,32.8392,32.95027,33.19091,32.82069,32.56153,32.93175,32.98729,32.8392,32.98729,33.09836,33.43156,33.07985,33.15389,33.15389,33.11687,32.45046,32.13577,31.93214,31.96916,31.85809,31.30275,31.74703,31.13615,30.93253,30.35867,29.9144,29.52566,28.91478,28.41498,27.91517,27.19323,26.67491,26.19361,26.04552,25.65678,False,False,False,False,False,False,False,False,False,False,False,False,False,False,False,False,False,False,False,False,False,False,False,False,False,False,False,False,False,False,False,False,False,False,False,False,False,False,False,False,False,False,False,False,False,False,False,False,False,False,False,False,False,False,False,False,False,False,False,False,False,False,False,False,False,False,False,False,False,False,False,False,False,False,False,False,False,False,False,False,False,False,False,False,False,False,False,False,False,False,False,False,False,False,False,False,False,False,False,False,False,False,False,False,False,False,False,False,False,False,False,False,False,False,False,False,False,False,False,False,False,False,False,False,False,False,False,False,False,False,False,False,False,False,False,False,False,False,False,False,False,False,False,False,False,False,False,False,False,False,False,False,False,False,False,False,False,False,False,False,False,False,False,False,False,False,False,False,False,False,False,False,False,False,False,False,False,False,False,False,False,False,False,False,False,False,False,False,False,False,False,False,False,False,False,False,False,False,False,False,False,False,False,False,False,False,False,False,False,False,False,False,False,False,False,False,False,False,False,False,False,False,False,False,False,False,False,False,False,False,False,False,False,False,False,False,False,True,False,False,False,False,False,False,False,False,False,False,False,False,False,False,False,False,False,False,False,False,False,False,False,False,False,False,False,False,False,False,False,False,False,False,False,False,False,False,False,False,False,False,False,False,False,False,False,False,False,False,False,False,False,False,False,False,False,False,False,False,False,False,False,False,False,False,False,False,False,False,False,False,False,False,False,False,False,False,False,False,False,False,False,False,False,False,False,False,False,False,False,False,False,False,False,False,False,False,False,False,False,False,False,False,False,False,False,False,False,False,False,False,False,False,False,False,False,False,False,False,False,False
2019,25.21251,25.21251,24.58312,24.41652,23.78713,23.69457,23.30583,22.97263,22.97263,22.65794,22.54687,22.88007,22.88007,22.08408,22.36175,22.69496,22.17664,22.15813,22.15813,22.15813,22.88007,23.30583,23.71308,24.08331,25.0459,25.78636,26.95258,27.56345,29.59971,30.67337,30.96955,31.56191,32.20981,32.32088,32.24683,32.3579,32.6726,32.58004,32.69111,32.70962,32.82069,32.82069,33.0058,32.98729,33.70923,33.72774,33.69072,33.61668,33.57965,33.46858,33.6537,33.54263,33.4871,33.50561,33.67221,33.20943,33.35752,33.35752,33.57965,33.52412,33.52412,33.37603,33.02431,33.04282,32.65408,32.8392,32.48748,32.58004,32.8392,32.74664,32.61706,32.65408,32.48748,32.54302,32.28386,32.39492,32.09874,31.69149,31.71,31.63596,31.09913,30.98806,30.71039,30.71039,30.32165,29.87738,29.37757,29.24799,28.91478,28.26689,27.6375,27.28578,26.69342,26.60086,26.28617,25.97147,False,False,False,False,False,False,False,False,False,False,False,False,False,False,False,False,False,False,False,False,False,False,False,False,False,False,False,False,False,False,False,False,False,False,False,False,False,False,False,False,False,False,False,False,False,False,False,False,False,False,False,False,False,False,False,False,False,False,False,False,False,False,False,False,False,False,False,False,False,False,False,False,False,False,False,False,False,False,False,False,False,False,False,False,False,False,False,False,False,False,False,False,False,False,False,False,False,False,False,False,False,False,False,False,False,False,False,False,False,False,False,False,False,False,False,False,False,False,False,False,False,False,False,False,False,False,False,False,False,False,False,False,False,False,False,False,False,False,False,False,False,False,False,False,False,False,False,False,False,False,False,False,False,False,False,False,False,False,False,False,False,False,False,False,False,False,False,False,False,False,False,False,False,False,False,False,False,False,False,False,False,False,False,False,False,False,False,False,False,False,False,False,False,False,False,False,False,False,False,False,False,False,False,False,False,False,False,False,False,False,False,False,False,False,False,False,False,False,False,False,False,False,False,False,False,False,False,False,False,False,False,False,False,False,False,False,False,False,False,False,False,False,False,False,False,False,False,False,False,True,False,False,False,False,False,False,False,False,False,False,False,False,False,False,False,False,False,False,False,False,False,False,False,False,False,False,False,False,False,False,False,False,False,False,False,False,False,False,False,False,False,False,False,False,False,False,False,False,False,False,False,False,False,False,False,False,False,False,False,False,False,False,False,False,False,False,False,False,False,False,False,False,False,False,False,False,False,False,False,False,False,False,False,False,False,False,False,False,False,False,False,False,False,False,False,False,False,False,False,False,False,False,False,False,False,False,False,False,False,False
2019,25.49018,25.49018,24.99037,24.80526,24.21289,23.97224,23.26881,23.19477,23.19477,23.19477,22.95412,22.75049,22.52836,22.52836,22.52836,22.52836,22.30622,22.30622,22.30622,22.25069,22.36175,22.36175,22.36175,22.63942,23.4169,23.2503,23.91671,24.08331,24.36098,24.76823,24.89781,25.30506,25.86041,26.36021,26.87853,26.93407,27.39685,27.43387,27.56345,27.69303,28.00773,27.91517,28.60009,28.65562,28.76669,28.98883,29.02585,29.4331,29.28501,29.41459,29.06288,29.28501,29.19245,29.22948,29.2665,29.15543,29.24799,29.04436,28.71116,28.7852,28.84074,29.04436,28.89627,29.13692,28.69265,29.13692,29.22948,29.45161,29.52566,29.67375,29.76631,30.00696,30.54379,30.8955,30.93253,30.71039,30.85848,30.5623,30.28463,30.06249,30.00696,30.04398,29.82184,29.54417,29.35906,29.28501,29.30352,28.87776,28.63711,28.37795,28.02624,27.6375,27.48941,26.89704,26.26766,25.71231,False,False,False,False,False,False,False,False,False,False,False,False,False,False,False,False,False,False,False,False,False,False,False,False,False,False,False,False,False,False,False,False,False,False,False,False,False,False,False,False,False,False,False,False,False,False,False,False,False,False,False,False,False,False,False,False,False,False,False,False,False,False,False,False,False,False,False,False,False,False,False,False,False,False,False,False,False,False,False,False,False,False,False,False,False,False,False,False,False,False,False,False,False,False,False,False,False,False,False,False,False,False,False,False,False,False,False,False,False,False,False,False,False,False,False,False,False,False,False,False,False,False,False,False,False,False,False,False,False,False,False,False,False,False,False,False,False,False,False,False,False,False,False,False,False,False,False,False,False,False,False,False,False,False,False,False,False,False,False,False,False,False,False,False,False,False,False,False,False,False,False,False,False,False,False,False,False,False,False,False,False,False,False,False,False,False,False,False,False,False,False,False,False,False,False,False,False,False,False,False,False,False,False,False,False,False,False,False,False,False,False,False,False,False,False,False,False,False,False,False,False,False,False,False,False,False,False,False,False,False,False,False,False,False,False,False,False,False,False,False,False,False,False,False,False,False,False,False,False,False,False,False,False,False,False,False,False,False,False,False,False,True,False,False,False,False,False,False,False,False,False,False,False,False,False,False,False,False,False,False,False,False,False,False,False,False,False,False,False,False,False,False,False,False,False,False,False,False,False,False,False,False,False,False,False,False,False,False,False,False,False,False,False,False,False,False,False,False,False,False,False,False,False,False,False,False,False,False,False,False,False,False,False,False,False,False,False,False,False,False,False,False,False,False,False,False,False,False,False,False,False,False,False,False,False,False,False,False,False,False
2019,25.24953,24.80526,24.37949,24.30545,23.97224,23.75011,23.56499,23.13923,23.13923,23.13923,22.58389,22.49133,22.49133,22.49133,22.49133,22.12111,21.82492,21.82492,21.82492,22.25069,21.91748,21.91748,21.91748,22.34324,22.30622,22.82454,23.26881,23.47244,23.8982,24.13885,24.13885,24.26843,24.97186,25.43464,25.34209,25.80487,26.3417,26.24914,26.32319,26.87853,27.19323,27.35983,27.52643,27.52643,27.67452,28.13731,28.39647,27.93368,27.87815,27.74857,27.82261,28.00773,28.47051,27.9707,28.26689,27.95219,27.91517,27.91517,27.91517,27.9707,27.8041,27.9707,28.10028,28.22986,27.87815,27.87815,28.11879,28.26689,28.7852,28.82223,29.24799,29.65524,29.84035,30.35867,30.35867,30.5623,30.41421,30.28463,30.15505,29.95142,29.76631,29.80333,29.71077,29.17394,28.72967,28.54456,28.54456,27.87815,27.43387,27.19323,26.69342,26.52682,25.76785,25.54571,25.02739,24.73121,False,False,False,False,False,False,False,False,False,False,False,False,False,False,False,False,False,False,False,False,False,False,False,False,False,False,False,False,False,False,False,False,False,False,False,False,False,False,False,False,False,False,False,False,False,False,False,False,False,False,False,False,False,False,False,False,False,False,False,False,False,False,False,False,False,False,False,False,False,False,False,False,False,False,False,False,False,False,False,False,False,False,False,False,False,False,False,False,False,False,False,False,False,False,False,False,False,False,False,False,False,False,False,False,False,False,False,False,False,False,False,False,False,False,False,False,False,False,False,False,False,False,False,False,False,False,False,False,False,False,False,False,False,False,False,False,False,False,False,False,False,False,False,False,False,False,False,False,False,False,False,False,False,False,False,False,False,False,False,False,False,False,False,False,False,False,False,False,False,False,False,False,False,False,False,False,False,False,False,False,False,False,False,False,False,False,False,False,False,False,False,False,False,False,False,False,False,False,False,False,False,False,False,False,False,False,False,False,False,False,False,False,False,False,False,False,False,False,False,False,False,False,False,False,False,False,False,False,False,False,False,False,False,False,False,False,False,False,False,False,False,False,False,False,False,False,False,False,False,False,False,False,False,False,False,False,False,False,False,False,False,False,False,False,False,False,False,False,False,False,False,False,False,True,False,False,False,False,False,False,False,False,False,False,False,False,False,False,False,False,False,False,False,False,False,False,False,False,False,False,False,False,False,False,False,False,False,False,False,False,False,False,False,False,False,False,False,False,False,False,False,False,False,False,False,False,False,False,False,False,False,False,False,False,False,False,False,False,False,False,False,False,False,False,False,False,False,False,False,False,False,False,False,False,False,False,False,False,False,False
2019,24.04629,24.04629,23.45393,23.36137,23.36137,23.36137,23.2503,22.52836,22.52836,22.52836,22.52836,22.52836,22.52836,22.52836,22.52836,22.12111,21.65832,22.32473,22.38027,22.38027,22.769,23.21328,23.56499,23.82415,25.10144,25.47167,26.60086,27.65601,29.87738,30.95104,31.46936,31.78405,32.74664,32.91324,32.91324,33.28347,33.93137,33.59816,33.26496,33.15389,32.93175,33.20943,33.32049,33.37603,33.43156,33.39454,33.19091,32.72813,32.80218,32.70962,33.19091,33.37603,33.22794,33.19091,33.13538,33.06133,32.98729,33.09836,33.1724,33.0058,33.06133,32.74664,32.85771,32.95027,33.09836,33.04282,32.65408,33.19091,33.28347,33.30198,33.11687,33.32049,32.91324,32.85771,32.80218,32.87622,32.46897,32.11725,32.04321,31.87661,31.39531,31.24722,30.76592,30.58081,30.37718,29.48864,29.24799,28.74818,28.39647,27.73006,27.17471,26.41575,25.80487,25.194,25.08293,24.73121,False,False,False,False,False,False,False,False,False,False,False,False,False,False,False,False,False,False,False,False,False,False,False,False,False,False,False,False,False,False,False,False,False,False,False,False,False,False,False,False,False,False,False,False,False,False,False,False,False,False,False,False,False,False,False,False,False,False,False,False,False,False,False,False,False,False,False,False,False,False,False,False,False,False,False,False,False,False,False,False,False,False,False,False,False,False,False,False,False,False,False,False,False,False,False,False,False,False,False,False,False,False,False,False,False,False,False,False,False,False,False,False,False,False,False,False,False,False,False,False,False,False,False,False,False,False,False,False,False,False,False,False,False,False,False,False,False,False,False,False,False,False,False,False,False,False,False,False,False,False,False,False,False,False,False,False,False,False,False,False,False,False,False,False,False,False,False,False,False,False,False,False,False,False,False,False,False,False,False,False,False,False,False,False,False,False,False,False,False,False,False,False,False,False,False,False,False,False,False,False,False,False,False,False,False,False,False,False,False,False,False,False,False,False,False,False,False,False,False,False,False,False,False,False,False,False,False,False,False,False,False,False,False,False,False,False,False,False,False,False,False,False,False,False,False,False,False,False,False,False,False,False,False,False,False,False,False,False,False,False,False,False,False,False,False,False,False,False,False,False,False,False,False,False,False,False,False,False,False,False,False,False,False,False,False,True,False,False,False,False,False,False,False,False,False,False,False,False,False,False,False,False,False,False,False,False,False,False,False,False,False,False,False,False,False,False,False,False,False,False,False,False,False,False,False,False,False,False,False,False,False,False,False,False,False,False,False,False,False,False,False,False,False,False,False,False,False,False,False,False,False,False,False,False,False,False,False,False,False,False
2019,24.41652,23.99076,23.76862,23.76862,23.2503,23.0837,23.0837,22.99114,22.47282,22.47282,22.06557,22.02855,21.88046,22.15813,21.93599,21.97301,22.39878,22.04706,21.99153,21.99153,22.41729,22.95412,23.4169,23.52797,24.7127,25.26804,26.26766,27.60048,30.09951,30.91401,31.56191,32.04321,32.17279,32.72813,32.69111,32.59855,33.11687,33.07985,32.37641,32.50599,32.69111,32.78366,32.78366,32.76515,33.19091,33.15389,33.15389,33.30198,33.56114,33.45007,33.04282,33.1724,33.06133,32.78366,33.19091,33.15389,32.98729,33.26496,33.26496,32.63557,32.61706,32.56153,32.91324,32.69111,32.61706,32.48748,32.3579,32.20981,32.85771,32.6726,32.59855,33.22794,32.78366,33.15389,32.78366,32.69111,32.69111,32.45046,32.17279,31.78405,31.78405,31.65447,31.09913,31.09913,30.65485,29.65524,29.00734,28.9333,28.34093,27.82261,26.9896,26.69342,26.02701,25.71231,25.21251,24.78675,False,False,False,False,False,False,False,False,False,False,False,False,False,False,False,False,False,False,False,False,False,False,False,False,False,False,False,False,False,False,False,False,False,False,False,False,False,False,False,False,False,False,False,False,False,False,False,False,False,False,False,False,False,False,False,False,False,False,False,False,False,False,False,False,False,False,False,False,False,False,False,False,False,False,False,False,False,False,False,False,False,False,False,False,False,False,False,False,False,False,False,False,False,False,False,False,False,False,False,False,False,False,False,False,False,False,False,False,False,False,False,False,False,False,False,False,False,False,False,False,False,False,False,False,False,False,False,False,False,False,False,False,False,False,False,False,False,False,False,False,False,False,False,False,False,False,False,False,False,False,False,False,False,False,False,False,False,False,False,False,False,False,False,False,False,False,False,False,False,False,False,False,False,False,False,False,False,False,False,False,False,False,False,False,False,False,False,False,False,False,False,False,False,False,False,False,False,False,False,False,False,False,False,False,False,False,False,False,False,False,False,False,False,False,False,False,False,False,False,False,False,False,False,False,False,False,False,False,False,False,False,False,False,False,False,False,False,False,False,False,False,False,False,False,False,False,False,False,False,False,False,False,False,False,False,False,False,False,False,False,False,False,False,False,False,False,False,False,False,False,False,False,False,False,False,False,False,False,False,False,False,False,False,False,False,False,False,False,False,False,False,False,False,False,False,False,False,True,False,False,False,False,False,False,False,False,False,False,False,False,False,False,False,False,False,False,False,False,False,False,False,False,False,False,False,False,False,False,False,False,False,False,False,False,False,False,False,False,False,False,False,False,False,False,False,False,False,False,False,False,False,False,False,False,False,False,False,False,False,False
2019,24.19438,23.86118,23.52797,23.52797,23.39839,22.80603,22.63942,22.23217,22.21366,22.19515,22.19515,22.19515,22.19515,22.08408,21.54725,21.9545,21.54725,21.80641,22.2692,22.2692,22.38027,22.93561,23.37988,23.84266,24.74972,25.56422,26.56384,27.52643,29.52566,30.76592,31.32126,32.26534,32.70962,33.28347,33.80179,33.80179,33.89435,33.93137,33.94988,33.59816,33.63519,34.04244,34.00542,33.93137,34.15351,34.20904,34.04244,34.09797,33.6537,33.69072,33.52412,33.52412,33.80179,34.06095,33.94988,34.15351,34.07946,34.13499,33.6537,33.32049,32.96878,32.95027,33.41305,33.67221,33.69072,33.63519,33.63519,33.63519,33.96839,34.13499,34.13499,34.37564,34.02393,34.13499,33.93137,33.87584,33.32049,33.11687,32.93175,32.65408,32.65408,32.59855,32.13577,32.09874,31.63596,31.2102,30.93253,30.2476,29.67375,29.04436,28.39647,27.67452,26.76746,26.19361,25.6938,25.26804,False,False,False,False,False,False,False,False,False,False,False,False,False,False,False,False,False,False,False,False,False,False,False,False,False,False,False,False,False,False,False,False,False,False,False,False,False,False,False,False,False,False,False,False,False,False,False,False,False,False,False,False,False,False,False,False,False,False,False,False,False,False,False,False,False,False,False,False,False,False,False,False,False,False,False,False,False,False,False,False,False,False,False,False,False,False,False,False,False,False,False,False,False,False,False,False,False,False,False,False,False,False,False,False,False,False,False,False,False,False,False,False,False,False,False,False,False,False,False,False,False,False,False,False,False,False,False,False,False,False,False,False,False,False,False,False,False,False,False,False,False,False,False,False,False,False,False,False,False,False,False,False,False,False,False,False,False,False,False,False,False,False,False,False,False,False,False,False,False,False,False,False,False,False,False,False,False,False,False,False,False,False,False,False,False,False,False,False,False,False,False,False,False,False,False,False,False,False,False,False,False,False,False,False,False,False,False,False,False,False,False,False,False,False,False,False,False,False,False,False,False,False,False,False,False,False,False,False,False,False,False,False,False,False,False,False,False,False,False,False,False,False,False,False,False,False,False,False,False,False,False,False,False,False,False,False,False,False,False,False,False,False,False,False,False,False,False,False,False,False,False,False,False,False,False,False,False,False,False,False,False,False,False,False,False,False,False,False,False,False,False,False,False,False,False,False,False,False,False,False,False,False,False,False,False,False,False,False,True,False,False,False,False,False,False,False,False,False,False,False,False,False,False,False,False,False,False,False,False,False,False,False,False,False,False,False,False,False,False,False,False,False,False,False,False,False,False,False,False,False,False,False,False,False,False,False,False,False,False,False
2019,24.69419,24.69419,23.93522,23.91671,23.91671,23.69457,23.04667,23.04667,23.04667,23.04667,22.97263,22.4358,22.4358,22.4358,22.4358,22.4358,22.4358,22.4358,22.78752,23.04667,23.04667,23.04667,23.54648,24.0648,25.10144,25.91594,27.04513,27.91517,30.17356,31.08062,31.96916,32.24683,32.76515,33.39454,33.15389,32.93175,32.96878,32.80218,33.19091,33.19091,33.19091,33.07985,32.82069,32.89473,32.80218,32.74664,32.74664,33.09836,33.6537,33.74626,33.43156,33.78328,33.89435,33.35752,33.37603,33.28347,33.46858,33.37603,33.28347,33.02431,33.02431,32.95027,32.91324,32.85771,32.69111,32.54302,32.65408,32.65408,32.6726,32.85771,32.96878,32.91324,32.89473,33.02431,32.69111,32.96878,32.37641,32.30237,31.89512,31.91363,31.91363,31.09913,30.98806,31.04359,30.48825,29.96993,29.82184,29.61822,29.13692,28.37795,27.69303,27.13769,26.76746,26.48979,25.89743,25.23102,False,False,False,False,False,False,False,False,False,False,False,False,False,False,False,False,False,False,False,False,False,False,False,False,False,False,False,False,False,False,False,False,False,False,False,False,False,False,False,False,False,False,False,False,False,False,False,False,False,False,False,False,False,False,False,False,False,False,False,False,False,False,False,False,False,False,False,False,False,False,False,False,False,False,False,False,False,False,False,False,False,False,False,False,False,False,False,False,False,False,False,False,False,False,False,False,False,False,False,False,False,False,False,False,False,False,False,False,False,False,False,False,False,False,False,False,False,False,False,False,False,False,False,False,False,False,False,False,False,False,False,False,False,False,False,False,False,False,False,False,False,False,False,False,False,False,False,False,False,False,False,False,False,False,False,False,False,False,False,False,False,False,False,False,False,False,False,False,False,False,False,False,False,False,False,False,False,False,False,False,False,False,False,False,False,False,False,False,False,False,False,False,False,False,False,False,False,False,False,False,False,False,False,False,False,False,False,False,False,False,False,False,False,False,False,False,False,False,False,False,False,False,False,False,False,False,False,False,False,False,False,False,False,False,False,False,False,False,False,False,False,False,False,False,False,False,False,False,False,False,False,False,False,False,False,False,False,False,False,False,False,False,False,False,False,False,False,False,False,False,False,False,False,False,False,False,False,False,False,False,False,False,False,False,False,False,False,False,False,False,False,False,False,False,False,False,False,False,False,False,False,False,False,False,False,False,False,False,False,False,False,False,False,False,False,False,False,False,False,False,True,False,False,False,False,False,False,False,False,False,False,False,False,False,False,False,False,False,False,False,False,False,False,False,False,False,False,False,False,False,False,False,False,False,False,False,False,False,False,False
2019,24.99037,24.7127,24.24991,24.24991,23.71308,23.04667,22.86156,22.86156,22.86156,22.4358,22.71347,22.19515,22.10259,22.10259,22.10259,22.10259,21.99153,21.99153,21.99153,21.99153,22.50984,23.10221,23.10221,23.75011,24.30545,24.8793,26.26766,26.67491,28.89627,29.82184,30.081,30.19207,30.74741,30.82146,31.32126,31.71,31.83958,32.00619,32.30237,32.76515,32.93175,33.45007,33.85732,34.00542,33.9869,33.57965,34.00542,34.3016,34.11648,34.32011,34.57927,34.52373,34.83843,34.69034,35.00503,34.96801,34.89396,35.04205,35.31972,35.00503,34.70885,34.52373,34.50522,34.26457,34.3016,34.48671,34.00542,33.83881,33.87584,33.6537,33.93137,33.6537,33.13538,32.63557,32.61706,32.54302,32.48748,32.32088,32.13577,31.91363,31.65447,31.26573,30.85848,31.00657,30.71039,30.32165,29.80333,29.87738,29.15543,28.84074,28.34093,27.71154,27.19323,26.87853,26.3417,25.86041,False,False,False,False,False,False,False,False,False,False,False,False,False,False,False,False,False,False,False,False,False,False,False,False,False,False,False,False,False,False,False,False,False,False,False,False,False,False,False,False,False,False,False,False,False,False,False,False,False,False,False,False,False,False,False,False,False,False,False,False,False,False,False,False,False,False,False,False,False,False,False,False,False,False,False,False,False,False,False,False,False,False,False,False,False,False,False,False,False,False,False,False,False,False,False,False,False,False,False,False,False,False,False,False,False,False,False,False,False,False,False,False,False,False,False,False,False,False,False,False,False,False,False,False,False,False,False,False,False,False,False,False,False,False,False,False,False,False,False,False,False,False,False,False,False,False,False,False,False,False,False,False,False,False,False,False,False,False,False,False,False,False,False,False,False,False,False,False,False,False,False,False,False,False,False,False,False,False,False,False,False,False,False,False,False,False,False,False,False,False,False,False,False,False,False,False,False,False,False,False,False,False,False,False,False,False,False,False,False,False,False,False,False,False,False,False,False,False,False,False,False,False,False,False,False,False,False,False,False,False,False,False,False,False,False,False,False,False,False,False,False,False,False,False,False,False,False,False,False,False,False,False,False,False,False,False,False,False,False,False,False,False,False,False,False,False,False,False,False,False,False,False,False,False,False,False,False,False,False,False,False,False,False,False,False,False,False,False,False,False,False,False,False,False,False,False,False,False,False,False,False,False,False,False,False,False,False,False,False,False,False,False,False,False,False,False,False,False,False,False,False,False,False,False,False,False,False,False,False,False,False,False,True,False,False,False,False,False,False,False,False,False,False,False,False,False,False,False,False,False,False,False,False,False,False,False,False,False,False,False
2019,25.21251,24.78675,24.47205,24.24991,24.24991,23.4169,23.02816,22.65794,22.63942,22.63942,22.63942,22.63942,22.63942,22.17664,21.7879,21.80641,21.80641,21.80641,21.80641,21.80641,21.80641,22.30622,22.4358,22.34324,22.4358,22.4358,22.97263,23.28732,23.93522,24.63865,24.7127,25.21251,25.26804,25.87892,26.15659,26.69342,26.97109,26.95258,27.3228,27.50792,27.71154,27.87815,28.21135,28.35944,28.48902,28.39647,28.06326,28.47051,28.60009,28.52604,28.69265,28.35944,28.82223,28.67414,28.32242,27.9707,28.17433,28.19284,28.56307,28.24837,28.21135,28.19284,28.19284,28.48902,28.72967,28.76669,29.0999,28.89627,29.22948,29.11841,29.54417,30.09951,30.46974,30.85848,30.96955,30.78443,30.63634,30.50676,30.43272,30.71039,30.41421,29.95142,29.85886,29.82184,29.7478,29.69226,29.45161,29.32203,28.67414,28.35944,28.08177,27.84112,27.4709,26.95258,26.823,26.28617,False,False,False,False,False,False,False,False,False,False,False,False,False,False,False,False,False,False,False,False,False,False,False,False,False,False,False,False,False,False,False,False,False,False,False,False,False,False,False,False,False,False,False,False,False,False,False,False,False,False,False,False,False,False,False,False,False,False,False,False,False,False,False,False,False,False,False,False,False,False,False,False,False,False,False,False,False,False,False,False,False,False,False,False,False,False,False,False,False,False,False,False,False,False,False,False,False,False,False,False,False,False,False,False,False,False,False,False,False,False,False,False,False,False,False,False,False,False,False,False,False,False,False,False,False,False,False,False,False,False,False,False,False,False,False,False,False,False,False,False,False,False,False,False,False,False,False,False,False,False,False,False,False,False,False,False,False,False,False,False,False,False,False,False,False,False,False,False,False,False,False,False,False,False,False,False,False,False,False,False,False,False,False,False,False,False,False,False,False,False,False,False,False,False,False,False,False,False,False,False,False,False,False,False,False,False,False,False,False,False,False,False,False,False,False,False,False,False,False,False,False,False,False,False,False,False,False,False,False,False,False,False,False,False,False,False,False,False,False,False,False,False,False,False,False,False,False,False,False,False,False,False,False,False,False,False,False,False,False,False,False,False,False,False,False,False,False,False,False,False,False,False,False,False,False,False,False,False,False,False,False,False,False,False,False,False,False,False,False,False,False,False,False,False,False,False,False,False,False,False,False,False,False,False,False,False,False,False,False,False,False,False,False,False,False,False,False,False,False,False,False,False,False,False,False,False,False,False,False,False,False,False,False,False,False,False,False,False,False,False,False,False,True,False,False,False,False,False,False,False,False,False,False,False,False,False,False,False,False,False
2019,25.6938,25.10144,24.74972,24.74972,24.17587,23.80564,23.45393,23.00965,22.99114,22.99114,22.71347,22.38027,22.38027,22.38027,22.38027,22.38027,21.97301,21.65832,21.82492,21.71386,22.28771,22.25069,21.97301,22.21366,22.21366,22.6024,22.9171,23.13923,23.75011,23.97224,24.37949,24.37949,24.43503,25.02739,25.21251,25.50869,25.63827,26.0085,26.24914,26.24914,26.08254,26.48979,26.86002,26.54533,26.95258,26.87853,26.9896,27.17471,27.37834,27.43387,27.61899,27.8041,27.73006,27.39685,26.97109,27.34132,27.19323,27.67452,27.71154,27.69303,27.48941,27.56345,27.58196,27.48941,27.69303,27.9707,27.93368,27.87815,28.04475,28.15582,28.54456,28.69265,29.24799,29.59971,29.59971,29.61822,29.61822,29.59971,29.65524,29.17394,28.91478,28.80372,28.56307,28.47051,28.32242,28.24837,27.9707,27.98921,27.30429,27.24876,26.61937,26.47128,25.95296,25.86041,25.11995,24.60163,False,False,False,False,False,False,False,False,False,False,False,False,False,False,False,False,False,False,False,False,False,False,False,False,False,False,False,False,False,False,False,False,False,False,False,False,False,False,False,False,False,False,False,False,False,False,False,False,False,False,False,False,False,False,False,False,False,False,False,False,False,False,False,False,False,False,False,False,False,False,False,False,False,False,False,False,False,False,False,False,False,False,False,False,False,False,False,False,False,False,False,False,False,False,False,False,False,False,False,False,False,False,False,False,False,False,False,False,False,False,False,False,False,False,False,False,False,False,False,False,False,False,False,False,False,False,False,False,False,False,False,False,False,False,False,False,False,False,False,False,False,False,False,False,False,False,False,False,False,False,False,False,False,False,False,False,False,False,False,False,False,False,False,False,False,False,False,False,False,False,False,False,False,False,False,False,False,False,False,False,False,False,False,False,False,False,False,False,False,False,False,False,False,False,False,False,False,False,False,False,False,False,False,False,False,False,False,False,False,False,False,False,False,False,False,False,False,False,False,False,False,False,False,False,False,False,False,False,False,False,False,False,False,False,False,False,False,False,False,False,False,False,False,False,False,False,False,False,False,False,False,False,False,False,False,False,False,False,False,False,False,False,False,False,False,False,False,False,False,False,False,False,False,False,False,False,False,False,False,False,False,False,False,False,False,False,False,False,False,False,False,False,False,False,False,False,False,False,False,False,False,False,False,False,False,False,False,False,False,False,False,False,False,False,False,False,False,False,False,False,False,False,False,False,False,False,False,False,False,False,False,False,False,False,False,False,False,False,False,False,False,False,False,False,False,False,False,False,False,False,False,False,False,True,False,False,False,False,False,False
2019,24.63865,24.04629,24.04629,23.95373,23.43541,23.43541,23.21328,22.769,22.47282,22.15813,22.15813,22.15813,22.15813,22.15813,22.15813,22.15813,22.15813,22.15813,22.15813,22.15813,22.15813,22.15813,22.2692,22.56538,23.15774,23.34286,23.49095,24.04629,25.30506,26.04552,26.08254,26.08254,26.5083,26.71193,26.71193,27.24876,27.4709,27.54494,28.30391,28.11879,28.52604,28.72967,29.02585,29.30352,29.37757,29.11841,28.95181,29.02585,29.41459,29.35906,29.35906,29.35906,29.35906,29.15543,29.04436,29.04436,29.0999,29.35906,29.45161,29.41459,29.41459,29.2665,29.06288,29.24799,29.4331,29.4331,29.58119,29.47013,29.50715,29.63673,29.93291,30.081,30.21058,30.63634,30.34016,29.95142,29.96993,29.96993,29.45161,29.17394,29.02585,28.76669,28.63711,28.48902,28.39647,27.82261,27.37834,27.08216,26.48979,26.52682,25.65678,24.99037,24.99037,24.32396,24.30545,24.17587,False,False,False,False,False,False,False,False,False,True,False,False,False,False,False,False,False,False,False,False,False,False,False,False,False,False,False,False,False,False,False,False,False,False,False,False,False,False,False,False,False,False,False,False,False,False,False,False,False,False,False,False,False,False,False,False,False,False,False,False,False,False,False,False,False,False,False,False,False,False,False,False,False,False,False,False,False,False,False,False,False,False,False,False,False,False,False,False,False,False,False,False,False,False,False,False,False,False,False,False,False,False,False,False,False,False,False,False,False,False,False,False,False,False,False,False,False,False,False,False,False,False,False,False,False,False,False,False,False,False,False,False,False,False,False,False,False,False,False,False,False,False,False,False,False,False,False,False,False,False,False,False,False,False,False,False,False,False,False,False,False,False,False,False,False,False,False,False,False,False,False,False,False,False,False,False,False,False,False,False,False,False,False,False,False,False,False,False,False,False,False,False,False,False,False,False,False,False,False,False,False,False,False,False,False,False,False,False,False,False,False,False,False,False,False,False,False,False,False,False,False,False,False,False,False,False,False,False,False,False,False,False,False,False,False,False,False,False,False,False,False,False,False,False,False,False,False,False,False,False,False,False,False,False,False,False,False,False,False,False,False,False,False,False,False,False,False,False,False,False,False,False,False,False,False,False,False,False,False,False,False,False,False,False,False,False,False,False,False,False,False,False,False,False,False,False,False,False,False,False,False,False,False,False,False,False,False,False,False,False,False,False,False,False,False,False,False,False,False,False,False,False,False,False,False,False,False,False,False,False,False,False,False,False,False,False,False,False,False,False,False,False,False,False,False,False,False,False,False,False,False,False,False,False,False,False,False,False,False,False
2019,23.71308,23.36137,23.0837,23.0837,22.9171,22.47282,22.47282,21.89897,21.76939,21.76939,21.76939,21.76939,21.76939,21.76939,21.76939,21.76939,21.76939,21.39916,21.15851,21.36214,22.12111,22.39878,22.50984,23.39839,23.99076,24.91632,25.84189,26.69342,28.39647,29.50715,29.71077,30.50676,31.17317,31.43233,31.58042,31.59893,31.76554,32.3579,32.3579,32.5245,32.82069,33.43156,33.43156,33.19091,33.43156,33.54263,33.54263,33.54263,33.54263,33.52412,33.8203,33.35752,33.74626,33.74626,33.70923,33.41305,33.89435,33.69072,33.69072,33.6537,32.96878,33.15389,33.43156,33.46858,32.82069,33.04282,33.19091,32.95027,32.89473,32.76515,32.80218,32.82069,32.28386,32.58004,32.43195,32.46897,32.04321,31.80256,31.41382,31.13615,31.13615,31.04359,30.59932,30.50676,29.7478,29.35906,28.72967,28.39647,27.78559,27.35983,26.54533,26.02701,25.49018,25.3606,24.80526,24.52759,False,False,False,False,False,False,False,False,False,False,False,False,False,False,False,False,False,False,False,False,False,True,False,False,False,False,False,False,False,False,False,False,False,False,False,False,False,False,False,False,False,False,False,False,False,False,False,False,False,False,False,False,False,False,False,False,False,False,False,False,False,False,False,False,False,False,False,False,False,False,False,False,False,False,False,False,False,False,False,False,False,False,False,False,False,False,False,False,False,False,False,False,False,False,False,False,False,False,False,False,False,False,False,False,False,False,False,False,False,False,False,False,False,False,False,False,False,False,False,False,False,False,False,False,False,False,False,False,False,False,False,False,False,False,False,False,False,False,False,False,False,False,False,False,False,False,False,False,False,False,False,False,False,False,False,False,False,False,False,False,False,False,False,False,False,False,False,False,False,False,False,False,False,False,False,False,False,False,False,False,False,False,False,False,False,False,False,False,False,False,False,False,False,False,False,False,False,False,False,False,False,False,False,False,False,False,False,False,False,False,False,False,False,False,False,False,False,False,False,False,False,False,False,False,False,False,False,False,False,False,False,False,False,False,False,False,False,False,False,False,False,False,False,False,False,False,False,False,False,False,False,False,False,False,False,False,False,False,False,False,False,False,False,False,False,False,False,False,False,False,False,False,False,False,False,False,False,False,False,False,False,False,False,False,False,False,False,False,False,False,False,False,False,False,False,False,False,False,False,False,False,False,False,False,False,False,False,False,False,False,False,False,False,False,False,False,False,False,False,False,False,False,False,False,False,False,False,False,False,False,False,False,False,False,False,False,False,False,False,False,False,False,False,False,False,False,False,False,False,False,False,False,False,False,False,False,False,False,False,False
2019,24.02778,23.93522,23.36137,23.36137,23.2503,22.54687,22.54687,22.54687,22.54687,22.34324,21.80641,21.80641,21.80641,21.80641,21.80641,21.80641,21.63981,21.63981,21.63981,21.63981,22.01004,22.41729,22.75049,23.21328,24.10182,24.60163,25.43464,26.45277,28.17433,29.39608,29.7478,30.06249,30.91401,31.22871,31.52489,31.5434,32.46897,32.46897,32.74664,32.76515,33.43156,33.63519,33.61668,34.19053,34.19053,34.37564,34.39415,34.89396,35.17163,35.13461,35.02354,34.65331,34.69034,35.20866,35.20866,34.70885,35.00503,35.1161,34.87545,34.91247,34.83843,34.9495,34.67182,34.6348,34.35713,34.50522,34.4682,34.52373,34.24606,34.19053,33.80179,33.54263,33.30198,33.19091,33.1724,33.1724,32.45046,32.0247,31.71,31.50638,30.96955,30.95104,30.91401,30.71039,30.45123,29.82184,29.35906,28.82223,28.24837,27.87815,27.1562,26.74895,26.06403,25.6938,25.39762,24.8793,False,False,False,False,False,False,False,False,False,False,False,False,False,False,False,False,False,False,False,False,False,False,False,False,False,False,False,False,False,False,False,False,False,True,False,False,False,False,False,False,False,False,False,False,False,False,False,False,False,False,False,False,False,False,False,False,False,False,False,False,False,False,False,False,False,False,False,False,False,False,False,False,False,False,False,False,False,False,False,False,False,False,False,False,False,False,False,False,False,False,False,False,False,False,False,False,False,False,False,False,False,False,False,False,False,False,False,False,False,False,False,False,False,False,False,False,False,False,False,False,False,False,False,False,False,False,False,False,False,False,False,False,False,False,False,False,False,False,False,False,False,False,False,False,False,False,False,False,False,False,False,False,False,False,False,False,False,False,False,False,False,False,False,False,False,False,False,False,False,False,False,False,False,False,False,False,False,False,False,False,False,False,False,False,False,False,False,False,False,False,False,False,False,False,False,False,False,False,False,False,False,False,False,False,False,False,False,False,False,False,False,False,False,False,False,False,False,False,False,False,False,False,False,False,False,False,False,False,False,False,False,False,False,False,False,False,False,False,False,False,False,False,False,False,False,False,False,False,False,False,False,False,False,False,False,False,False,False,False,False,False,False,False,False,False,False,False,False,False,False,False,False,False,False,False,False,False,False,False,False,False,False,False,False,False,False,False,False,False,False,False,False,False,False,False,False,False,False,False,False,False,False,False,False,False,False,False,False,False,False,False,False,False,False,False,False,False,False,False,False,False,False,False,False,False,False,False,False,False,False,False,False,False,False,False,False,False,False,False,False,False,False,False,False,False,False,False,False,False,False,False,False,False,False,False,False,False,False,False,False
2019,24.76823,23.80564,23.32435,23.32435,23.32435,23.32435,22.69496,22.58389,22.58389,22.58389,22.04706,21.82492,21.82492,21.82492,21.82492,21.82492,21.82492,21.82492,21.82492,21.82492,22.39878,23.13923,23.21328,23.30583,24.63865,25.02739,26.15659,26.76746,28.72967,29.59971,30.00696,30.50676,31.3768,31.78405,31.63596,32.13577,32.50599,33.02431,32.96878,32.96878,33.26496,33.63519,33.63519,33.39454,33.1724,33.26496,33.56114,33.6537,33.69072,34.13499,33.96839,33.89435,34.02393,34.02393,34.02393,34.02393,33.70923,33.57965,33.41305,33.37603,33.52412,33.61668,33.54263,33.54263,33.52412,33.30198,33.59816,33.63519,33.52412,33.59816,33.70923,33.93137,33.85732,33.39454,33.43156,33.19091,33.09836,32.82069,32.80218,32.1913,32.08023,32.09874,31.45084,31.24722,31.04359,30.65485,30.37718,29.71077,29.15543,28.95181,28.10028,27.43387,26.71193,26.71193,26.21212,25.58273,False,False,False,False,False,False,False,False,False,False,False,False,False,False,False,False,False,False,False,False,False,False,False,False,False,False,False,False,False,False,False,False,False,False,False,False,False,False,False,False,False,False,False,False,False,True,False,False,False,False,False,False,False,False,False,False,False,False,False,False,False,False,False,False,False,False,False,False,False,False,False,False,False,False,False,False,False,False,False,False,False,False,False,False,False,False,False,False,False,False,False,False,False,False,False,False,False,False,False,False,False,False,False,False,False,False,False,False,False,False,False,False,False,False,False,False,False,False,False,False,False,False,False,False,False,False,False,False,False,False,False,False,False,False,False,False,False,False,False,False,False,False,False,False,False,False,False,False,False,False,False,False,False,False,False,False,False,False,False,False,False,False,False,False,False,False,False,False,False,False,False,False,False,False,False,False,False,False,False,False,False,False,False,False,False,False,False,False,False,False,False,False,False,False,False,False,False,False,False,False,False,False,False,False,False,False,False,False,False,False,False,False,False,False,False,False,False,False,False,False,False,False,False,False,False,False,False,False,False,False,False,False,False,False,False,False,False,False,False,False,False,False,False,False,False,False,False,False,False,False,False,False,False,False,False,False,False,False,False,False,False,False,False,False,False,False,False,False,False,False,False,False,False,False,False,False,False,False,False,False,False,False,False,False,False,False,False,False,False,False,False,False,False,False,False,False,False,False,False,False,False,False,False,False,False,False,False,False,False,False,False,False,False,False,False,False,False,False,False,False,False,False,False,False,False,False,False,False,False,False,False,False,False,False,False,False,False,False,False,False,False,False,False,False,False,False,False,False,False,False,False,False,False,False,False,False,False,False,False,False
2019,25.26804,25.06442,24.5461,23.86118,23.71308,23.49095,22.97263,22.97263,22.62091,22.36175,22.36175,22.36175,22.36175,22.36175,22.36175,22.36175,21.84343,21.82492,21.82492,21.82492,22.4358,23.21328,23.60202,23.97224,24.97186,25.87892,26.87853,27.61899,29.59971,30.43272,30.98806,31.50638,32.37641,32.72813,32.8392,33.45007,33.70923,33.74626,34.39415,34.15351,34.39415,34.44969,34.67182,34.35713,34.09797,34.35713,34.06095,33.91286,34.4682,34.39415,34.4682,34.56076,34.26457,34.43118,34.4682,34.43118,34.61629,34.32011,34.13499,34.28309,34.26457,34.11648,33.87584,33.87584,34.22755,34.3016,34.37564,34.67182,34.69034,34.52373,34.52373,34.59778,33.85732,33.46858,33.22794,33.39454,32.6726,32.45046,32.28386,32.22832,32.08023,31.61745,31.48787,31.33978,30.76592,30.32165,30.32165,29.95142,29.52566,28.9333,28.54456,27.73006,27.17471,26.9896,26.91555,26.39724,False,False,False,False,False,False,False,False,False,False,False,False,False,False,False,False,False,False,False,False,False,False,False,False,False,False,False,False,False,False,False,False,False,False,False,False,False,False,False,False,False,False,False,False,False,False,False,False,False,False,False,False,False,False,False,False,False,True,False,False,False,False,False,False,False,False,False,False,False,False,False,False,False,False,False,False,False,False,False,False,False,False,False,False,False,False,False,False,False,False,False,False,False,False,False,False,False,False,False,False,False,False,False,False,False,False,False,False,False,False,False,False,False,False,False,False,False,False,False,False,False,False,False,False,False,False,False,False,False,False,False,False,False,False,False,False,False,False,False,False,False,False,False,False,False,False,False,False,False,False,False,False,False,False,False,False,False,False,False,False,False,False,False,False,False,False,False,False,False,False,False,False,False,False,False,False,False,False,False,False,False,False,False,False,False,False,False,False,False,False,False,False,False,False,False,False,False,False,False,False,False,False,False,False,False,False,False,False,False,False,False,False,False,False,False,False,False,False,False,False,False,False,False,False,False,False,False,False,False,False,False,False,False,False,False,False,False,False,False,False,False,False,False,False,False,False,False,False,False,False,False,False,False,False,False,False,False,False,False,False,False,False,False,False,False,False,False,False,False,False,False,False,False,False,False,False,False,False,False,False,False,False,False,False,False,False,False,False,False,False,False,False,False,False,False,False,False,False,False,False,False,False,False,False,False,False,False,False,False,False,False,False,False,False,False,False,False,False,False,False,False,False,False,False,False,False,False,False,False,False,False,False,False,False,False,False,False,False,False,False,False,False,False,False,False,False,False,False,False,False,False,False,False,False,False,False,False,False,False,False
2019,25.71231,25.43464,25.13846,24.82377,24.21289,24.13885,23.49095,23.36137,23.36137,23.23179,22.52836,22.52836,22.52836,22.52836,22.52836,22.52836,22.38027,22.50984,22.04706,22.04706,22.04706,22.04706,22.47282,22.75049,23.15774,23.30583,23.87969,24.37949,24.43503,25.02739,25.47167,25.65678,26.15659,26.54533,26.93407,27.11918,27.69303,27.8041,28.41498,28.52604,28.67414,28.80372,28.52604,28.91478,29.08139,28.97032,29.2665,29.32203,29.56268,29.28501,29.2665,29.30352,29.30352,29.19245,28.82223,28.85925,28.87776,28.84074,28.9333,29.02585,28.84074,28.65562,29.00734,28.91478,28.97032,29.30352,29.00734,29.19245,29.35906,29.76631,29.95142,30.19207,30.80295,31.17317,31.2102,31.26573,31.2102,31.19168,31.02508,31.04359,30.5623,30.58081,30.54379,30.34016,30.081,30.04398,29.95142,29.58119,29.35906,28.97032,28.13731,27.67452,27.41536,27.06365,26.76746,26.39724,False,False,False,False,False,False,False,False,False,False,False,False,False,False,False,False,False,False,False,False,False,False,False,False,False,False,False,False,False,False,False,False,False,False,False,False,False,False,False,False,False,False,False,False,False,False,False,False,False,False,False,False,False,False,False,False,False,False,False,False,False,False,False,False,False,False,False,False,False,True,False,False,False,False,False,False,False,False,False,False,False,False,False,False,False,False,False,False,False,False,False,False,False,False,False,False,False,False,False,False,False,False,False,False,False,False,False,False,False,False,False,False,False,False,False,False,False,False,False,False,False,False,False,False,False,False,False,False,False,False,False,False,False,False,False,False,False,False,False,False,False,False,False,False,False,False,False,False,False,False,False,False,False,False,False,False,False,False,False,False,False,False,False,False,False,False,False,False,False,False,False,False,False,False,False,False,False,False,False,False,False,False,False,False,False,False,False,False,False,False,False,False,False,False,False,False,False,False,False,False,False,False,False,False,False,False,False,False,False,False,False,False,False,False,False,False,False,False,False,False,False,False,False,False,False,False,False,False,False,False,False,False,False,False,False,False,False,False,False,False,False,False,False,False,False,False,False,False,False,False,False,False,False,False,False,False,False,False,False,False,False,False,False,False,False,False,False,False,False,False,False,False,False,False,False,False,False,False,False,False,False,False,False,False,False,False,False,False,False,False,False,False,False,False,False,False,False,False,False,False,False,False,False,False,False,False,False,False,False,False,False,False,False,False,False,False,False,False,False,False,False,False,False,False,False,False,False,False,False,False,False,False,False,False,False,False,False,False,False,False,False,False,False,False,False,False,False,False,False,False,False,False,False,False,False,False,False,False,False,False
2019,24.50907,24.36098,23.75011,23.75011,23.69457,23.02816,23.02816,23.02816,23.02816,22.95412,22.32473,22.32473,22.32473,22.32473,22.32473,21.7879,22.01004,22.49133,22.49133,22.49133,22.49133,22.49133,22.86156,23.52797,24.67568,25.30506,26.48979,27.34132,28.71116,29.63673,30.41421,30.95104,31.80256,32.26534,32.50599,32.20981,32.80218,32.95027,32.91324,33.13538,33.45007,33.4871,33.20943,33.35752,33.02431,33.30198,33.50561,33.32049,33.46858,33.63519,33.56114,33.52412,33.30198,33.59816,33.39454,33.6537,33.70923,33.61668,33.0058,33.22794,33.1724,33.07985,33.04282,32.95027,32.91324,32.8392,32.45046,32.45046,32.41344,32.46897,32.46897,32.5245,32.06172,31.52489,31.48787,31.59893,31.48787,31.65447,31.45084,31.41382,30.93253,30.5623,30.13654,30.13654,30.13654,29.63673,28.95181,28.76669,28.11879,27.52643,27.17471,26.61937,25.82338,25.32358,24.7127,24.39801,False,False,False,False,False,False,False,False,False,False,False,False,False,False,False,False,False,False,False,False,False,False,False,False,False,False,False,False,False,False,False,False,False,False,False,False,False,False,False,False,False,False,False,False,False,False,False,False,False,False,False,False,False,False,False,False,False,False,False,False,False,False,False,False,False,False,False,False,False,False,False,False,False,False,False,False,False,False,False,False,False,False,False,False,False,False,False,False,False,False,False,False,True,False,False,False,False,False,False,False,False,False,False,False,False,False,False,False,False,False,False,False,False,False,False,False,False,False,False,False,False,False,False,False,False,False,False,False,False,False,False,False,False,False,False,False,False,False,False,False,False,False,False,False,False,False,False,False,False,False,False,False,False,False,False,False,False,False,False,False,False,False,False,False,False,False,False,False,False,False,False,False,False,False,False,False,False,False,False,False,False,False,False,False,False,False,False,False,False,False,False,False,False,False,False,False,False,False,False,False,False,False,False,False,False,False,False,False,False,False,False,False,False,False,False,False,False,False,False,False,False,False,False,False,False,False,False,False,False,False,False,False,False,False,False,False,False,False,False,False,False,False,False,False,False,False,False,False,False,False,False,False,False,False,False,False,False,False,False,False,False,False,False,False,False,False,False,False,False,False,False,False,False,False,False,False,False,False,False,False,False,False,False,False,False,False,False,False,False,False,False,False,False,False,False,False,False,False,False,False,False,False,False,False,False,False,False,False,False,False,False,False,False,False,False,False,False,False,False,False,False,False,False,False,False,False,False,False,False,False,False,False,False,False,False,False,False,False,False,False,False,False,False,False,False,False,False,False,False,False,False,False,False,False,False,False,False,False,False,False
2019,23.97224,23.54648,23.52797,23.52797,22.99114,22.769,22.769,22.769,22.65794,22.08408,22.08408,22.08408,22.08408,21.75088,21.71386,21.99153,21.99153,21.99153,21.99153,21.99153,21.91748,22.38027,22.45431,22.88007,24.21289,24.82377,25.43464,26.08254,27.93368,28.89627,29.65524,30.2476,31.15466,31.5434,32.00619,32.04321,32.15428,32.1913,32.48748,32.58004,33.19091,33.28347,33.39454,33.67221,33.39454,33.50561,33.56114,34.15351,34.24606,34.52373,34.52373,34.52373,34.69034,34.78289,34.70885,33.9869,34.11648,34.24606,34.3016,34.56076,34.04244,33.93137,33.78328,33.76477,34.04244,33.63519,33.45007,33.83881,33.32049,33.33901,33.26496,33.37603,32.78366,32.41344,32.11725,31.89512,31.93214,32.15428,32.04321,32.06172,31.71,31.32126,30.98806,30.95104,30.41421,30.11802,29.30352,29.13692,28.47051,27.93368,27.6375,27.1562,26.61937,26.13808,25.56422,24.99037,False,False,False,False,False,False,False,False,False,False,False,False,False,False,False,False,False,False,False,False,False,False,False,False,False,False,False,False,False,False,False,False,False,False,False,False,False,False,False,False,False,False,False,False,False,False,False,False,False,False,False,False,False,False,False,False,False,False,False,False,False,False,False,False,False,False,False,False,False,False,False,False,False,False,False,False,False,False,False,False,False,False,False,False,False,False,False,False,False,False,False,False,False,False,False,False,False,False,False,False,False,False,False,False,True,False,False,False,False,False,False,False,False,False,False,False,False,False,False,False,False,False,False,False,False,False,False,False,False,False,False,False,False,False,False,False,False,False,False,False,False,False,False,False,False,False,False,False,False,False,False,False,False,False,False,False,False,False,False,False,False,False,False,False,False,False,False,False,False,False,False,False,False,False,False,False,False,False,False,False,False,False,False,False,False,False,False,False,False,False,False,False,False,False,False,False,False,False,False,False,False,False,False,False,False,False,False,False,False,False,False,False,False,False,False,False,False,False,False,False,False,False,False,False,False,False,False,False,False,False,False,False,False,False,False,False,False,False,False,False,False,False,False,False,False,False,False,False,False,False,False,False,False,False,False,False,False,False,False,False,False,False,False,False,False,False,False,False,False,False,False,False,False,False,False,False,False,False,False,False,False,False,False,False,False,False,False,False,False,False,False,False,False,False,False,False,False,False,False,False,False,False,False,False,False,False,False,False,False,False,False,False,False,False,False,False,False,False,False,False,False,False,False,False,False,False,False,False,False,False,False,False,False,False,False,False,False,False,False,False,False,False,False,False,False,False,False,False,False,False,False,False,False,False,False,False,False,False,False,False
2019,24.65717,24.08331,24.08331,24.0648,23.43541,23.43541,23.43541,22.88007,22.769,22.17664,22.10259,22.10259,21.88046,21.49172,21.49172,21.49172,21.49172,21.49172,21.49172,21.49172,22.19515,22.36175,22.67645,23.04667,24.15736,25.02739,25.74934,26.63788,28.24837,28.97032,29.87738,30.46974,31.17317,32.04321,32.13577,32.41344,32.37641,32.93175,33.13538,33.20943,33.74626,33.74626,33.74626,34.04244,33.87584,33.87584,34.32011,34.32011,34.87545,34.70885,34.59778,34.43118,34.54225,34.3016,34.09797,34.06095,34.13499,34.07946,33.9869,33.91286,33.83881,33.83881,33.93137,34.02393,34.28309,34.19053,34.06095,33.96839,33.70923,33.59816,33.8203,33.80179,33.54263,33.30198,33.24645,33.13538,33.13538,33.22794,32.89473,32.74664,32.22832,32.0247,31.82107,31.65447,30.96955,30.74741,30.37718,29.95142,29.2665,28.50753,27.9707,27.34132,26.6564,25.91594,25.54571,24.91632,False,False,False,False,False,False,False,False,False,False,False,False,False,False,False,False,False,False,False,False,False,False,False,False,False,False,False,False,False,False,False,False,False,False,False,False,False,False,False,False,False,False,False,False,False,False,False,False,False,False,False,False,False,False,False,False,False,False,False,False,False,False,False,False,False,False,False,False,False,False,False,False,False,False,False,False,False,False,False,False,False,False,False,False,False,False,False,False,False,False,False,False,False,False,False,False,False,False,False,False,False,False,False,False,False,False,False,False,False,False,False,False,False,False,False,False,True,False,False,False,False,False,False,False,False,False,False,False,False,False,False,False,False,False,False,False,False,False,False,False,False,False,False,False,False,False,False,False,False,False,False,False,False,False,False,False,False,False,False,False,False,False,False,False,False,False,False,False,False,False,False,False,False,False,False,False,False,False,False,False,False,False,False,False,False,False,False,False,False,False,False,False,False,False,False,False,False,False,False,False,False,False,False,False,False,False,False,False,False,False,False,False,False,False,False,False,False,False,False,False,False,False,False,False,False,False,False,False,False,False,False,False,False,False,False,False,False,False,False,False,False,False,False,False,False,False,False,False,False,False,False,False,False,False,False,False,False,False,False,False,False,False,False,False,False,False,False,False,False,False,False,False,False,False,False,False,False,False,False,False,False,False,False,False,False,False,False,False,False,False,False,False,False,False,False,False,False,False,False,False,False,False,False,False,False,False,False,False,False,False,False,False,False,False,False,False,False,False,False,False,False,False,False,False,False,False,False,False,False,False,False,False,False,False,False,False,False,False,False,False,False,False,False,False,False,False,False,False,False,False,False,False,False,False,False,False,False,False,False,False
2019,24.69419,24.69419,24.0648,23.67606,23.2503,23.2503,23.2503,23.2503,22.86156,22.6024,22.6024,22.6024,21.86195,22.32473,21.89897,21.88046,21.88046,21.88046,21.88046,22.6024,22.45431,22.93561,23.37988,23.60202,24.63865,25.3606,26.1751,26.78597,28.50753,29.28501,30.30314,30.8955,31.91363,32.59855,32.70962,33.06133,33.54263,33.30198,33.07985,32.82069,33.15389,33.33901,33.54263,33.8203,33.41305,33.32049,33.35752,32.96878,33.22794,33.26496,33.30198,33.30198,33.52412,33.54263,33.80179,33.43156,33.43156,33.35752,33.43156,33.54263,33.6537,33.33901,33.35752,32.89473,32.91324,33.02431,32.89473,32.76515,32.85771,32.78366,33.1724,33.37603,32.82069,32.89473,32.89473,32.72813,32.70962,32.76515,32.98729,32.87622,32.54302,32.45046,32.06172,31.78405,31.17317,31.13615,30.43272,30.00696,29.48864,28.87776,28.43349,27.78559,27.04513,26.69342,26.26766,25.95296,False,False,False,False,False,False,False,False,False,False,False,False,False,False,False,False,False,False,False,False,False,False,False,False,False,False,False,False,False,False,False,False,False,False,False,False,False,False,False,False,False,False,False,False,False,False,False,False,False,False,False,False,False,False,False,False,False,False,False,False,False,False,False,False,False,False,False,False,False,False,False,False,False,False,False,False,False,False,False,False,False,False,False,False,False,False,False,False,False,False,False,False,False,False,False,False,False,False,False,False,False,False,False,False,False,False,False,False,False,False,False,False,False,False,False,False,False,False,False,False,False,False,False,False,False,False,False,False,True,False,False,False,False,False,False,False,False,False,False,False,False,False,False,False,False,False,False,False,False,False,False,False,False,False,False,False,False,False,False,False,False,False,False,False,False,False,False,False,False,False,False,False,False,False,False,False,False,False,False,False,False,False,False,False,False,False,False,False,False,False,False,False,False,False,False,False,False,False,False,False,False,False,False,False,False,False,False,False,False,False,False,False,False,False,False,False,False,False,False,False,False,False,False,False,False,False,False,False,False,False,False,False,False,False,False,False,False,False,False,False,False,False,False,False,False,False,False,False,False,False,False,False,False,False,False,False,False,False,False,False,False,False,False,False,False,False,False,False,False,False,False,False,False,False,False,False,False,False,False,False,False,False,False,False,False,False,False,False,False,False,False,False,False,False,False,False,False,False,False,False,False,False,False,False,False,False,False,False,False,False,False,False,False,False,False,False,False,False,False,False,False,False,False,False,False,False,False,False,False,False,False,False,False,False,False,False,False,False,False,False,False,False,False,False,False,False,False,False,False,False,False,False,False,False,False,False,False,False,False,False
2019,25.41613,24.89781,24.63865,24.04629,24.02778,23.30583,23.30583,23.30583,23.30583,23.04667,22.6024,22.6024,22.6024,22.4358,21.99153,21.99153,21.99153,21.99153,21.99153,21.99153,22.36175,22.65794,23.10221,23.65755,24.8793,25.65678,26.13808,26.71193,29.13692,29.85886,30.28463,31.09913,32.04321,32.70962,32.85771,33.07985,33.50561,33.43156,33.43156,33.26496,33.61668,33.76477,33.54263,33.87584,34.00542,33.74626,33.63519,33.93137,34.15351,34.44969,34.24606,33.96839,34.56076,34.54225,33.87584,33.80179,33.87584,34.02393,33.94988,33.69072,33.50561,33.70923,34.02393,34.04244,33.70923,33.57965,33.6537,33.30198,33.59816,33.46858,33.69072,33.57965,33.13538,33.0058,32.82069,32.96878,32.76515,32.28386,32.13577,32.48748,32.04321,32.04321,31.78405,31.67298,31.3768,31.33978,30.54379,29.87738,29.76631,29.15543,29.15543,28.47051,27.87815,27.37834,26.60086,26.47128,False,False,False,False,False,False,False,False,False,False,False,False,False,False,False,False,False,False,False,False,False,False,False,False,False,False,False,False,False,False,False,False,False,False,False,False,False,False,False,False,False,False,False,False,False,False,False,False,False,False,False,False,False,False,False,False,False,False,False,False,False,False,False,False,False,False,False,False,False,False,False,False,False,False,False,False,False,False,False,False,False,False,False,False,False,False,False,False,False,False,False,False,False,False,False,False,False,False,False,False,False,False,False,False,False,False,False,False,False,False,False,False,False,False,False,False,False,False,False,False,False,False,False,False,False,False,False,False,False,False,False,False,False,False,False,False,False,False,False,False,True,False,False,False,False,False,False,False,False,False,False,False,False,False,False,False,False,False,False,False,False,False,False,False,False,False,False,False,False,False,False,False,False,False,False,False,False,False,False,False,False,False,False,False,False,False,False,False,False,False,False,False,False,False,False,False,False,False,False,False,False,False,False,False,False,False,False,False,False,False,False,False,False,False,False,False,False,False,False,False,False,False,False,False,False,False,False,False,False,False,False,False,False,False,False,False,False,False,False,False,False,False,False,False,False,False,False,False,False,False,False,False,False,False,False,False,False,False,False,False,False,False,False,False,False,False,False,False,False,False,False,False,False,False,False,False,False,False,False,False,False,False,False,False,False,False,False,False,False,False,False,False,False,False,False,False,False,False,False,False,False,False,False,False,False,False,False,False,False,False,False,False,False,False,False,False,False,False,False,False,False,False,False,False,False,False,False,False,False,False,False,False,False,False,False,False,False,False,False,False,False,False,False,False,False,False,False,False,False,False,False,False,False,False,False,False,False,False,False,False
2019,25.82338,25.76785,25.54571,24.7127,24.37949,24.0648,23.75011,23.75011,23.63904,22.97263,22.97263,22.97263,22.97263,22.45431,22.36175,22.36175,22.36175,22.17664,22.19515,22.58389,22.04706,21.91748,22.67645,22.82454,23.17625,23.13923,23.63904,23.93522,24.10182,24.69419,25.39762,25.6938,25.73083,26.28617,26.74895,27.26727,27.13769,27.1562,27.50792,27.61899,28.04475,28.35944,28.65562,28.60009,28.47051,28.7852,29.04436,29.04436,29.11841,28.98883,28.89627,28.95181,29.08139,28.98883,28.71116,29.0999,29.0999,28.9333,28.60009,28.6186,28.95181,28.63711,28.72967,29.04436,28.72967,28.71116,28.76669,28.87776,29.30352,29.58119,29.58119,30.19207,29.76631,29.71077,29.54417,30.19207,30.35867,30.2476,30.46974,30.74741,30.04398,30.00696,29.87738,29.87738,29.87738,29.61822,29.02585,29.02585,28.452,28.452,28.26689,27.73006,27.10067,27.10067,26.47128,25.82338,False,False,False,False,False,False,False,False,False,False,False,False,False,False,False,False,False,False,False,False,False,False,False,False,False,False,False,False,False,False,False,False,False,False,False,False,False,False,False,False,False,False,False,False,False,False,False,False,False,False,False,False,False,False,False,False,False,False,False,False,False,False,False,False,False,False,False,False,False,False,False,False,False,False,False,False,False,False,False,False,False,False,False,False,False,False,False,False,False,False,False,False,False,False,False,False,False,False,False,False,False,False,False,False,False,False,False,False,False,False,False,False,False,False,False,False,False,False,False,False,False,False,False,False,False,False,False,False,False,False,False,False,False,False,False,False,False,False,False,False,False,False,False,False,False,False,False,False,False,False,False,False,True,False,False,False,False,False,False,False,False,False,False,False,False,False,False,False,False,False,False,False,False,False,False,False,False,False,False,False,False,False,False,False,False,False,False,False,False,False,False,False,False,False,False,False,False,False,False,False,False,False,False,False,False,False,False,False,False,False,False,False,False,False,False,False,False,False,False,False,False,False,False,False,False,False,False,False,False,False,False,False,False,False,False,False,False,False,False,False,False,False,False,False,False,False,False,False,False,False,False,False,False,False,False,False,False,False,False,False,False,False,False,False,False,False,False,False,False,False,False,False,False,False,False,False,False,False,False,False,False,False,False,False,False,False,False,False,False,False,False,False,False,False,False,False,False,False,False,False,False,False,False,False,False,False,False,False,False,False,False,False,False,False,False,False,False,False,False,False,False,False,False,False,False,False,False,False,False,False,False,False,False,False,False,False,False,False,False,False,False,False,False,False,False,False,False,False,False,False,False,False,False,False,False,False,False,False,False,False
2019,25.24953,25.15697,24.8793,24.43503,23.80564,23.80564,23.80564,23.80564,23.76862,22.97263,22.97263,22.97263,22.97263,22.41729,22.15813,22.15813,22.15813,22.15813,22.15813,22.15813,21.89897,21.69534,22.13962,22.4358,22.52836,22.71347,22.71347,23.2503,23.4169,23.78713,24.30545,24.63865,24.63865,25.47167,25.47167,25.86041,26.58235,26.78597,26.76746,27.41536,27.50792,27.91517,28.10028,27.87815,27.95219,28.43349,28.35944,28.48902,28.43349,28.37795,28.41498,28.47051,28.47051,28.65562,28.58158,28.63711,29.00734,29.11841,28.7852,28.71116,28.58158,28.26689,28.9333,29.15543,28.85925,28.97032,28.65562,28.76669,29.22948,29.47013,29.47013,29.56268,29.78482,29.96993,30.2476,30.2476,30.30314,30.32165,30.32165,30.32165,30.32165,30.32165,29.80333,29.59971,29.59971,29.21097,28.85925,28.54456,28.13731,27.8041,27.35983,26.56384,25.71231,25.49018,25.00888,24.63865,False,False,False,False,False,False,False,False,False,False,False,False,False,False,False,False,False,False,False,False,False,False,False,False,False,False,False,False,False,False,False,False,False,False,False,False,False,False,False,False,False,False,False,False,False,False,False,False,False,False,False,False,False,False,False,False,False,False,False,False,False,False,False,False,False,False,False,False,False,False,False,False,False,False,False,False,False,False,False,False,False,False,False,False,False,False,False,False,False,False,False,False,False,False,False,False,False,False,False,False,False,False,False,False,False,False,False,False,False,False,False,False,False,False,False,False,False,False,False,False,False,False,False,False,False,False,False,False,False,False,False,False,False,False,False,False,False,False,False,False,False,False,False,False,False,False,False,False,False,False,False,False,False,False,False,False,False,False,False,False,False,False,False,False,True,False,False,False,False,False,False,False,False,False,False,False,False,False,False,False,False,False,False,False,False,False,False,False,False,False,False,False,False,False,False,False,False,False,False,False,False,False,False,False,False,False,False,False,False,False,False,False,False,False,False,False,False,False,False,False,False,False,False,False,False,False,False,False,False,False,False,False,False,False,False,False,False,False,False,False,False,False,False,False,False,False,False,False,False,False,False,False,False,False,False,False,False,False,False,False,False,False,False,False,False,False,False,False,False,False,False,False,False,False,False,False,False,False,False,False,False,False,False,False,False,False,False,False,False,False,False,False,False,False,False,False,False,False,False,False,False,False,False,False,False,False,False,False,False,False,False,False,False,False,False,False,False,False,False,False,False,False,False,False,False,False,False,False,False,False,False,False,False,False,False,False,False,False,False,False,False,False,False,False,False,False,False,False,False,False,False,False,False,False,False,False,False,False,False,False
2019,24.08331,23.62053,23.47244,23.47244,23.04667,22.82454,22.82454,22.82454,22.82454,22.80603,21.99153,21.99153,21.99153,21.99153,21.99153,21.99153,21.99153,21.99153,21.99153,21.65832,21.82492,22.69496,23.0837,23.43541,24.52759,25.23102,25.60125,26.78597,28.72967,29.4331,30.06249,31.13615,31.83958,32.33939,32.45046,32.76515,32.82069,33.15389,33.22794,33.4871,33.50561,33.89435,33.9869,34.17202,34.13499,34.3016,33.83881,34.28309,34.74587,34.8014,34.56076,34.19053,34.85694,35.02354,35.06056,34.76438,34.87545,34.9495,34.54225,34.52373,34.56076,34.50522,34.48671,34.72736,34.74587,34.74587,34.09797,33.91286,33.87584,33.50561,33.63519,33.61668,32.8392,32.56153,32.59855,32.59855,32.28386,32.28386,32.00619,31.71,31.13615,30.8955,30.67337,30.32165,30.22909,29.72929,29.19245,28.87776,28.19284,27.73006,27.19323,26.60086,26.10105,25.71231,25.32358,25.0459,False,False,False,False,False,False,False,False,False,False,False,False,False,False,False,False,False,False,False,False,False,False,False,False,False,False,False,False,False,False,False,False,False,False,False,False,False,False,False,False,False,False,False,False,False,False,False,False,False,False,False,False,False,False,False,False,False,False,False,False,False,False,False,False,False,False,False,False,False,False,False,False,False,False,False,False,False,False,False,False,False,False,False,False,False,False,False,False,False,False,False,False,False,False,False,False,False,False,False,False,False,False,False,False,False,False,False,False,False,False,False,False,False,False,False,False,False,False,False,False,False,False,False,False,False,False,False,False,False,False,False,False,False,False,False,False,False,False,False,False,False,False,False,False,False,False,False,False,False,False,False,False,False,False,False,False,False,False,False,False,False,False,False,False,False,False,False,False,False,False,False,False,False,False,False,False,True,False,False,False,False,False,False,False,False,False,False,False,False,False,False,False,False,False,False,False,False,False,False,False,False,False,False,False,False,False,False,False,False,False,False,False,False,False,False,False,False,False,False,False,False,False,False,False,False,False,False,False,False,False,False,False,False,False,False,False,False,False,False,False,False,False,False,False,False,False,False,False,False,False,False,False,False,False,False,False,False,False,False,False,False,False,False,False,False,False,False,False,False,False,False,False,False,False,False,False,False,False,False,False,False,False,False,False,False,False,False,False,False,False,False,False,False,False,False,False,False,False,False,False,False,False,False,False,False,False,False,False,False,False,False,False,False,False,False,False,False,False,False,False,False,False,False,False,False,False,False,False,False,False,False,False,False,False,False,False,False,False,False,False,False,False,False,False,False,False,False,False,False,False,False,False,False,False,False,False,False,False,False,False
2019,24.7127,24.0648,24.02778,23.87969,23.4169,23.4169,23.32435,22.71347,22.71347,22.71347,22.69496,22.69496,22.69496,22.69496,22.69496,22.69496,22.45431,21.91748,21.91748,21.91748,22.71347,22.93561,22.93561,23.26881,24.60163,24.78675,25.76785,26.80449,28.6186,29.7478,30.54379,31.19168,32.08023,32.46897,32.58004,33.24645,33.8203,33.91286,33.87584,34.13499,34.81992,34.91247,34.91247,34.85694,35.20866,34.96801,35.24568,35.30121,35.63442,35.63442,35.1161,35.41228,35.24568,35.22717,35.35675,35.94911,35.72697,35.63442,35.61591,35.31972,35.59739,35.67144,35.52335,35.37526,35.39377,34.93098,34.98652,35.17163,34.85694,34.57927,34.48671,34.26457,33.33901,33.04282,32.98729,33.07985,32.56153,32.13577,32.1913,32.54302,32.13577,32.33939,31.35829,31.13615,30.69188,30.19207,29.69226,29.54417,28.76669,28.32242,27.65601,26.97109,26.21212,26.11956,25.41613,25.194,False,False,False,False,False,False,False,False,False,False,False,False,False,False,False,False,False,False,False,False,False,False,False,False,False,False,False,False,False,False,False,False,False,False,False,False,False,False,False,False,False,False,False,False,False,False,False,False,False,False,False,False,False,False,False,False,False,False,False,False,False,False,False,False,False,False,False,False,False,False,False,False,False,False,False,False,False,False,False,False,False,False,False,False,False,False,False,False,False,False,False,False,False,False,False,False,False,False,False,False,False,False,False,False,False,False,False,False,False,False,False,False,False,False,False,False,False,False,False,False,False,False,False,False,False,False,False,False,False,False,False,False,False,False,False,False,False,False,False,False,False,False,False,False,False,False,False,False,False,False,False,False,False,False,False,False,False,False,False,False,False,False,False,False,False,False,False,False,False,False,False,False,False,False,False,False,False,False,False,False,False,False,False,False,False,False,False,False,True,False,False,False,False,False,False,False,False,False,False,False,False,False,False,False,False,False,False,False,False,False,False,False,False,False,False,False,False,False,False,False,False,False,False,False,False,False,False,False,False,False,False,False,False,False,False,False,False,False,False,False,False,False,False,False,False,False,False,False,False,False,False,False,False,False,False,False,False,False,False,False,False,False,False,False,False,False,False,False,False,False,False,False,False,False,False,False,False,False,False,False,False,False,False,False,False,False,False,False,False,False,False,False,False,False,False,False,False,False,False,False,False,False,False,False,False,False,False,False,False,False,False,False,False,False,False,False,False,False,False,False,False,False,False,False,False,False,False,False,False,False,False,False,False,False,False,False,False,False,False,False,False,False,False,False,False,False,False,False,False,False,False,False,False,False,False,False,False,False,False,False
2019,24.73121,24.69419,24.04629,24.04629,24.04629,24.04629,23.80564,23.2503,23.2503,23.2503,22.97263,22.47282,22.47282,22.47282,22.47282,22.47282,22.47282,22.47282,22.47282,22.47282,22.47282,23.0837,23.54648,23.99076,24.89781,25.54571,26.39724,26.97109,28.60009,29.82184,30.7289,31.04359,32.00619,32.78366,32.80218,33.28347,33.80179,34.15351,34.09797,34.07946,34.8014,35.48633,35.54186,36.20827,36.2638,36.59701,36.46743,36.85617,36.94873,37.48556,36.87468,37.43002,37.33746,36.93021,36.85617,36.7451,36.94873,37.33746,36.55999,36.18976,36.17125,35.68995,35.85655,35.83804,35.74549,36.17125,36.43041,35.81953,35.50484,35.65293,35.63442,35.50484,34.78289,34.67182,34.32011,34.52373,33.69072,33.72774,33.4871,33.50561,33.37603,33.35752,32.74664,32.5245,32.0247,31.59893,30.65485,30.21058,30.02547,29.61822,28.76669,28.04475,27.28578,26.9896,26.54533,25.89743,False,False,False,False,False,False,False,False,False,False,False,False,False,False,False,False,False,False,False,False,False,False,False,False,False,False,False,False,False,False,False,False,False,False,False,False,False,False,False,False,False,False,False,False,False,False,False,False,False,False,False,False,False,False,False,False,False,False,False,False,False,False,False,False,False,False,False,False,False,False,False,False,False,False,False,False,False,False,False,False,False,False,False,False,False,False,False,False,False,False,False,False,False,False,False,False,False,False,False,False,False,False,False,False,False,False,False,False,False,False,False,False,False,False,False,False,False,False,False,False,False,False,False,False,False,False,False,False,False,False,False,False,False,False,False,False,False,False,False,False,False,False,False,False,False,False,False,False,False,False,False,False,False,False,False,False,False,False,False,False,False,False,False,False,False,False,False,False,False,False,False,False,False,False,False,False,False,False,False,False,False,False,False,False,False,False,False,False,False,False,False,False,False,False,False,False,False,False,False,False,True,False,False,False,False,False,False,False,False,False,False,False,False,False,False,False,False,False,False,False,False,False,False,False,False,False,False,False,False,False,False,False,False,False,False,False,False,False,False,False,False,False,False,False,False,False,False,False,False,False,False,False,False,False,False,False,False,False,False,False,False,False,False,False,False,False,False,False,False,False,False,False,False,False,False,False,False,False,False,False,False,False,False,False,False,False,False,False,False,False,False,False,False,False,False,False,False,False,False,False,False,False,False,False,False,False,False,False,False,False,False,False,False,False,False,False,False,False,False,False,False,False,False,False,False,False,False,False,False,False,False,False,False,False,False,False,False,False,False,False,False,False,False,False,False,False,False,False,False,False,False,False,False,False,False,False,False,False,False,False
2019,25.63827,25.21251,24.99037,24.78675,24.32396,24.32396,24.32396,24.04629,23.47244,23.47244,23.13923,22.769,22.769,22.769,22.769,22.769,22.769,22.769,22.769,22.769,22.88007,23.67606,23.75011,24.13885,25.26804,25.98999,26.9896,27.69303,29.24799,30.41421,31.13615,31.69149,32.48748,33.54263,33.94988,34.07946,34.33862,34.91247,35.04205,35.48633,36.24529,36.24529,36.24529,36.24529,36.43041,36.83766,36.87468,36.87468,37.30044,37.54109,37.54109,38.07792,38.83689,38.2075,38.09643,38.18899,37.46704,37.65216,37.94834,37.83727,37.70769,37.20788,37.20788,37.18937,36.59701,36.59701,36.85617,36.85617,36.43041,36.4119,35.9306,35.54186,34.85694,34.37564,34.17202,34.26457,33.6537,33.41305,33.45007,33.43156,33.24645,32.76515,32.45046,32.22832,31.58042,31.50638,31.35829,31.13615,30.43272,29.59971,29.21097,28.65562,27.93368,27.54494,27.13769,26.823,False,False,False,False,False,False,False,False,False,False,False,False,False,False,False,False,False,False,False,False,False,False,False,False,False,False,False,False,False,False,False,False,False,False,False,False,False,False,False,False,False,False,False,False,False,False,False,False,False,False,False,False,False,False,False,False,False,False,False,False,False,False,False,False,False,False,False,False,False,False,False,False,False,False,False,False,False,False,False,False,False,False,False,False,False,False,False,False,False,False,False,False,False,False,False,False,False,False,False,False,False,False,False,False,False,False,False,False,False,False,False,False,False,False,False,False,False,False,False,False,False,False,False,False,False,False,False,False,False,False,False,False,False,False,False,False,False,False,False,False,False,False,False,False,False,False,False,False,False,False,False,False,False,False,False,False,False,False,False,False,False,False,False,False,False,False,False,False,False,False,False,False,False,False,False,False,False,False,False,False,False,False,False,False,False,False,False,False,False,False,False,False,False,False,False,False,False,False,False,False,False,False,False,False,False,False,False,False,False,False,False,False,True,False,False,False,False,False,False,False,False,False,False,False,False,False,False,False,False,False,False,False,False,False,False,False,False,False,False,False,False,False,False,False,False,False,False,False,False,False,False,False,False,False,False,False,False,False,False,False,False,False,False,False,False,False,False,False,False,False,False,False,False,False,False,False,False,False,False,False,False,False,False,False,False,False,False,False,False,False,False,False,False,False,False,False,False,False,False,False,False,False,False,False,False,False,False,False,False,False,False,False,False,False,False,False,False,False,False,False,False,False,False,False,False,False,False,False,False,False,False,False,False,False,False,False,False,False,False,False,False,False,False,False,False,False,False,False,False,False,False,False,False,False,False,False,False,False,False,False
2019,26.73044,25.98999,25.98999,25.30506,24.74972,24.41652,24.08331,24.08331,24.08331,23.60202,23.47244,23.47244,23.2503,22.89858,22.75049,22.75049,22.75049,22.769,22.75049,22.75049,23.23179,23.2503,23.71308,24.62014,25.71231,26.26766,26.87853,27.6375,29.2665,30.63634,31.19168,31.80256,33.11687,33.74626,33.96839,34.24606,34.8014,35.15312,35.33823,35.74549,36.28232,36.63403,37.00426,37.37449,37.70769,37.83727,38.15197,38.18899,38.76284,38.98498,38.94795,38.92944,39.46627,39.41074,38.81838,39.59585,39.13307,39.07753,38.70731,38.30006,38.17048,38.52219,38.24452,38.13345,38.11494,37.96685,37.91132,38.18899,37.92983,37.57811,37.92983,36.94873,35.68995,35.00503,34.87545,34.72736,34.11648,34.09797,34.04244,33.91286,33.70923,33.59816,32.95027,32.72813,32.3579,32.09874,31.46936,31.46936,30.96955,30.48825,29.84035,29.63673,29.59971,28.74818,27.9707,27.58196,False,False,False,False,False,False,False,False,False,False,False,False,False,False,False,False,False,False,False,False,False,False,False,False,False,False,False,False,False,False,False,False,False,False,False,False,False,False,False,False,False,False,False,False,False,False,False,False,False,False,False,False,False,False,False,False,False,False,False,False,False,False,False,False,False,False,False,False,False,False,False,False,False,False,False,False,False,False,False,False,False,False,False,False,False,False,False,False,False,False,False,False,False,False,False,False,False,False,False,False,False,False,False,False,False,False,False,False,False,False,False,False,False,False,False,False,False,False,False,False,False,False,False,False,False,False,False,False,False,False,False,False,False,False,False,False,False,False,False,False,False,False,False,False,False,False,False,False,False,False,False,False,False,False,False,False,False,False,False,False,False,False,False,False,False,False,False,False,False,False,False,False,False,False,False,False,False,False,False,False,False,False,False,False,False,False,False,False,False,False,False,False,False,False,False,False,False,False,False,False,False,False,False,False,False,False,False,False,False,False,False,False,False,False,False,False,False,False,False,False,False,False,False,False,True,False,False,False,False,False,False,False,False,False,False,False,False,False,False,False,False,False,False,False,False,False,False,False,False,False,False,False,False,False,False,False,False,False,False,False,False,False,False,False,False,False,False,False,False,False,False,False,False,False,False,False,False,False,False,False,False,False,False,False,False,False,False,False,False,False,False,False,False,False,False,False,False,False,False,False,False,False,False,False,False,False,False,False,False,False,False,False,False,False,False,False,False,False,False,False,False,False,False,False,False,False,False,False,False,False,False,False,False,False,False,False,False,False,False,False,False,False,False,False,False,False,False,False,False,False,False,False,False,False,False,False,False,False,False,False
2019,27.04513,26.95258,26.63788,26.45277,25.93445,25.54571,25.10144,24.82377,24.69419,24.69419,24.52759,23.97224,23.97224,23.97224,23.58351,23.47244,23.4169,23.4169,23.4169,23.4169,23.4169,23.4169,23.71308,24.0648,24.21289,24.30545,24.69419,25.194,26.19361,26.28617,26.52682,27.24876,27.45238,28.56307,28.71116,29.71077,30.19207,30.98806,31.13615,30.59932,31.24722,31.50638,32.0247,32.1913,32.28386,32.87622,32.95027,33.26496,34.00542,33.74626,33.32049,33.46858,33.63519,34.02393,34.15351,33.57965,34.41267,34.15351,34.00542,33.35752,33.1724,32.87622,32.43195,32.89473,32.96878,32.74664,33.15389,33.45007,33.11687,33.06133,33.28347,33.6537,33.6537,33.74626,33.63519,33.6537,33.50561,33.52412,33.11687,33.26496,33.15389,32.91324,32.82069,32.39492,31.95065,31.96916,31.65447,31.43233,31.2102,30.8955,30.39569,30.2476,29.48864,29.30352,28.56307,27.87815,False,False,False,False,False,False,False,False,False,False,False,False,False,False,False,False,False,False,False,False,False,False,False,False,False,False,False,False,False,False,False,False,False,False,False,False,False,False,False,False,False,False,False,False,False,False,False,False,False,False,False,False,False,False,False,False,False,False,False,False,False,False,False,False,False,False,False,False,False,False,False,False,False,False,False,False,False,False,False,False,False,False,False,False,False,False,False,False,False,False,False,False,False,False,False,False,False,False,False,False,False,False,False,False,False,False,False,False,False,False,False,False,False,False,False,False,False,False,False,False,False,False,False,False,False,False,False,False,False,False,False,False,False,False,False,False,False,False,False,False,False,False,False,False,False,False,False,False,False,False,False,False,False,False,False,False,False,False,False,False,False,False,False,False,False,False,False,False,False,False,False,False,False,False,False,False,False,False,False,False,False,False,False,False,False,False,False,False,False,False,False,False,False,False,False,False,False,False,False,False,False,False,False,False,False,False,False,False,False,False,False,False,False,False,False,False,False,False,False,False,False,False,False,False,False,False,False,False,False,False,False,False,False,False,False,False,True,False,False,False,False,False,False,False,False,False,False,False,False,False,False,False,False,False,False,False,False,False,False,False,False,False,False,False,False,False,False,False,False,False,False,False,False,False,False,False,False,False,False,False,False,False,False,False,False,False,False,False,False,False,False,False,False,False,False,False,False,False,False,False,False,False,False,False,False,False,False,False,False,False,False,False,False,False,False,False,False,False,False,False,False,False,False,False,False,False,False,False,False,False,False,False,False,False,False,False,False,False,False,False,False,False,False,False,False,False,False,False,False,False,False,False,False,False,False,False,False,False,False,False
2019,27.4709,26.91555,26.56384,26.23063,25.78636,25.41613,24.74972,24.74972,24.74972,24.65717,23.91671,23.91671,23.91671,23.91671,23.13923,23.0837,23.0837,23.0837,23.0837,23.0837,23.0837,23.0837,23.12072,23.23179,23.87969,23.91671,24.08331,24.17587,24.8793,25.00888,25.39762,25.82338,26.04552,26.60086,26.78597,27.13769,27.54494,27.69303,27.73006,28.34093,28.72967,28.85925,29.19245,29.17394,29.13692,29.17394,29.34055,29.50715,29.71077,29.59971,29.71077,29.59971,29.35906,29.22948,29.28501,29.4331,29.41459,29.50715,29.50715,29.52566,29.54417,29.69226,29.63673,29.4331,29.61822,29.32203,29.78482,29.71077,30.02547,30.13654,30.30314,30.43272,30.35867,30.71039,30.82146,30.8955,31.17317,31.15466,31.3768,31.04359,31.15466,30.98806,30.63634,30.21058,30.21058,30.15505,29.7478,29.48864,28.84074,28.15582,27.82261,27.30429,26.93407,26.37872,25.67529,25.21251,False,False,False,False,False,False,False,False,False,False,False,False,False,False,False,False,False,False,False,False,False,False,False,False,False,False,False,False,False,False,False,False,False,False,False,False,False,False,False,False,False,False,False,False,False,False,False,False,False,False,False,False,False,False,False,False,False,False,False,False,False,False,False,False,False,False,False,False,False,False,False,False,False,False,False,False,False,False,False,False,False,False,False,False,False,False,False,False,False,False,False,False,False,False,False,False,False,False,False,False,False,False,False,False,False,False,False,False,False,False,False,False,False,False,False,False,False,False,False,False,False,False,False,False,False,False,False,False,False,False,False,False,False,False,False,False,False,False,False,False,False,False,False,False,False,False,False,False,False,False,False,False,False,False,False,False,False,False,False,False,False,False,False,False,False,False,False,False,False,False,False,False,False,False,False,False,False,False,False,False,False,False,False,False,False,False,False,False,False,False,False,False,False,False,False,False,False,False,False,False,False,False,False,False,False,False,False,False,False,False,False,False,False,False,False,False,False,False,False,False,False,False,False,False,False,False,False,False,False,False,False,False,False,False,False,False,False,False,False,False,False,False,False,False,False,False,False,False,True,False,False,False,False,False,False,False,False,False,False,False,False,False,False,False,False,False,False,False,False,False,False,False,False,False,False,False,False,False,False,False,False,False,False,False,False,False,False,False,False,False,False,False,False,False,False,False,False,False,False,False,False,False,False,False,False,False,False,False,False,False,False,False,False,False,False,False,False,False,False,False,False,False,False,False,False,False,False,False,False,False,False,False,False,False,False,False,False,False,False,False,False,False,False,False,False,False,False,False,False,False,False,False,False,False,False,False,False,False,False,False
2019,24.65717,24.08331,24.08331,24.08331,24.00927,23.4169,23.4169,23.4169,23.4169,22.82454,22.80603,22.80603,22.80603,22.80603,22.80603,22.2692,22.19515,22.75049,22.82454,22.82454,22.82454,22.82454,23.34286,23.76862,25.13846,25.50869,26.48979,27.30429,29.06288,30.17356,30.78443,31.3768,31.95065,32.58004,33.11687,33.1724,34.00542,34.26457,34.28309,34.67182,34.69034,35.00503,34.93098,35.39377,35.54186,35.59739,35.89358,36.20827,36.30083,35.9306,36.00464,36.00464,35.94911,35.83804,36.20827,35.85655,35.80102,35.89358,35.78251,35.61591,35.50484,35.41228,35.20866,35.33823,35.26419,35.13461,34.57927,34.48671,34.35713,34.35713,34.39415,34.00542,32.95027,32.63557,32.58004,32.69111,32.0247,31.61745,31.91363,31.5434,31.13615,30.95104,30.54379,30.52527,30.19207,29.9144,29.50715,28.72967,27.95219,27.30429,27.26727,26.86002,26.13808,25.6938,25.6938,25.194,False,False,False,False,False,False,False,False,False,False,False,False,False,False,False,False,False,False,False,False,False,False,False,False,False,False,False,False,False,False,False,False,False,False,False,False,False,False,False,False,False,False,False,False,False,False,False,False,False,False,False,False,False,False,False,False,False,False,False,False,False,False,False,False,False,False,False,False,False,False,False,False,False,False,False,False,False,False,False,False,False,False,False,False,False,False,False,False,False,False,False,False,False,False,False,False,False,False,False,False,False,False,False,False,False,False,False,False,False,False,False,False,False,False,False,False,False,False,False,False,False,False,False,False,False,False,False,False,False,False,False,False,False,False,False,False,False,False,False,False,False,False,False,False,False,False,False,False,False,False,False,False,False,False,False,False,False,False,False,False,False,False,False,False,False,False,False,False,False,False,False,False,False,False,False,False,False,False,False,False,False,False,False,False,False,False,False,False,False,False,False,False,False,False,False,False,False,False,False,False,False,False,False,False,False,False,False,False,False,False,False,False,False,False,False,False,False,False,False,False,False,False,False,False,False,False,False,False,False,False,False,False,False,False,False,False,False,False,False,False,False,False,False,False,False,False,False,False,False,False,False,False,False,False,False,False,False,False,False,False,True,False,False,False,False,False,False,False,False,False,False,False,False,False,False,False,False,False,False,False,False,False,False,False,False,False,False,False,False,False,False,False,False,False,False,False,False,False,False,False,False,False,False,False,False,False,False,False,False,False,False,False,False,False,False,False,False,False,False,False,False,False,False,False,False,False,False,False,False,False,False,False,False,False,False,False,False,False,False,False,False,False,False,False,False,False,False,False,False,False,False,False,False,False,False,False,False,False,False,False
2019,25.02739,24.41652,24.37949,23.75011,23.75011,23.36137,23.13923,23.13923,23.13923,23.13923,22.54687,22.41729,22.41729,22.41729,22.41729,22.41729,22.41729,22.41729,22.41729,22.41729,22.69496,23.02816,23.02816,23.7316,24.84228,25.30506,26.02701,27.02662,28.48902,29.56268,30.45123,31.11764,32.56153,33.20943,33.52412,34.09797,34.8014,35.04205,35.52335,36.07869,36.33785,36.2638,36.81915,36.98575,36.65254,36.55999,36.93021,36.93021,36.93021,37.28193,37.65216,37.54109,37.63365,38.05941,37.68918,37.92983,37.30044,37.30044,37.48556,37.04128,37.46704,37.83727,37.15235,36.80063,36.85617,36.7451,36.93021,36.9117,37.09682,36.65254,36.46743,35.9306,35.00503,34.52373,34.33862,34.26457,33.6537,33.54263,33.09836,32.91324,32.58004,32.32088,32.30237,32.1913,31.48787,31.15466,30.21058,30.19207,29.35906,28.89627,28.43349,27.13769,27.13769,26.52682,26.11956,25.87892,False,False,False,False,False,False,False,False,False,False,False,False,False,False,False,False,False,False,False,False,False,False,False,False,False,False,False,False,False,False,False,False,False,False,False,False,False,False,False,False,False,False,False,False,False,False,False,False,False,False,False,False,False,False,False,False,False,False,False,False,False,False,False,False,False,False,False,False,False,False,False,False,False,False,False,False,False,False,False,False,False,False,False,False,False,False,False,False,False,False,False,False,False,False,False,False,False,False,False,False,False,False,False,False,False,False,False,False,False,False,False,False,False,False,False,False,False,False,False,False,False,False,False,False,False,False,False,False,False,False,False,False,False,False,False,False,False,False,False,False,False,False,False,False,False,False,False,False,False,False,False,False,False,False,False,False,False,False,False,False,False,False,False,False,False,False,False,False,False,False,False,False,False,False,False,False,False,False,False,False,False,False,False,False,False,False,False,False,False,False,False,False,False,False,False,False,False,False,False,False,False,False,False,False,False,False,False,False,False,False,False,False,False,False,False,False,False,False,False,False,False,False,False,False,False,False,False,False,False,False,False,False,False,False,False,False,False,False,False,False,False,False,False,False,False,False,False,False,False,False,False,False,False,False,False,False,False,False,False,False,False,False,False,False,False,False,False,False,False,False,False,False,True,False,False,False,False,False,False,False,False,False,False,False,False,False,False,False,False,False,False,False,False,False,False,False,False,False,False,False,False,False,False,False,False,False,False,False,False,False,False,False,False,False,False,False,False,False,False,False,False,False,False,False,False,False,False,False,False,False,False,False,False,False,False,False,False,False,False,False,False,False,False,False,False,False,False,False,False,False,False,False,False,False,False,False,False,False,False,False
2019,25.41613,25.10144,25.10144,25.10144,24.30545,24.30545,23.93522,23.69457,23.4169,22.93561,22.93561,22.63942,22.21366,22.21366,22.21366,22.21366,22.21366,22.21366,22.21366,22.21366,22.75049,23.04667,23.04667,23.7316,24.74972,25.60125,26.23063,26.76746,28.35944,29.48864,30.35867,30.78443,31.43233,32.13577,32.89473,32.96878,33.76477,33.83881,33.59816,33.9869,33.87584,34.35713,34.35713,34.11648,34.28309,33.96839,34.37564,34.20904,34.44969,34.54225,34.33862,34.04244,34.37564,34.54225,34.3016,34.28309,34.6348,34.52373,34.19053,34.32011,33.94988,34.00542,34.19053,33.85732,33.87584,33.85732,34.07946,34.07946,33.61668,33.57965,33.33901,32.95027,32.58004,32.41344,32.61706,32.39492,32.39492,32.13577,31.95065,31.80256,31.63596,31.45084,30.96955,30.82146,30.35867,29.95142,29.4331,29.19245,28.452,28.00773,27.39685,26.58235,26.10105,25.61976,25.21251,24.76823,False,False,False,False,False,False,False,False,False,False,False,False,False,False,False,False,False,False,False,False,False,False,False,False,False,False,False,False,False,False,False,False,False,False,False,False,False,False,False,False,False,False,False,False,False,False,False,False,False,False,False,False,False,False,False,False,False,False,False,False,False,False,False,False,False,False,False,False,False,False,False,False,False,False,False,False,False,False,False,False,False,False,False,False,False,False,False,False,False,False,False,False,False,False,False,False,False,False,False,False,False,False,False,False,False,False,False,False,False,False,False,False,False,False,False,False,False,False,False,False,False,False,False,False,False,False,False,False,False,False,False,False,False,False,False,False,False,False,False,False,False,False,False,False,False,False,False,False,False,False,False,False,False,False,False,False,False,False,False,False,False,False,False,False,False,False,False,False,False,False,False,False,False,False,False,False,False,False,False,False,False,False,False,False,False,False,False,False,False,False,False,False,False,False,False,False,False,False,False,False,False,False,False,False,False,False,False,False,False,False,False,False,False,False,False,False,False,False,False,False,False,False,False,False,False,False,False,False,False,False,False,False,False,False,False,False,False,False,False,False,False,False,False,False,False,False,False,False,False,False,False,False,False,False,False,False,False,False,False,False,False,False,False,False,False,False,False,False,False,False,False,False,False,False,False,False,False,False,False,False,False,False,False,False,True,False,False,False,False,False,False,False,False,False,False,False,False,False,False,False,False,False,False,False,False,False,False,False,False,False,False,False,False,False,False,False,False,False,False,False,False,False,False,False,False,False,False,False,False,False,False,False,False,False,False,False,False,False,False,False,False,False,False,False,False,False,False,False,False,False,False,False,False,False,False,False,False,False,False,False
2019,24.37949,23.91671,23.91671,23.91671,23.28732,23.15774,23.15774,22.54687,22.52836,22.52836,22.52836,22.52836,22.52836,21.99153,21.88046,21.88046,21.88046,21.88046,21.88046,21.88046,22.49133,22.52836,22.9171,23.39839,24.24991,24.80526,25.56422,26.28617,28.30391,29.30352,30.06249,30.82146,31.58042,32.04321,32.69111,32.95027,33.20943,33.63519,33.59816,33.9869,34.33862,34.54225,34.54225,34.78289,35.26419,35.15312,35.22717,35.43079,35.9306,35.96762,36.06018,35.54186,35.54186,35.56037,35.74549,35.78251,36.06018,35.68995,35.65293,35.78251,35.54186,35.61591,35.2827,35.2827,35.26419,35.26419,34.96801,34.87545,35.02354,34.76438,34.4682,34.13499,33.19091,33.22794,33.13538,32.69111,32.56153,32.58004,32.58004,32.5245,31.98767,31.91363,31.32126,31.63596,31.11764,30.37718,30.37718,30.17356,29.4331,28.89627,28.26689,27.98921,27.24876,26.71193,26.39724,25.6938,False,False,False,False,False,False,False,False,False,False,False,False,False,False,False,False,False,False,False,False,False,False,False,False,False,False,False,False,False,False,False,False,False,False,False,False,False,False,False,False,False,False,False,False,False,False,False,False,False,False,False,False,False,False,False,False,False,False,False,False,False,False,False,False,False,False,False,False,False,False,False,False,False,False,False,False,False,False,False,False,False,False,False,False,False,False,False,False,False,False,False,False,False,False,False,False,False,False,False,False,False,False,False,False,False,False,False,False,False,False,False,False,False,False,False,False,False,False,False,False,False,False,False,False,False,False,False,False,False,False,False,False,False,False,False,False,False,False,False,False,False,False,False,False,False,False,False,False,False,False,False,False,False,False,False,False,False,False,False,False,False,False,False,False,False,False,False,False,False,False,False,False,False,False,False,False,False,False,False,False,False,False,False,False,False,False,False,False,False,False,False,False,False,False,False,False,False,False,False,False,False,False,False,False,False,False,False,False,False,False,False,False,False,False,False,False,False,False,False,False,False,False,False,False,False,False,False,False,False,False,False,False,False,False,False,False,False,False,False,False,False,False,False,False,False,False,False,False,False,False,False,False,False,False,False,False,False,False,False,False,False,False,False,False,False,False,False,False,False,False,False,False,False,False,False,False,False,False,False,False,False,False,False,False,False,False,False,False,False,False,False,False,False,False,False,False,True,False,False,False,False,False,False,False,False,False,False,False,False,False,False,False,False,False,False,False,False,False,False,False,False,False,False,False,False,False,False,False,False,False,False,False,False,False,False,False,False,False,False,False,False,False,False,False,False,False,False,False,False,False,False,False,False,False,False,False,False,False,False,False
2019,25.13846,25.02739,24.74972,24.10182,23.75011,23.65755,23.04667,23.04667,23.04667,23.04667,22.67645,22.38027,22.38027,22.38027,22.38027,22.38027,22.38027,22.36175,21.76939,22.30622,22.63942,22.63942,22.86156,23.93522,24.95335,24.97186,25.97147,26.43426,28.41498,29.54417,30.081,30.76592,31.71,32.59855,32.95027,33.20943,33.41305,33.74626,33.89435,33.74626,34.19053,34.26457,34.26457,34.09797,34.59778,34.8014,34.72736,34.83843,34.83843,34.4682,35.1161,35.26419,35.30121,34.89396,35.02354,34.74587,34.87545,35.26419,35.22717,34.98652,35.07908,34.98652,34.81992,34.52373,34.41267,34.17202,34.32011,34.28309,34.07946,34.04244,33.80179,33.30198,32.65408,32.41344,32.26534,32.1913,31.85809,31.85809,31.78405,32.26534,31.69149,30.98806,30.91401,30.95104,30.67337,30.41421,29.96993,29.69226,29.21097,29.04436,28.35944,28.02624,27.39685,26.91555,26.47128,26.26766,False,False,False,False,False,False,False,False,False,False,False,False,False,False,False,False,False,False,False,False,False,False,False,False,False,False,False,False,False,False,False,False,False,False,False,False,False,False,False,False,False,False,False,False,False,False,False,False,False,False,False,False,False,False,False,False,False,False,False,False,False,False,False,False,False,False,False,False,False,False,False,False,False,False,False,False,False,False,False,False,False,False,False,False,False,False,False,False,False,False,False,False,False,False,False,False,False,False,False,False,False,False,False,False,False,False,False,False,False,False,False,False,False,False,False,False,False,False,False,False,False,False,False,False,False,False,False,False,False,False,False,False,False,False,False,False,False,False,False,False,False,False,False,False,False,False,False,False,False,False,False,False,False,False,False,False,False,False,False,False,False,False,False,False,False,False,False,False,False,False,False,False,False,False,False,False,False,False,False,False,False,False,False,False,False,False,False,False,False,False,False,False,False,False,False,False,False,False,False,False,False,False,False,False,False,False,False,False,False,False,False,False,False,False,False,False,False,False,False,False,False,False,False,False,False,False,False,False,False,False,False,False,False,False,False,False,False,False,False,False,False,False,False,False,False,False,False,False,False,False,False,False,False,False,False,False,False,False,False,False,False,False,False,False,False,False,False,False,False,False,False,False,False,False,False,False,False,False,False,False,False,False,False,False,False,False,False,False,False,False,False,False,False,False,False,False,False,False,False,False,False,False,False,False,False,False,False,True,False,False,False,False,False,False,False,False,False,False,False,False,False,False,False,False,False,False,False,False,False,False,False,False,False,False,False,False,False,False,False,False,False,False,False,False,False,False,False,False,False,False,False,False,False,False,False,False,False,False,False,False
2019,25.84189,25.63827,25.43464,24.8793,24.8793,24.13885,23.52797,23.52797,23.52797,23.19477,22.80603,22.80603,22.80603,22.4358,22.02855,22.02855,22.02855,22.02855,22.02855,22.02855,22.02855,22.02855,22.28771,22.69496,22.84305,23.37988,23.37988,23.56499,24.17587,24.82377,25.17548,25.76785,25.56422,25.98999,26.67491,27.39685,27.8041,28.21135,28.21135,28.63711,28.82223,29.37757,29.47013,29.47013,29.47013,29.69226,30.081,30.081,30.081,30.081,30.37718,30.71039,30.35867,30.21058,30.37718,30.30314,30.30314,30.30314,30.30314,30.30314,30.30314,30.30314,30.30314,30.30314,30.00696,30.21058,30.21058,30.21058,30.21058,30.21058,30.2476,30.13654,30.13654,30.19207,30.95104,30.85848,30.85848,30.85848,30.85848,30.85848,30.85848,30.34016,30.2476,30.2476,30.2476,30.2476,30.2476,30.15505,29.50715,29.37757,29.37757,29.21097,28.60009,28.11879,27.28578,27.26727,False,False,False,False,False,False,False,False,False,False,False,False,False,False,False,False,False,False,False,False,False,False,False,False,False,False,False,False,False,False,False,False,False,False,False,False,False,False,False,False,False,False,False,False,False,False,False,False,False,False,False,False,False,False,False,False,False,False,False,False,False,False,False,False,False,False,False,False,False,False,False,False,False,False,False,False,False,False,False,False,False,False,False,False,False,False,False,False,False,False,False,False,False,False,False,False,False,False,False,False,False,False,False,False,False,False,False,False,False,False,False,False,False,False,False,False,False,False,False,False,False,False,False,False,False,False,False,False,False,False,False,False,False,False,False,False,False,False,False,False,False,False,False,False,False,False,False,False,False,False,False,False,False,False,False,False,False,False,False,False,False,False,False,False,False,False,False,False,False,False,False,False,False,False,False,False,False,False,False,False,False,False,False,False,False,False,False,False,False,False,False,False,False,False,False,False,False,False,False,False,False,False,False,False,False,False,False,False,False,False,False,False,False,False,False,False,False,False,False,False,False,False,False,False,False,False,False,False,False,False,False,False,False,False,False,False,False,False,False,False,False,False,False,False,False,False,False,False,False,False,False,False,False,False,False,False,False,False,False,False,False,False,False,False,False,False,False,False,False,False,False,False,False,False,False,False,False,False,False,False,False,False,False,False,False,False,False,False,False,False,False,False,False,False,False,False,False,False,False,False,False,False,False,False,False,False,False,False,False,False,False,False,False,False,False,False,False,False,False,True,False,False,False,False,False,False,False,False,False,False,False,False,False,False,False,False,False,False,False,False,False,False,False,False,False,False,False,False,False,False,False,False,False,False,False,False,False,False,False,False
2019,26.61937,26.47128,25.84189,25.6938,25.54571,24.8793,24.19438,24.19438,24.19438,23.69457,23.52797,23.52797,23.52797,23.28732,22.65794,22.65794,22.65794,22.65794,22.65794,22.65794,22.65794,22.65794,22.65794,22.65794,22.65794,22.65794,22.65794,22.65794,23.43541,23.82415,24.13885,24.13885,24.36098,24.89781,25.47167,25.61976,26.26766,26.32319,26.32319,26.32319,26.89704,27.37834,27.82261,27.82261,27.82261,27.82261,27.82261,27.82261,27.84112,28.52604,28.52604,28.52604,28.19284,27.85964,27.85964,27.85964,27.85964,27.85964,27.93368,27.82261,27.82261,27.82261,27.85964,28.26689,28.35944,28.35944,28.35944,28.35944,28.35944,28.47051,28.97032,28.82223,28.43349,29.15543,29.15543,29.15543,29.15543,29.15543,29.15543,29.15543,29.15543,29.15543,29.15543,29.00734,28.52604,28.30391,27.98921,27.60048,27.48941,26.74895,26.13808,26.08254,25.50869,24.82377,24.65717,24.26843,False,False,False,False,False,False,False,False,False,False,False,False,False,False,False,False,False,False,False,False,False,False,False,False,False,False,False,False,False,False,False,False,False,False,False,False,False,False,False,False,False,False,False,False,False,False,False,False,False,False,False,False,False,False,False,False,False,False,False,False,False,False,False,False,False,False,False,False,False,False,False,False,False,False,False,False,False,False,False,False,False,False,False,False,False,False,False,False,False,False,False,False,False,False,False,False,False,False,False,False,False,False,False,False,False,False,False,False,False,False,False,False,False,False,False,False,False,False,False,False,False,False,False,False,False,False,False,False,False,False,False,False,False,False,False,False,False,False,False,False,False,False,False,False,False,False,False,False,False,False,False,False,False,False,False,False,False,False,False,False,False,False,False,False,False,False,False,False,False,False,False,False,False,False,False,False,False,False,False,False,False,False,False,False,False,False,False,False,False,False,False,False,False,False,False,False,False,False,False,False,False,False,False,False,False,False,False,False,False,False,False,False,False,False,False,False,False,False,False,False,False,False,False,False,False,False,False,False,False,False,False,False,False,False,False,False,False,False,False,False,False,False,False,False,False,False,False,False,False,False,False,False,False,False,False,False,False,False,False,False,False,False,False,False,False,False,False,False,False,False,False,False,False,False,False,False,False,False,False,False,False,False,False,False,False,False,False,False,False,False,False,False,False,False,False,False,False,False,False,False,False,False,False,False,False,False,False,False,False,False,False,False,False,False,False,False,False,False,False,False,False,False,False,False,False,False,False,False,False,False,False,True,False,False,False,False,False,False,False,False,False,False,False,False,False,False,False,False,False,False,False,False,False,False,False,False,False,False,False,False
2019,23.91671,23.8982,23.10221,23.10221,23.10221,22.54687,22.4358,22.4358,22.4358,22.4358,22.08408,21.82492,21.82492,21.82492,21.82492,21.82492,21.82492,21.82492,21.82492,21.82492,21.97301,22.47282,22.50984,23.32435,24.19438,24.76823,25.54571,26.63788,27.82261,28.74818,29.82184,30.22909,31.2102,31.63596,32.08023,32.61706,32.87622,32.63557,32.82069,32.8392,33.19091,33.20943,33.35752,33.30198,33.24645,33.24645,33.24645,33.30198,33.50561,33.96839,33.96839,34.67182,35.1161,34.57927,34.43118,34.32011,34.33862,34.17202,34.09797,34.06095,33.9869,34.02393,33.85732,33.52412,33.45007,33.54263,33.43156,33.32049,33.11687,33.02431,33.07985,32.78366,31.63596,31.48787,31.39531,31.2102,30.87699,30.50676,31.0621,30.63634,30.35867,29.71077,29.59971,29.54417,29.15543,28.71116,28.63711,28.04475,27.34132,27.21174,26.41575,26.0085,25.39762,24.82377,24.7127,24.65717,False,False,False,False,False,False,False,False,False,False,False,False,False,False,False,False,False,False,False,False,False,False,False,False,False,False,False,False,False,False,False,False,False,False,False,False,False,False,False,False,False,False,False,False,False,False,False,False,False,False,False,False,False,False,False,False,False,False,False,False,False,False,False,False,False,False,False,False,False,False,False,False,False,False,False,False,False,False,False,False,False,False,False,False,False,False,False,False,False,False,False,False,False,False,False,False,False,False,False,False,False,False,False,False,False,False,False,False,False,False,False,False,False,False,False,False,False,False,False,False,False,False,False,False,False,False,False,False,False,False,False,False,False,False,False,False,False,False,False,False,False,False,False,False,False,False,False,False,False,False,False,False,False,False,False,False,False,False,False,False,False,False,False,False,False,False,False,False,False,False,False,False,False,False,False,False,False,False,False,False,False,False,False,False,False,False,False,False,False,False,False,False,False,False,False,False,False,False,False,False,False,False,False,False,False,False,False,False,False,False,False,False,False,False,False,False,False,False,False,False,False,False,False,False,False,False,False,False,False,False,False,False,False,False,False,False,False,False,False,False,False,False,False,False,False,False,False,False,False,False,False,False,False,False,False,False,False,False,False,False,False,False,False,False,False,False,False,False,False,False,False,False,False,False,False,False,False,False,False,False,False,False,False,False,False,False,False,False,False,False,False,False,False,False,False,False,False,False,False,False,False,False,False,False,False,False,False,False,False,False,False,False,False,False,False,False,False,False,False,False,False,False,False,False,False,False,False,False,False,False,False,False,False,False,False,False,False,False,False,False,False,True,False,False,False,False,False,False,False,False,False,False,False,False,False,False,False,False,False,False
2019,23.91671,23.86118,23.52797,23.21328,23.21328,22.88007,22.4358,22.4358,22.4358,22.4358,22.08408,21.80641,21.80641,21.80641,21.80641,21.80641,21.80641,21.80641,21.80641,21.80641,21.97301,22.47282,22.82454,23.39839,24.15736,24.69419,25.34209,26.36021,28.11879,29.04436,29.50715,30.28463,31.56191,32.08023,32.78366,32.93175,33.26496,33.56114,33.69072,34.02393,34.22755,34.35713,34.8014,35.02354,35.04205,35.67144,35.63442,35.37526,35.50484,35.89358,35.70846,35.81953,35.78251,36.07869,35.94911,35.70846,35.94911,36.24529,36.13422,36.37487,36.17125,35.68995,36.20827,36.37487,36.5785,36.06018,36.37487,36.35636,35.72697,36.00464,35.74549,35.46781,34.06095,33.59816,33.46858,33.20943,32.89473,33.09836,33.09836,32.59855,32.24683,32.24683,32.24683,31.61745,30.8955,30.61783,30.28463,29.58119,29.08139,28.69265,28.17433,27.65601,27.08216,26.89704,26.21212,25.93445,False,False,False,False,False,False,False,False,False,False,False,False,False,False,False,False,False,False,False,False,False,False,False,False,False,False,False,False,False,False,False,False,False,False,False,False,False,False,False,False,False,False,False,False,False,False,False,False,False,False,False,False,False,False,False,False,False,False,False,False,False,False,False,False,False,False,False,False,False,False,False,False,False,False,False,False,False,False,False,False,False,False,False,False,False,False,False,False,False,False,False,False,False,False,False,False,False,False,False,False,False,False,False,False,False,False,False,False,False,False,False,False,False,False,False,False,False,False,False,False,False,False,False,False,False,False,False,False,False,False,False,False,False,False,False,False,False,False,False,False,False,False,False,False,False,False,False,False,False,False,False,False,False,False,False,False,False,False,False,False,False,False,False,False,False,False,False,False,False,False,False,False,False,False,False,False,False,False,False,False,False,False,False,False,False,False,False,False,False,False,False,False,False,False,False,False,False,False,False,False,False,False,False,False,False,False,False,False,False,False,False,False,False,False,False,False,False,False,False,False,False,False,False,False,False,False,False,False,False,False,False,False,False,False,False,False,False,False,False,False,False,False,False,False,False,False,False,False,False,False,False,False,False,False,False,False,False,False,False,False,False,False,False,False,False,False,False,False,False,False,False,False,False,False,False,False,False,False,False,False,False,False,False,False,False,False,False,False,False,False,False,False,False,False,False,False,False,False,False,False,False,False,False,False,False,False,False,False,False,False,False,False,False,False,False,False,False,False,False,False,False,False,False,False,False,False,False,False,False,False,False,False,False,False,False,False,False,False,False,False,False,False,False,False,False,False,False,False,False,False,False,False,True,False,False,False,False,False,False,False
2019,25.60125,25.34209,24.86079,24.52759,24.15736,24.15736,23.8982,23.47244,23.47244,23.47244,23.45393,22.80603,22.80603,22.80603,22.52836,22.45431,22.41729,22.45431,22.21366,22.38027,22.52836,22.52836,23.4169,23.76862,24.63865,25.194,26.41575,27.00811,28.52604,29.61822,30.61783,31.72851,32.50599,33.28347,34.48671,35.1161,35.39377,35.50484,35.91209,36.24529,36.63403,37.28193,37.43002,37.80025,37.85578,37.5596,37.87429,37.91132,37.92983,37.59662,37.98536,38.02239,38.18899,38.11494,38.50368,38.22601,38.61475,38.26303,38.22601,38.44815,38.39261,38.79986,39.11456,38.89242,38.72582,38.13345,38.46666,38.13345,37.59662,37.5596,36.78212,36.44892,34.98652,34.89396,34.67182,34.56076,34.04244,33.96839,33.69072,33.46858,33.43156,32.70962,32.50599,32.28386,31.83958,31.65447,30.58081,30.35867,29.93291,29.15543,28.69265,28.19284,27.60048,27.41536,26.80449,26.15659,False,False,False,False,False,False,False,False,False,False,False,False,False,False,False,False,False,False,False,False,False,False,False,False,False,False,False,False,False,False,False,False,False,False,False,False,False,False,False,False,False,False,False,False,False,False,False,False,False,False,False,False,False,False,False,False,False,False,False,False,False,False,False,False,False,False,False,False,False,False,False,False,False,False,False,False,False,False,False,False,False,False,False,False,False,False,False,False,False,False,False,False,False,False,False,False,False,False,False,False,False,False,False,False,False,False,False,False,False,False,False,False,False,False,False,False,False,False,False,False,False,False,False,False,False,False,False,False,False,False,False,False,False,False,False,False,False,False,False,False,False,False,False,False,False,False,False,False,False,False,False,False,False,False,False,False,False,False,False,False,False,False,False,False,False,False,False,False,False,False,False,False,False,False,False,False,False,False,False,False,False,False,False,False,False,False,False,False,False,False,False,False,False,False,False,False,False,False,False,False,False,False,False,False,False,False,False,False,False,False,False,False,False,False,False,False,False,False,False,False,False,False,False,False,False,False,False,False,False,False,False,False,False,False,False,False,False,False,False,False,False,False,False,False,False,False,False,False,False,False,False,False,False,False,False,False,False,False,False,False,False,False,False,False,False,False,False,False,False,False,False,False,False,False,False,False,False,False,False,False,False,False,False,False,False,False,False,False,False,False,False,False,False,False,False,False,False,False,False,False,False,False,False,False,False,False,False,False,False,False,False,False,False,False,False,False,False,False,False,False,False,False,False,False,False,False,False,False,False,False,False,False,False,False,False,False,False,False,False,False,False,False,False,False,False,False,False,False,False,False,False,False,False,False,False,False,False,False,False,True
2019,25.15697,25.10144,25.10144,25.10144,24.7127,24.39801,24.32396,24.02778,23.67606,23.37988,23.37988,23.21328,22.769,22.769,22.769,23.28732,22.80603,23.28732,23.36137,22.88007,23.32435,23.4169,23.99076,24.02778,25.24953,26.13808,26.78597,27.91517,29.4331,30.82146,31.71,33.04282,33.72774,34.39415,34.87545,35.39377,36.15274,36.0972,36.48594,36.94873,36.85617,37.76323,37.63365,37.92983,38.05941,38.48517,39.13307,39.09605,39.09605,39.04051,39.022,38.94795,39.22563,39.72543,39.63288,39.24414,39.33669,39.57734,39.79948,39.76246,40.0031,40.16971,39.87352,39.81799,40.13268,39.72543,39.65139,39.39223,39.5033,39.41074,39.1886,38.8554,37.67067,37.44853,36.94873,36.7451,35.91209,35.63442,35.67144,35.72697,35.65293,35.26419,34.89396,35.04205,34.26457,34.07946,33.67221,33.61668,32.78366,32.54302,31.91363,31.30275,30.71039,29.89589,29.52566,28.98883,False,False,False,False,False,False,False,False,True,False,False,False,False,False,False,False,False,False,False,False,False,False,False,False,False,False,False,False,False,False,False,False,False,False,False,False,False,False,False,False,False,False,False,False,False,False,False,False,False,False,False,False,False,False,False,False,False,False,False,False,False,False,False,False,False,False,False,False,False,False,False,False,False,False,False,False,False,False,False,False,False,False,False,False,False,False,False,False,False,False,False,False,False,False,False,False,False,False,False,False,False,False,False,False,False,False,False,False,False,False,False,False,False,False,False,False,False,False,False,False,False,False,False,False,False,False,False,False,False,False,False,False,False,False,False,False,False,False,False,False,False,False,False,False,False,False,False,False,False,False,False,False,False,False,False,False,False,False,False,False,False,False,False,False,False,False,False,False,False,False,False,False,False,False,False,False,False,False,False,False,False,False,False,False,False,False,False,False,False,False,False,False,False,False,False,False,False,False,False,False,False,False,False,False,False,False,False,False,False,False,False,False,False,False,False,False,False,False,False,False,False,False,False,False,False,False,False,False,False,False,False,False,False,False,False,False,False,False,False,False,False,False,False,False,False,False,False,False,False,False,False,False,False,False,False,False,False,False,False,False,False,False,False,False,False,False,False,False,False,False,False,False,False,False,False,False,False,False,False,False,False,False,False,False,False,False,False,False,False,False,False,False,False,False,False,False,False,False,False,False,False,False,False,False,False,False,False,False,False,False,False,False,False,False,False,False,False,False,False,False,False,False,False,False,False,False,False,False,False,False,False,False,False,False,False,False,False,False,False,False,False,False,False,False,False,False,False,False,False,False,False,False,False,False,False,False,False,False,False,False
2019,27.9707,27.60048,27.48941,26.95258,26.39724,26.3417,26.04552,25.32358,25.32358,24.76823,24.7127,24.7127,24.60163,24.49056,24.41652,24.13885,24.52759,24.5461,24.41652,24.37949,24.67568,24.82377,25.34209,26.06403,26.823,27.78559,28.50753,29.48864,31.13615,32.5245,33.78328,35.00503,36.43041,37.393,37.50407,38.48517,39.29967,39.85501,39.48479,39.57734,40.13268,40.41035,41.1323,41.59508,42.02084,42.02084,41.98382,42.89088,43.37218,43.39069,43.52027,43.89049,43.27962,43.96454,43.98305,44.46435,44.33477,44.64946,44.83458,44.89011,44.81606,44.83458,45.00118,44.44584,44.76053,45.11225,45.05671,45.35289,44.81606,44.51988,44.07561,43.85347,42.28,41.63211,41.00272,40.89165,39.74394,39.28116,39.15158,39.1886,38.79986,38.81838,38.39261,37.96685,37.37449,36.85617,36.81915,36.2638,35.59739,34.76438,34.07946,33.32049,32.59855,31.98767,31.52489,30.65485,False,False,False,False,False,False,False,False,False,False,False,False,False,False,False,False,False,False,False,False,True,False,False,False,False,False,False,False,False,False,False,False,False,False,False,False,False,False,False,False,False,False,False,False,False,False,False,False,False,False,False,False,False,False,False,False,False,False,False,False,False,False,False,False,False,False,False,False,False,False,False,False,False,False,False,False,False,False,False,False,False,False,False,False,False,False,False,False,False,False,False,False,False,False,False,False,False,False,False,False,False,False,False,False,False,False,False,False,False,False,False,False,False,False,False,False,False,False,False,False,False,False,False,False,False,False,False,False,False,False,False,False,False,False,False,False,False,False,False,False,False,False,False,False,False,False,False,False,False,False,False,False,False,False,False,False,False,False,False,False,False,False,False,False,False,False,False,False,False,False,False,False,False,False,False,False,False,False,False,False,False,False,False,False,False,False,False,False,False,False,False,False,False,False,False,False,False,False,False,False,False,False,False,False,False,False,False,False,False,False,False,False,False,False,False,False,False,False,False,False,False,False,False,False,False,False,False,False,False,False,False,False,False,False,False,False,False,False,False,False,False,False,False,False,False,False,False,False,False,False,False,False,False,False,False,False,False,False,False,False,False,False,False,False,False,False,False,False,False,False,False,False,False,False,False,False,False,False,False,False,False,False,False,False,False,False,False,False,False,False,False,False,False,False,False,False,False,False,False,False,False,False,False,False,False,False,False,False,False,False,False,False,False,False,False,False,False,False,False,False,False,False,False,False,False,False,False,False,False,False,False,False,False,False,False,False,False,False,False,False,False,False,False,False,False,False,False,False,False,False,False,False,False,False,False,False,False,False,False,False
2019,30.19207,29.71077,29.41459,29.04436,28.52604,28.10028,27.71154,27.56345,27.08216,26.84151,26.24914,26.24914,26.24914,25.73083,25.60125,25.97147,25.49018,25.24953,25.13846,25.43464,25.02739,24.99037,24.99037,24.99037,25.61976,26.32319,26.9896,27.24876,27.58196,28.19284,28.76669,29.7478,30.98806,31.74703,32.56153,33.33901,33.91286,34.22755,34.70885,35.37526,36.39338,36.65254,36.65254,36.72659,36.98575,37.07831,37.15235,37.50407,37.78174,37.80025,37.78174,37.74471,37.30044,37.35598,37.30044,36.94873,36.85617,36.78212,36.9117,36.55999,36.50445,36.33785,36.37487,36.22678,36.30083,35.9306,35.80102,35.57888,35.20866,35.20866,35.20866,35.04205,34.54225,34.4682,34.43118,34.3016,34.3016,34.00542,33.6537,33.6537,33.6537,33.43156,33.50561,33.46858,33.0058,32.46897,32.82069,32.1913,32.26534,31.89512,31.58042,31.61745,30.83997,30.04398,29.67375,29.21097,False,False,False,False,False,False,False,False,False,False,False,False,False,False,False,False,False,False,False,False,False,False,False,False,False,False,False,False,False,False,False,False,True,False,False,False,False,False,False,False,False,False,False,False,False,False,False,False,False,False,False,False,False,False,False,False,False,False,False,False,False,False,False,False,False,False,False,False,False,False,False,False,False,False,False,False,False,False,False,False,False,False,False,False,False,False,False,False,False,False,False,False,False,False,False,False,False,False,False,False,False,False,False,False,False,False,False,False,False,False,False,False,False,False,False,False,False,False,False,False,False,False,False,False,False,False,False,False,False,False,False,False,False,False,False,False,False,False,False,False,False,False,False,False,False,False,False,False,False,False,False,False,False,False,False,False,False,False,False,False,False,False,False,False,False,False,False,False,False,False,False,False,False,False,False,False,False,False,False,False,False,False,False,False,False,False,False,False,False,False,False,False,False,False,False,False,False,False,False,False,False,False,False,False,False,False,False,False,False,False,False,False,False,False,False,False,False,False,False,False,False,False,False,False,False,False,False,False,False,False,False,False,False,False,False,False,False,False,False,False,False,False,False,False,False,False,False,False,False,False,False,False,False,False,False,False,False,False,False,False,False,False,False,False,False,False,False,False,False,False,False,False,False,False,False,False,False,False,False,False,False,False,False,False,False,False,False,False,False,False,False,False,False,False,False,False,False,False,False,False,False,False,False,False,False,False,False,False,False,False,False,False,False,False,False,False,False,False,False,False,False,False,False,False,False,False,False,False,False,False,False,False,False,False,False,False,False,False,False,False,False,False,False,False,False,False,False,False,False,False,False,False,False,False,False,False,False,False,False,False
2019,28.56307,27.98921,27.82261,27.41536,27.13769,26.78597,26.32319,25.71231,25.71231,25.0459,25.0459,25.0459,25.0459,24.73121,24.30545,24.30545,24.30545,24.30545,24.30545,24.30545,24.13885,24.13885,24.13885,24.13885,24.13885,24.58312,24.97186,25.30506,25.58273,26.23063,26.41575,26.87853,27.3228,27.85964,28.58158,28.97032,29.56268,30.09951,30.58081,30.95104,31.19168,31.58042,31.15466,31.17317,31.13615,31.35829,31.48787,31.78405,32.30237,32.3579,32.89473,32.70962,32.65408,32.46897,32.56153,32.69111,32.61706,32.89473,32.74664,33.0058,32.6726,32.82069,32.80218,32.76515,32.85771,32.93175,33.11687,33.22794,33.09836,33.33901,33.30198,33.28347,33.19091,33.19091,33.33901,33.46858,33.30198,33.30198,33.30198,33.46858,33.09836,33.19091,33.13538,33.07985,32.48748,32.3579,31.93214,31.93214,31.32126,30.28463,30.39569,29.59971,29.15543,28.85925,28.65562,27.52643,False,False,False,False,False,False,False,False,False,False,False,False,False,False,False,False,False,False,False,False,False,False,False,False,False,False,False,False,False,False,False,False,False,False,False,False,False,False,False,False,False,False,False,False,True,False,False,False,False,False,False,False,False,False,False,False,False,False,False,False,False,False,False,False,False,False,False,False,False,False,False,False,False,False,False,False,False,False,False,False,False,False,False,False,False,False,False,False,False,False,False,False,False,False,False,False,False,False,False,False,False,False,False,False,False,False,False,False,False,False,False,False,False,False,False,False,False,False,False,False,False,False,False,False,False,False,False,False,False,False,False,False,False,False,False,False,False,False,False,False,False,False,False,False,False,False,False,False,False,False,False,False,False,False,False,False,False,False,False,False,False,False,False,False,False,False,False,False,False,False,False,False,False,False,False,False,False,False,False,False,False,False,False,False,False,False,False,False,False,False,False,False,False,False,False,False,False,False,False,False,False,False,False,False,False,False,False,False,False,False,False,False,False,False,False,False,False,False,False,False,False,False,False,False,False,False,False,False,False,False,False,False,False,False,False,False,False,False,False,False,False,False,False,False,False,False,False,False,False,False,False,False,False,False,False,False,False,False,False,False,False,False,False,False,False,False,False,False,False,False,False,False,False,False,False,False,False,False,False,False,False,False,False,False,False,False,False,False,False,False,False,False,False,False,False,False,False,False,False,False,False,False,False,False,False,False,False,False,False,False,False,False,False,False,False,False,False,False,False,False,False,False,False,False,False,False,False,False,False,False,False,False,False,False,False,False,False,False,False,False,False,False,False,False,False,False,False,False,False,False,False,False,False,False,False,False,False,False,False,False
2019,27.02662,26.10105,25.98999,25.91594,25.91594,25.5272,25.26804,25.26804,25.11995,24.58312,24.58312,24.15736,23.97224,23.97224,23.97224,23.97224,23.97224,23.97224,23.97224,23.97224,23.97224,24.69419,24.80526,25.39762,26.48979,27.58196,28.43349,30.67337,31.82107,32.56153,33.76477,34.67182,35.48633,36.43041,37.02277,37.07831,37.65216,37.96685,38.61475,38.70731,39.78097,40.41035,40.68803,41.26188,41.61359,41.50253,42.07638,41.89127,42.48363,42.13191,42.16894,41.55806,41.22486,40.9657,40.41035,40.35482,40.46589,40.26226,40.26226,40.11417,40.22524,39.70692,39.72543,39.37372,39.22563,38.6888,38.92944,38.65177,38.48517,38.63326,38.61475,38.02239,37.09682,36.5785,36.28232,36.46743,35.74549,35.48633,35.30121,35.19014,34.22755,34.11648,33.91286,33.85732,33.43156,33.07985,33.0058,32.41344,31.72851,31.11764,30.21058,30.11802,29.17394,29.02585,28.9333,28.35944,False,False,False,False,False,False,False,False,False,False,False,False,False,False,False,False,False,False,False,False,False,False,False,False,False,False,False,False,False,False,False,False,False,False,False,False,False,False,False,False,False,False,False,False,False,False,False,False,False,False,False,False,False,False,False,False,True,False,False,False,False,False,False,False,False,False,False,False,False,False,False,False,False,False,False,False,False,False,False,False,False,False,False,False,False,False,False,False,False,False,False,False,False,False,False,False,False,False,False,False,False,False,False,False,False,False,False,False,False,False,False,False,False,False,False,False,False,False,False,False,False,False,False,False,False,False,False,False,False,False,False,False,False,False,False,False,False,False,False,False,False,False,False,False,False,False,False,False,False,False,False,False,False,False,False,False,False,False,False,False,False,False,False,False,False,False,False,False,False,False,False,False,False,False,False,False,False,False,False,False,False,False,False,False,False,False,False,False,False,False,False,False,False,False,False,False,False,False,False,False,False,False,False,False,False,False,False,False,False,False,False,False,False,False,False,False,False,False,False,False,False,False,False,False,False,False,False,False,False,False,False,False,False,False,False,False,False,False,False,False,False,False,False,False,False,False,False,False,False,False,False,False,False,False,False,False,False,False,False,False,False,False,False,False,False,False,False,False,False,False,False,False,False,False,False,False,False,False,False,False,False,False,False,False,False,False,False,False,False,False,False,False,False,False,False,False,False,False,False,False,False,False,False,False,False,False,False,False,False,False,False,False,False,False,False,False,False,False,False,False,False,False,False,False,False,False,False,False,False,False,False,False,False,False,False,False,False,False,False,False,False,False,False,False,False,False,False,False,False,False,False,False,False,False,False,False,False,False,False,False
2019,27.74857,26.823,26.41575,26.41575,26.41575,25.73083,25.49018,25.61976,25.28655,24.82377,24.82377,24.82377,23.86118,24.12034,24.21289,24.21289,24.21289,24.21289,24.21289,24.21289,24.21289,24.93484,25.37911,25.78636,26.86002,27.84112,28.63711,30.02547,31.85809,33.02431,33.9869,35.35675,36.9117,37.54109,37.94834,38.42964,39.07753,39.78097,40.07715,40.24375,40.16971,41.35444,41.70615,42.28,42.57619,43.22409,43.20557,43.15004,42.94641,42.85386,42.28,42.26149,42.24298,42.5947,42.09489,42.15042,42.65023,42.85386,43.29813,43.50176,43.48324,43.50176,43.68687,44.07561,44.5569,45.07522,44.96416,45.48247,45.38992,44.63095,44.63095,44.09412,41.89127,41.09528,40.8176,40.79909,39.92906,39.54032,39.6699,39.35521,38.55922,38.5407,38.13345,37.81876,37.44853,36.63403,35.48633,35.04205,34.26457,33.52412,32.82069,32.17279,31.74703,30.78443,30.45123,29.59971,False,False,False,False,False,False,False,False,False,False,False,False,False,False,False,False,False,False,False,False,False,False,False,False,False,False,False,False,False,False,False,False,False,False,False,False,False,False,False,False,False,False,False,False,False,False,False,False,False,False,False,False,False,False,False,False,False,False,False,False,False,False,False,False,False,False,False,False,True,False,False,False,False,False,False,False,False,False,False,False,False,False,False,False,False,False,False,False,False,False,False,False,False,False,False,False,False,False,False,False,False,False,False,False,False,False,False,False,False,False,False,False,False,False,False,False,False,False,False,False,False,False,False,False,False,False,False,False,False,False,False,False,False,False,False,False,False,False,False,False,False,False,False,False,False,False,False,False,False,False,False,False,False,False,False,False,False,False,False,False,False,False,False,False,False,False,False,False,False,False,False,False,False,False,False,False,False,False,False,False,False,False,False,False,False,False,False,False,False,False,False,False,False,False,False,False,False,False,False,False,False,False,False,False,False,False,False,False,False,False,False,False,False,False,False,False,False,False,False,False,False,False,False,False,False,False,False,False,False,False,False,False,False,False,False,False,False,False,False,False,False,False,False,False,False,False,False,False,False,False,False,False,False,False,False,False,False,False,False,False,False,False,False,False,False,False,False,False,False,False,False,False,False,False,False,False,False,False,False,False,False,False,False,False,False,False,False,False,False,False,False,False,False,False,False,False,False,False,False,False,False,False,False,False,False,False,False,False,False,False,False,False,False,False,False,False,False,False,False,False,False,False,False,False,False,False,False,False,False,False,False,False,False,False,False,False,False,False,False,False,False,False,False,False,False,False,False,False,False,False,False,False,False,False,False,False,False,False,False,False
2019,28.60009,28.02624,28.02624,28.02624,27.85964,27.84112,27.56345,26.6564,26.54533,26.43426,25.97147,25.97147,25.97147,25.97147,25.97147,25.87892,25.43464,25.26804,25.26804,25.26804,25.95296,26.15659,26.15659,26.87853,27.9707,28.95181,29.95142,31.0621,33.13538,34.70885,35.63442,36.48594,37.7262,38.65177,38.79986,39.09605,39.57734,39.70692,40.11417,40.33631,40.24375,40.29929,40.04013,40.04013,40.22524,40.3178,40.61398,40.4844,40.42887,40.05864,39.65139,39.98459,39.98459,39.98459,39.98459,39.74394,39.31818,39.29967,38.74433,39.04051,38.89242,38.72582,38.91093,39.20711,38.91093,38.81838,38.41112,38.50368,38.2075,38.0409,38.30006,37.63365,37.20788,36.2638,36.02316,36.02316,34.98652,35.06056,34.98652,34.98652,34.74587,34.28309,33.72774,32.82069,32.20981,31.46936,30.71039,30.09951,29.76631,29.15543,28.56307,27.78559,27.4709,26.80449,26.36021,25.73083,False,False,False,False,False,False,False,False,False,False,False,False,False,False,False,False,False,False,False,False,False,False,False,False,False,False,False,False,False,False,False,False,False,False,False,False,False,False,False,False,False,False,False,False,False,False,False,False,False,False,False,False,False,False,False,False,False,False,False,False,False,False,False,False,False,False,False,False,False,False,False,False,False,False,False,False,False,False,False,False,True,False,False,False,False,False,False,False,False,False,False,False,False,False,False,False,False,False,False,False,False,False,False,False,False,False,False,False,False,False,False,False,False,False,False,False,False,False,False,False,False,False,False,False,False,False,False,False,False,False,False,False,False,False,False,False,False,False,False,False,False,False,False,False,False,False,False,False,False,False,False,False,False,False,False,False,False,False,False,False,False,False,False,False,False,False,False,False,False,False,False,False,False,False,False,False,False,False,False,False,False,False,False,False,False,False,False,False,False,False,False,False,False,False,False,False,False,False,False,False,False,False,False,False,False,False,False,False,False,False,False,False,False,False,False,False,False,False,False,False,False,False,False,False,False,False,False,False,False,False,False,False,False,False,False,False,False,False,False,False,False,False,False,False,False,False,False,False,False,False,False,False,False,False,False,False,False,False,False,False,False,False,False,False,False,False,False,False,False,False,False,False,False,False,False,False,False,False,False,False,False,False,False,False,False,False,False,False,False,False,False,False,False,False,False,False,False,False,False,False,False,False,False,False,False,False,False,False,False,False,False,False,False,False,False,False,False,False,False,False,False,False,False,False,False,False,False,False,False,False,False,False,False,False,False,False,False,False,False,False,False,False,False,False,False,False,False,False,False,False,False,False,False,False,False,False,False,False,False,False
2019,25.26804,24.76823,24.5461,24.26843,23.91671,23.52797,23.19477,23.19477,22.99114,22.49133,22.49133,22.49133,22.49133,22.49133,22.49133,22.49133,22.49133,22.49133,22.49133,22.49133,22.50984,22.52836,23.21328,23.45393,24.39801,25.50869,26.21212,26.823,28.65562,29.61822,30.04398,30.7289,31.56191,32.33939,32.32088,32.43195,32.70962,33.39454,33.32049,33.35752,33.4871,33.9869,33.80179,33.94988,34.35713,34.07946,34.15351,33.89435,34.24606,34.26457,34.74587,34.20904,33.96839,33.94988,34.09797,34.07946,34.04244,34.13499,34.35713,34.00542,33.91286,33.87584,33.94988,33.89435,33.4871,33.50561,33.39454,33.28347,33.50561,33.59816,33.04282,33.41305,32.15428,31.5434,31.5434,31.56191,31.00657,31.00657,31.15466,31.09913,30.76592,30.87699,30.37718,30.04398,29.59971,29.72929,29.13692,28.97032,28.76669,28.48902,27.89666,27.54494,26.48979,26.02701,25.41613,24.95335,False,False,False,False,False,False,False,False,False,False,False,False,False,False,False,False,False,False,False,False,False,False,False,False,False,False,False,False,False,False,False,False,False,False,False,False,False,False,False,False,False,False,False,False,False,False,False,False,False,False,False,False,False,False,False,False,False,False,False,False,False,False,False,False,False,False,False,False,False,False,False,False,False,False,False,False,False,False,False,False,False,False,False,False,False,False,False,False,False,False,False,True,False,False,False,False,False,False,False,False,False,False,False,False,False,False,False,False,False,False,False,False,False,False,False,False,False,False,False,False,False,False,False,False,False,False,False,False,False,False,False,False,False,False,False,False,False,False,False,False,False,False,False,False,False,False,False,False,False,False,False,False,False,False,False,False,False,False,False,False,False,False,False,False,False,False,False,False,False,False,False,False,False,False,False,False,False,False,False,False,False,False,False,False,False,False,False,False,False,False,False,False,False,False,False,False,False,False,False,False,False,False,False,False,False,False,False,False,False,False,False,False,False,False,False,False,False,False,False,False,False,False,False,False,False,False,False,False,False,False,False,False,False,False,False,False,False,False,False,False,False,False,False,False,False,False,False,False,False,False,False,False,False,False,False,False,False,False,False,False,False,False,False,False,False,False,False,False,False,False,False,False,False,False,False,False,False,False,False,False,False,False,False,False,False,False,False,False,False,False,False,False,False,False,False,False,False,False,False,False,False,False,False,False,False,False,False,False,False,False,False,False,False,False,False,False,False,False,False,False,False,False,False,False,False,False,False,False,False,False,False,False,False,False,False,False,False,False,False,False,False,False,False,False,False,False,False,False,False,False,False,False,False,False,False,False,False,False,False,False
2019,24.47205,24.21289,24.21289,23.84266,23.60202,22.82454,22.80603,22.56538,22.50984,22.52836,21.99153,21.99153,22.15813,22.10259,22.10259,22.10259,22.10259,22.10259,22.10259,22.10259,22.10259,22.73198,22.769,22.769,23.69457,24.74972,25.39762,26.21212,27.71154,29.00734,29.72929,30.35867,31.13615,31.80256,32.17279,32.43195,32.82069,32.82069,32.93175,33.50561,34.43118,33.89435,33.93137,33.83881,33.9869,34.02393,34.02393,34.44969,34.43118,33.93137,34.56076,34.3016,34.39415,34.43118,34.41267,34.32011,34.57927,35.02354,35.33823,34.98652,34.74587,34.56076,34.56076,34.41267,34.87545,34.61629,34.26457,34.11648,34.48671,34.43118,34.24606,33.74626,32.69111,32.37641,32.13577,32.00619,31.58042,31.33978,31.3768,31.67298,31.59893,31.41382,30.98806,30.98806,30.82146,30.19207,29.82184,29.54417,29.11841,28.87776,28.60009,28.21135,27.85964,27.52643,26.84151,26.39724,False,False,False,False,False,False,False,False,False,False,False,False,False,False,False,False,False,False,False,False,False,False,False,False,False,False,False,False,False,False,False,False,False,False,False,False,False,False,False,False,False,False,False,False,False,False,False,False,False,False,False,False,False,False,False,False,False,False,False,False,False,False,False,False,False,False,False,False,False,False,False,False,False,False,False,False,False,False,False,False,False,False,False,False,False,False,False,False,False,False,False,False,False,False,False,False,False,False,False,False,False,False,False,True,False,False,False,False,False,False,False,False,False,False,False,False,False,False,False,False,False,False,False,False,False,False,False,False,False,False,False,False,False,False,False,False,False,False,False,False,False,False,False,False,False,False,False,False,False,False,False,False,False,False,False,False,False,False,False,False,False,False,False,False,False,False,False,False,False,False,False,False,False,False,False,False,False,False,False,False,False,False,False,False,False,False,False,False,False,False,False,False,False,False,False,False,False,False,False,False,False,False,False,False,False,False,False,False,False,False,False,False,False,False,False,False,False,False,False,False,False,False,False,False,False,False,False,False,False,False,False,False,False,False,False,False,False,False,False,False,False,False,False,False,False,False,False,False,False,False,False,False,False,False,False,False,False,False,False,False,False,False,False,False,False,False,False,False,False,False,False,False,False,False,False,False,False,False,False,False,False,False,False,False,False,False,False,False,False,False,False,False,False,False,False,False,False,False,False,False,False,False,False,False,False,False,False,False,False,False,False,False,False,False,False,False,False,False,False,False,False,False,False,False,False,False,False,False,False,False,False,False,False,False,False,False,False,False,False,False,False,False,False,False,False,False,False,False,False,False,False,False,False,False,False,False,False,False,False,False
2019,25.97147,25.32358,25.10144,24.82377,24.26843,23.52797,23.32435,23.32435,23.32435,22.73198,22.71347,22.71347,22.06557,21.99153,21.99153,21.99153,21.99153,21.99153,21.99153,21.99153,22.21366,22.63942,22.63942,22.63942,22.63942,22.99114,23.32435,23.76862,24.24991,24.80526,25.17548,25.60125,26.24914,26.48979,27.10067,27.69303,28.10028,28.21135,28.48902,28.69265,29.30352,29.41459,29.41459,29.35906,29.71077,29.78482,29.65524,29.71077,29.71077,30.54379,30.43272,30.28463,30.46974,30.74741,30.26612,30.081,29.80333,30.081,30.15505,30.34016,29.7478,29.78482,29.67375,29.89589,29.71077,29.28501,29.96993,30.02547,30.35867,30.43272,30.43272,30.46974,30.69188,30.71039,30.58081,30.65485,30.54379,30.69188,30.71039,30.74741,30.91401,30.91401,30.91401,30.52527,30.28463,30.09951,30.00696,29.85886,29.58119,29.54417,28.91478,28.63711,27.85964,27.65601,27.52643,26.91555,False,False,False,False,False,False,False,False,False,False,False,False,False,False,False,False,False,False,False,False,False,False,False,False,False,False,False,False,False,False,False,False,False,False,False,False,False,False,False,False,False,False,False,False,False,False,False,False,False,False,False,False,False,False,False,False,False,False,False,False,False,False,False,False,False,False,False,False,False,False,False,False,False,False,False,False,False,False,False,False,False,False,False,False,False,False,False,False,False,False,False,False,False,False,False,False,False,False,False,False,False,False,False,False,False,False,False,False,False,False,False,False,False,False,False,True,False,False,False,False,False,False,False,False,False,False,False,False,False,False,False,False,False,False,False,False,False,False,False,False,False,False,False,False,False,False,False,False,False,False,False,False,False,False,False,False,False,False,False,False,False,False,False,False,False,False,False,False,False,False,False,False,False,False,False,False,False,False,False,False,False,False,False,False,False,False,False,False,False,False,False,False,False,False,False,False,False,False,False,False,False,False,False,False,False,False,False,False,False,False,False,False,False,False,False,False,False,False,False,False,False,False,False,False,False,False,False,False,False,False,False,False,False,False,False,False,False,False,False,False,False,False,False,False,False,False,False,False,False,False,False,False,False,False,False,False,False,False,False,False,False,False,False,False,False,False,False,False,False,False,False,False,False,False,False,False,False,False,False,False,False,False,False,False,False,False,False,False,False,False,False,False,False,False,False,False,False,False,False,False,False,False,False,False,False,False,False,False,False,False,False,False,False,False,False,False,False,False,False,False,False,False,False,False,False,False,False,False,False,False,False,False,False,False,False,False,False,False,False,False,False,False,False,False,False,False,False,False,False,False,False,False,False,False,False,False,False,False,False,False
2019,26.58235,26.13808,25.41613,25.17548,25.13846,24.67568,23.91671,23.76862,23.76862,23.28732,22.93561,22.93561,22.93561,22.93561,22.69496,22.54687,22.34324,22.17664,22.10259,22.10259,22.10259,22.10259,22.36175,22.17664,22.32473,22.69496,22.88007,23.32435,23.30583,23.2503,23.82415,24.15736,24.65717,25.06442,25.37911,26.06403,26.95258,27.61899,27.76708,27.87815,28.15582,28.452,28.452,28.84074,29.35906,29.58119,29.56268,29.56268,30.081,30.081,29.69226,29.71077,29.48864,29.50715,29.47013,29.47013,29.47013,29.47013,29.24799,29.15543,29.13692,29.17394,29.63673,29.63673,29.59971,29.69226,29.21097,29.39608,29.58119,29.95142,30.26612,30.11802,30.081,29.85886,30.45123,30.28463,29.98844,30.2476,30.21058,30.17356,30.46974,30.37718,23.45393,0.03702,8.57077,27.85964,27.56345,26.87853,26.823,26.87853,26.5083,26.13808,25.58273,25.24953,24.93484,24.37949,False,False,False,False,False,False,False,False,False,False,False,False,False,False,False,False,False,False,False,False,False,False,False,False,False,False,False,False,False,False,False,False,False,False,False,False,False,False,False,False,False,False,False,False,False,False,False,False,False,False,False,False,False,False,False,False,False,False,False,False,False,False,False,False,False,False,False,False,False,False,False,False,False,False,False,False,False,False,False,False,False,False,False,False,False,False,False,False,False,False,False,False,False,False,False,False,False,False,False,False,False,False,False,False,False,False,False,False,False,False,False,False,False,False,False,False,False,False,False,False,False,False,False,False,False,False,False,True,False,False,False,False,False,False,False,False,False,False,False,False,False,False,False,False,False,False,False,False,False,False,False,False,False,False,False,False,False,False,False,False,False,False,False,False,False,False,False,False,False,False,False,False,False,False,False,False,False,False,False,False,False,False,False,False,False,False,False,False,False,False,False,False,False,False,False,False,False,False,False,False,False,False,False,False,False,False,False,False,False,False,False,False,False,False,False,False,False,False,False,False,False,False,False,False,False,False,False,False,False,False,False,False,False,False,False,False,False,False,False,False,False,False,False,False,False,False,False,False,False,False,False,False,False,False,False,False,False,False,False,False,False,False,False,False,False,False,False,False,False,False,False,False,False,False,False,False,False,False,False,False,False,False,False,False,False,False,False,False,False,False,False,False,False,False,False,False,False,False,False,False,False,False,False,False,False,False,False,False,False,False,False,False,False,False,False,False,False,False,False,False,False,False,False,False,False,False,False,False,False,False,False,False,False,False,False,False,False,False,False,False,False,False,False,False,False,False,False,False,False,False,False,False,False,False,False,False,False,False,False,False
2019,24.5461,25.30506,24.36098,24.36098,23.95373,23.60202,23.0837,23.0837,23.0837,22.80603,22.25069,22.25069,22.25069,22.04706,21.41767,22.08408,22.02855,21.60279,21.97301,22.21366,22.21366,22.21366,22.50984,23.47244,24.19438,25.02739,25.76785,26.67491,27.87815,29.28501,29.85886,30.74741,31.93214,32.43195,33.15389,33.63519,34.07946,34.22755,34.72736,35.20866,35.57888,35.70846,35.98613,36.07869,36.37487,36.59701,36.67105,36.4119,36.5785,36.50445,36.63403,36.63403,36.81915,36.68957,36.72659,36.7451,36.96724,36.9117,36.78212,36.5785,36.0972,36.02316,36.07869,36.52296,36.24529,36.06018,35.81953,35.85655,35.31972,35.09759,34.91247,34.91247,33.70923,33.1724,32.91324,33.22794,32.24683,32.17279,31.95065,31.87661,31.69149,31.24722,31.08062,30.69188,30.11802,29.84035,29.67375,29.39608,28.84074,28.13731,27.82261,27.37834,26.71193,26.23063,25.93445,25.43464,False,False,False,False,False,False,False,False,False,False,False,False,False,False,False,False,False,False,False,False,False,False,False,False,False,False,False,False,False,False,False,False,False,False,False,False,False,False,False,False,False,False,False,False,False,False,False,False,False,False,False,False,False,False,False,False,False,False,False,False,False,False,False,False,False,False,False,False,False,False,False,False,False,False,False,False,False,False,False,False,False,False,False,False,False,False,False,False,False,False,False,False,False,False,False,False,False,False,False,False,False,False,False,False,False,False,False,False,False,False,False,False,False,False,False,False,False,False,False,False,False,False,False,False,False,False,False,False,False,False,False,False,False,False,False,False,False,False,False,True,False,False,False,False,False,False,False,False,False,False,False,False,False,False,False,False,False,False,False,False,False,False,False,False,False,False,False,False,False,False,False,False,False,False,False,False,False,False,False,False,False,False,False,False,False,False,False,False,False,False,False,False,False,False,False,False,False,False,False,False,False,False,False,False,False,False,False,False,False,False,False,False,False,False,False,False,False,False,False,False,False,False,False,False,False,False,False,False,False,False,False,False,False,False,False,False,False,False,False,False,False,False,False,False,False,False,False,False,False,False,False,False,False,False,False,False,False,False,False,False,False,False,False,False,False,False,False,False,False,False,False,False,False,False,False,False,False,False,False,False,False,False,False,False,False,False,False,False,False,False,False,False,False,False,False,False,False,False,False,False,False,False,False,False,False,False,False,False,False,False,False,False,False,False,False,False,False,False,False,False,False,False,False,False,False,False,False,False,False,False,False,False,False,False,False,False,False,False,False,False,False,False,False,False,False,False,False,False,False,False,False,False,False,False,False,False,False,False,False,False
2019,25.45315,24.97186,24.41652,24.32396,24.32396,23.69457,23.63904,23.63904,23.58351,23.02816,23.02816,22.56538,22.38027,22.38027,22.38027,22.62091,22.38027,22.38027,22.38027,22.38027,22.9171,22.99114,23.52797,24.10182,24.76823,25.43464,26.32319,27.41536,28.89627,30.081,31.17317,32.28386,32.87622,33.76477,34.20904,34.85694,35.43079,36.07869,36.35636,36.7451,37.02277,37.26342,37.67067,37.44853,37.13384,37.05979,37.13384,37.17086,37.20788,37.46704,37.74471,37.70769,38.48517,38.48517,38.35559,38.15197,38.33708,38.33708,38.02239,38.0409,38.00387,38.07792,37.89281,37.74471,37.92983,37.92983,38.11494,38.0409,37.80025,37.46704,37.15235,36.50445,35.30121,34.65331,34.44969,34.56076,34.24606,33.9869,33.63519,33.6537,33.57965,33.41305,32.6726,32.20981,32.15428,31.41382,30.74741,30.45123,29.93291,29.71077,28.6186,28.39647,27.71154,27.19323,26.823,26.19361,False,False,False,False,False,False,False,False,False,False,False,False,False,False,False,False,False,False,False,False,False,False,False,False,False,False,False,False,False,False,False,False,False,False,False,False,False,False,False,False,False,False,False,False,False,False,False,False,False,False,False,False,False,False,False,False,False,False,False,False,False,False,False,False,False,False,False,False,False,False,False,False,False,False,False,False,False,False,False,False,False,False,False,False,False,False,False,False,False,False,False,False,False,False,False,False,False,False,False,False,False,False,False,False,False,False,False,False,False,False,False,False,False,False,False,False,False,False,False,False,False,False,False,False,False,False,False,False,False,False,False,False,False,False,False,False,False,False,False,False,False,False,False,False,False,False,False,False,False,False,False,True,False,False,False,False,False,False,False,False,False,False,False,False,False,False,False,False,False,False,False,False,False,False,False,False,False,False,False,False,False,False,False,False,False,False,False,False,False,False,False,False,False,False,False,False,False,False,False,False,False,False,False,False,False,False,False,False,False,False,False,False,False,False,False,False,False,False,False,False,False,False,False,False,False,False,False,False,False,False,False,False,False,False,False,False,False,False,False,False,False,False,False,False,False,False,False,False,False,False,False,False,False,False,False,False,False,False,False,False,False,False,False,False,False,False,False,False,False,False,False,False,False,False,False,False,False,False,False,False,False,False,False,False,False,False,False,False,False,False,False,False,False,False,False,False,False,False,False,False,False,False,False,False,False,False,False,False,False,False,False,False,False,False,False,False,False,False,False,False,False,False,False,False,False,False,False,False,False,False,False,False,False,False,False,False,False,False,False,False,False,False,False,False,False,False,False,False,False,False,False,False,False,False,False,False,False,False,False,False
2019,25.93445,25.58273,25.30506,25.26804,24.41652,24.41652,24.41652,24.41652,23.69457,23.65755,23.65755,23.65755,23.00965,22.95412,22.99114,22.9171,22.9171,22.9171,22.9171,22.9171,23.47244,23.65755,24.19438,24.24991,25.24953,26.1751,26.89704,27.43387,29.21097,30.46974,31.35829,32.00619,32.65408,33.4871,33.83881,34.32011,34.50522,35.07908,35.31972,35.91209,35.9306,35.9306,36.15274,35.96762,35.96762,36.67105,36.80063,36.30083,36.65254,36.65254,36.70808,36.61552,36.80063,36.96724,36.96724,37.46704,37.54109,37.54109,37.44853,37.2264,36.63403,36.65254,36.52296,36.52296,36.68957,36.80063,36.96724,36.81915,36.7451,36.52296,36.20827,35.96762,34.8014,34.57927,34.65331,34.35713,33.59816,33.07985,33.6537,33.57965,33.19091,33.50561,33.24645,32.96878,32.1913,31.74703,31.35829,30.96955,30.48825,30.30314,29.34055,28.87776,28.10028,27.82261,27.02662,26.71193,False,False,False,False,False,False,False,False,False,False,False,False,False,False,False,False,False,False,False,False,False,False,False,False,False,False,False,False,False,False,False,False,False,False,False,False,False,False,False,False,False,False,False,False,False,False,False,False,False,False,False,False,False,False,False,False,False,False,False,False,False,False,False,False,False,False,False,False,False,False,False,False,False,False,False,False,False,False,False,False,False,False,False,False,False,False,False,False,False,False,False,False,False,False,False,False,False,False,False,False,False,False,False,False,False,False,False,False,False,False,False,False,False,False,False,False,False,False,False,False,False,False,False,False,False,False,False,False,False,False,False,False,False,False,False,False,False,False,False,False,False,False,False,False,False,False,False,False,False,False,False,False,False,False,False,False,False,False,False,False,False,False,False,True,False,False,False,False,False,False,False,False,False,False,False,False,False,False,False,False,False,False,False,False,False,False,False,False,False,False,False,False,False,False,False,False,False,False,False,False,False,False,False,False,False,False,False,False,False,False,False,False,False,False,False,False,False,False,False,False,False,False,False,False,False,False,False,False,False,False,False,False,False,False,False,False,False,False,False,False,False,False,False,False,False,False,False,False,False,False,False,False,False,False,False,False,False,False,False,False,False,False,False,False,False,False,False,False,False,False,False,False,False,False,False,False,False,False,False,False,False,False,False,False,False,False,False,False,False,False,False,False,False,False,False,False,False,False,False,False,False,False,False,False,False,False,False,False,False,False,False,False,False,False,False,False,False,False,False,False,False,False,False,False,False,False,False,False,False,False,False,False,False,False,False,False,False,False,False,False,False,False,False,False,False,False,False,False,False,False,False,False,False,False,False,False,False,False,False,False
2019,26.1751,25.86041,25.76785,25.194,25.194,25.02739,24.47205,24.47205,24.30545,23.75011,23.84266,23.69457,23.10221,23.10221,23.10221,23.10221,23.36137,23.10221,23.10221,23.15774,23.45393,23.4169,23.56499,24.58312,25.06442,26.11956,26.76746,27.45238,29.04436,30.15505,31.0621,32.20981,33.63519,34.24606,34.8014,35.48633,35.85655,36.20827,36.31934,36.39338,36.9117,37.04128,37.04128,37.67067,37.48556,37.91132,38.41112,37.96685,37.94834,37.76323,37.31895,36.65254,36.63403,36.43041,36.80063,37.02277,36.61552,36.13422,36.30083,35.81953,35.81953,35.81953,35.50484,35.46781,34.9495,34.76438,34.91247,34.83843,35.04205,34.72736,34.70885,34.35713,33.45007,32.98729,32.96878,32.5245,32.30237,31.91363,31.91363,31.80256,31.69149,31.43233,31.13615,30.5623,30.11802,30.02547,29.89589,29.65524,29.19245,28.52604,28.17433,27.60048,27.24876,26.86002,26.39724,26.0085,False,False,False,False,False,False,False,False,False,False,False,False,False,False,False,False,False,False,False,False,False,False,False,False,False,False,False,False,False,False,False,False,False,False,False,False,False,False,False,False,False,False,False,False,False,False,False,False,False,False,False,False,False,False,False,False,False,False,False,False,False,False,False,False,False,False,False,False,False,False,False,False,False,False,False,False,False,False,False,False,False,False,False,False,False,False,False,False,False,False,False,False,False,False,False,False,False,False,False,False,False,False,False,False,False,False,False,False,False,False,False,False,False,False,False,False,False,False,False,False,False,False,False,False,False,False,False,False,False,False,False,False,False,False,False,False,False,False,False,False,False,False,False,False,False,False,False,False,False,False,False,False,False,False,False,False,False,False,False,False,False,False,False,False,False,False,False,False,False,False,False,False,False,False,False,True,False,False,False,False,False,False,False,False,False,False,False,False,False,False,False,False,False,False,False,False,False,False,False,False,False,False,False,False,False,False,False,False,False,False,False,False,False,False,False,False,False,False,False,False,False,False,False,False,False,False,False,False,False,False,False,False,False,False,False,False,False,False,False,False,False,False,False,False,False,False,False,False,False,False,False,False,False,False,False,False,False,False,False,False,False,False,False,False,False,False,False,False,False,False,False,False,False,False,False,False,False,False,False,False,False,False,False,False,False,False,False,False,False,False,False,False,False,False,False,False,False,False,False,False,False,False,False,False,False,False,False,False,False,False,False,False,False,False,False,False,False,False,False,False,False,False,False,False,False,False,False,False,False,False,False,False,False,False,False,False,False,False,False,False,False,False,False,False,False,False,False,False,False,False,False,False,False,False,False,False,False,False,False,False
2019,25.39762,25.10144,24.5461,24.49056,23.87969,23.43541,23.0837,23.0837,23.0837,22.97263,22.47282,22.47282,22.47282,22.47282,22.47282,22.47282,21.89897,22.25069,22.10259,22.36175,22.73198,23.02816,23.37988,23.63904,24.32396,24.99037,25.6938,26.41575,27.85964,28.80372,29.47013,30.37718,31.35829,32.08023,32.50599,32.69111,32.8392,33.20943,33.4871,33.4871,33.70923,33.78328,34.19053,33.96839,33.94988,34.17202,33.91286,34.02393,34.44969,32.93175,31.80256,33.50561,33.74626,34.00542,35.19014,35.13461,35.04205,34.8014,34.67182,34.39415,34.48671,34.65331,34.44969,34.3016,34.4682,34.78289,34.26457,34.33862,33.91286,33.87584,33.85732,33.67221,32.87622,32.43195,32.0247,31.65447,31.48787,31.43233,30.91401,31.3768,31.41382,31.19168,30.95104,30.48825,30.35867,30.11802,29.54417,29.54417,29.15543,28.91478,28.2854,28.00773,27.52643,27.52643,26.9896,26.26766,False,False,False,False,False,False,False,False,False,False,False,False,False,False,False,False,False,False,False,False,False,False,False,False,False,False,False,False,False,False,False,False,False,False,False,False,False,False,False,False,False,False,False,False,False,False,False,False,False,False,False,False,False,False,False,False,False,False,False,False,False,False,False,False,False,False,False,False,False,False,False,False,False,False,False,False,False,False,False,False,False,False,False,False,False,False,False,False,False,False,False,False,False,False,False,False,False,False,False,False,False,False,False,False,False,False,False,False,False,False,False,False,False,False,False,False,False,False,False,False,False,False,False,False,False,False,False,False,False,False,False,False,False,False,False,False,False,False,False,False,False,False,False,False,False,False,False,False,False,False,False,False,False,False,False,False,False,False,False,False,False,False,False,False,False,False,False,False,False,False,False,False,False,False,False,False,False,False,False,False,False,False,False,False,False,False,False,True,False,False,False,False,False,False,False,False,False,False,False,False,False,False,False,False,False,False,False,False,False,False,False,False,False,False,False,False,False,False,False,False,False,False,False,False,False,False,False,False,False,False,False,False,False,False,False,False,False,False,False,False,False,False,False,False,False,False,False,False,False,False,False,False,False,False,False,False,False,False,False,False,False,False,False,False,False,False,False,False,False,False,False,False,False,False,False,False,False,False,False,False,False,False,False,False,False,False,False,False,False,False,False,False,False,False,False,False,False,False,False,False,False,False,False,False,False,False,False,False,False,False,False,False,False,False,False,False,False,False,False,False,False,False,False,False,False,False,False,False,False,False,False,False,False,False,False,False,False,False,False,False,False,False,False,False,False,False,False,False,False,False,False,False,False,False,False,False,False,False,False,False
2019,26.11956,25.60125,25.49018,25.11995,24.65717,24.50907,23.80564,23.2503,23.39839,23.63904,22.99114,22.99114,22.78752,22.97263,22.65794,22.36175,22.36175,22.36175,22.36175,22.36175,22.04706,22.04706,22.52836,23.0837,23.0837,23.0837,23.47244,23.75011,24.13885,24.47205,25.11995,25.41613,26.39724,27.00811,27.54494,27.87815,28.41498,28.47051,28.98883,29.47013,28.72967,27.61899,28.48902,29.52566,29.61822,29.93291,30.04398,30.04398,30.04398,30.06249,29.93291,29.93291,29.45161,29.71077,29.67375,29.2665,29.82184,30.00696,30.04398,30.06249,29.84035,29.58119,29.50715,29.69226,29.85886,29.69226,29.52566,29.67375,29.96993,29.52566,30.02547,30.17356,30.2476,30.32165,30.2476,30.21058,29.76631,29.82184,29.65524,30.21058,30.48825,30.46974,30.41421,29.96993,29.95142,29.71077,29.71077,29.71077,29.13692,28.52604,28.41498,27.82261,27.82261,27.73006,26.86002,26.58235,False,False,False,False,False,False,False,False,False,False,False,False,False,False,False,False,False,False,False,False,False,False,False,False,False,False,False,False,False,False,False,False,False,False,False,False,False,False,False,False,False,False,False,False,False,False,False,False,False,False,False,False,False,False,False,False,False,False,False,False,False,False,False,False,False,False,False,False,False,False,False,False,False,False,False,False,False,False,False,False,False,False,False,False,False,False,False,False,False,False,False,False,False,False,False,False,False,False,False,False,False,False,False,False,False,False,False,False,False,False,False,False,False,False,False,False,False,False,False,False,False,False,False,False,False,False,False,False,False,False,False,False,False,False,False,False,False,False,False,False,False,False,False,False,False,False,False,False,False,False,False,False,False,False,False,False,False,False,False,False,False,False,False,False,False,False,False,False,False,False,False,False,False,False,False,False,False,False,False,False,False,False,False,False,False,False,False,False,False,False,False,False,False,False,False,False,False,False,False,True,False,False,False,False,False,False,False,False,False,False,False,False,False,False,False,False,False,False,False,False,False,False,False,False,False,False,False,False,False,False,False,False,False,False,False,False,False,False,False,False,False,False,False,False,False,False,False,False,False,False,False,False,False,False,False,False,False,False,False,False,False,False,False,False,False,False,False,False,False,False,False,False,False,False,False,False,False,False,False,False,False,False,False,False,False,False,False,False,False,False,False,False,False,False,False,False,False,False,False,False,False,False,False,False,False,False,False,False,False,False,False,False,False,False,False,False,False,False,False,False,False,False,False,False,False,False,False,False,False,False,False,False,False,False,False,False,False,False,False,False,False,False,False,False,False,False,False,False,False,False,False,False,False,False,False,False,False,False,False,False
2019,25.98999,25.65678,25.65678,25.0459,24.93484,24.37949,24.19438,23.8982,23.47244,23.19477,23.19477,23.19477,22.69496,22.38027,22.38027,22.38027,22.38027,21.76939,21.88046,21.82492,21.82492,21.82492,22.30622,22.52836,22.52836,22.52836,22.82454,23.19477,23.52797,24.12034,24.52759,24.63865,25.13846,25.47167,26.08254,26.84151,27.39685,27.26727,27.54494,27.84112,27.98921,28.04475,28.34093,28.39647,28.87776,28.95181,28.80372,29.02585,28.95181,29.34055,29.37757,28.82223,28.9333,28.95181,28.95181,29.37757,29.22948,29.19245,29.19245,29.24799,29.17394,29.00734,28.80372,29.08139,29.08139,29.08139,28.7852,28.84074,28.98883,29.37757,29.37757,29.37757,29.30352,29.0999,29.17394,29.17394,29.22948,29.17394,29.37757,29.34055,29.0999,29.0999,29.21097,29.24799,29.08139,28.6186,28.41498,27.9707,27.74857,27.11918,26.61937,26.30468,25.98999,25.49018,24.95335,24.74972,False,False,False,False,False,False,False,False,False,False,False,False,False,False,False,False,False,False,False,False,False,False,False,False,False,False,False,False,False,False,False,False,False,False,False,False,False,False,False,False,False,False,False,False,False,False,False,False,False,False,False,False,False,False,False,False,False,False,False,False,False,False,False,False,False,False,False,False,False,False,False,False,False,False,False,False,False,False,False,False,False,False,False,False,False,False,False,False,False,False,False,False,False,False,False,False,False,False,False,False,False,False,False,False,False,False,False,False,False,False,False,False,False,False,False,False,False,False,False,False,False,False,False,False,False,False,False,False,False,False,False,False,False,False,False,False,False,False,False,False,False,False,False,False,False,False,False,False,False,False,False,False,False,False,False,False,False,False,False,False,False,False,False,False,False,False,False,False,False,False,False,False,False,False,False,False,False,False,False,False,False,False,False,False,False,False,False,False,False,False,False,False,False,False,False,False,False,False,False,False,False,False,False,False,False,False,False,False,False,False,False,True,False,False,False,False,False,False,False,False,False,False,False,False,False,False,False,False,False,False,False,False,False,False,False,False,False,False,False,False,False,False,False,False,False,False,False,False,False,False,False,False,False,False,False,False,False,False,False,False,False,False,False,False,False,False,False,False,False,False,False,False,False,False,False,False,False,False,False,False,False,False,False,False,False,False,False,False,False,False,False,False,False,False,False,False,False,False,False,False,False,False,False,False,False,False,False,False,False,False,False,False,False,False,False,False,False,False,False,False,False,False,False,False,False,False,False,False,False,False,False,False,False,False,False,False,False,False,False,False,False,False,False,False,False,False,False,False,False,False,False,False,False,False,False,False,False,False,False,False
2019,24.17587,23.93522,23.93522,24.0648,23.4169,23.36137,23.10221,22.75049,22.75049,22.12111,22.17664,21.99153,21.99153,21.99153,21.99153,21.99153,21.99153,21.99153,21.99153,21.99153,21.99153,22.04706,22.69496,23.17625,23.78713,24.65717,25.43464,26.15659,27.84112,29.06288,29.93291,30.76592,31.56191,31.91363,32.08023,32.8392,33.28347,33.80179,33.80179,33.80179,34.17202,34.76438,35.00503,34.65331,35.33823,35.00503,35.07908,35.17163,35.46781,35.61591,35.35675,36.0972,36.20827,36.20827,36.20827,36.04167,36.00464,36.02316,36.0972,36.02316,35.54186,35.15312,35.22717,35.19014,35.04205,34.89396,34.33862,34.61629,34.48671,34.48671,34.33862,33.4871,32.56153,32.00619,31.96916,32.32088,31.80256,31.65447,31.35829,31.46936,30.78443,30.52527,30.52527,29.96993,29.9144,29.71077,28.87776,28.63711,28.30391,28.02624,27.39685,26.78597,26.30468,26.04552,25.74934,25.3606,False,False,False,False,False,False,False,False,False,False,False,False,False,False,False,False,False,False,False,False,False,False,False,False,False,False,False,False,False,False,False,False,False,False,False,False,False,False,False,False,False,False,False,False,False,False,False,False,False,False,False,False,False,False,False,False,False,False,False,False,False,False,False,False,False,False,False,False,False,False,False,False,False,False,False,False,False,False,False,False,False,False,False,False,False,False,False,False,False,False,False,False,False,False,False,False,False,False,False,False,False,False,False,False,False,False,False,False,False,False,False,False,False,False,False,False,False,False,False,False,False,False,False,False,False,False,False,False,False,False,False,False,False,False,False,False,False,False,False,False,False,False,False,False,False,False,False,False,False,False,False,False,False,False,False,False,False,False,False,False,False,False,False,False,False,False,False,False,False,False,False,False,False,False,False,False,False,False,False,False,False,False,False,False,False,False,False,False,False,False,False,False,False,False,False,False,False,False,False,False,False,False,False,False,False,False,False,False,False,False,False,False,False,False,False,False,False,False,False,False,False,False,False,True,False,False,False,False,False,False,False,False,False,False,False,False,False,False,False,False,False,False,False,False,False,False,False,False,False,False,False,False,False,False,False,False,False,False,False,False,False,False,False,False,False,False,False,False,False,False,False,False,False,False,False,False,False,False,False,False,False,False,False,False,False,False,False,False,False,False,False,False,False,False,False,False,False,False,False,False,False,False,False,False,False,False,False,False,False,False,False,False,False,False,False,False,False,False,False,False,False,False,False,False,False,False,False,False,False,False,False,False,False,False,False,False,False,False,False,False,False,False,False,False,False,False,False,False,False,False,False,False,False,False,False,False,False,False,False,False
2019,25.194,24.5461,24.5461,24.12034,23.75011,23.26881,23.26881,23.26881,22.89858,22.6024,22.6024,22.6024,22.6024,22.6024,22.08408,21.99153,21.99153,21.99153,21.99153,21.99153,22.73198,23.0837,23.0837,23.30583,24.30545,24.80526,25.87892,26.71193,28.30391,29.2665,30.30314,30.95104,32.06172,32.96878,33.9869,34.91247,35.07908,35.00503,34.70885,34.83843,35.19014,35.67144,35.56037,35.50484,36.02316,36.2638,35.94911,36.39338,36.63403,36.70808,36.50445,36.76361,36.98575,37.02277,36.76361,36.7451,37.18937,36.98575,36.9117,37.13384,37.13384,37.07831,37.09682,37.28193,37.50407,37.09682,37.15235,37.26342,36.93021,36.5785,36.54147,36.33785,34.89396,34.69034,34.48671,34.6348,34.13499,33.91286,33.72774,33.85732,33.78328,33.69072,33.28347,32.93175,32.76515,31.85809,31.45084,30.91401,30.48825,29.93291,29.67375,29.24799,28.54456,28.15582,27.58196,26.97109,False,False,False,False,False,False,False,False,False,False,False,False,False,False,False,False,False,False,False,False,False,False,False,False,False,False,False,False,False,False,False,False,False,False,False,False,False,False,False,False,False,False,False,False,False,False,False,False,False,False,False,False,False,False,False,False,False,False,False,False,False,False,False,False,False,False,False,False,False,False,False,False,False,False,False,False,False,False,False,False,False,False,False,False,False,False,False,False,False,False,False,False,False,False,False,False,False,False,False,False,False,False,False,False,False,False,False,False,False,False,False,False,False,False,False,False,False,False,False,False,False,False,False,False,False,False,False,False,False,False,False,False,False,False,False,False,False,False,False,False,False,False,False,False,False,False,False,False,False,False,False,False,False,False,False,False,False,False,False,False,False,False,False,False,False,False,False,False,False,False,False,False,False,False,False,False,False,False,False,False,False,False,False,False,False,False,False,False,False,False,False,False,False,False,False,False,False,False,False,False,False,False,False,False,False,False,False,False,False,False,False,False,False,False,False,False,False,False,False,False,False,False,False,False,False,False,False,False,False,False,False,False,False,False,False,True,False,False,False,False,False,False,False,False,False,False,False,False,False,False,False,False,False,False,False,False,False,False,False,False,False,False,False,False,False,False,False,False,False,False,False,False,False,False,False,False,False,False,False,False,False,False,False,False,False,False,False,False,False,False,False,False,False,False,False,False,False,False,False,False,False,False,False,False,False,False,False,False,False,False,False,False,False,False,False,False,False,False,False,False,False,False,False,False,False,False,False,False,False,False,False,False,False,False,False,False,False,False,False,False,False,False,False,False,False,False,False,False,False,False,False,False,False,False,False,False,False,False,False,False
2019,26.58235,26.32319,25.93445,25.6938,25.56422,24.91632,24.91632,24.73121,24.30545,24.30545,24.30545,24.30545,23.99076,23.67606,22.99114,23.58351,23.63904,23.63904,23.63904,23.63904,23.49095,23.95373,24.26843,24.78675,25.74934,26.61937,27.41536,28.13731,29.87738,31.32126,32.45046,33.45007,34.3016,35.20866,36.00464,36.48594,37.54109,37.2264,37.67067,38.33708,38.30006,38.8554,38.98498,39.35521,39.28116,39.48479,39.79948,39.81799,40.02162,40.1512,40.29929,40.42887,40.42887,40.42887,40.18822,40.3178,40.46589,40.50291,40.68803,40.1512,39.81799,39.81799,39.55883,39.04051,39.57734,39.55883,39.35521,39.42925,39.15158,39.05902,38.83689,38.61475,37.65216,37.00426,37.02277,36.80063,35.96762,35.56037,35.37526,35.63442,35.65293,35.65293,35.33823,35.30121,34.33862,33.6537,32.63557,32.39492,31.74703,31.35829,30.7289,30.081,29.30352,28.48902,28.13731,27.4709,False,False,False,False,False,False,False,False,False,False,False,False,False,False,False,False,False,False,False,False,False,False,False,False,False,False,False,False,False,False,False,False,False,False,False,False,False,False,False,False,False,False,False,False,False,False,False,False,False,False,False,False,False,False,False,False,False,False,False,False,False,False,False,False,False,False,False,False,False,False,False,False,False,False,False,False,False,False,False,False,False,False,False,False,False,False,False,False,False,False,False,False,False,False,False,False,False,False,False,False,False,False,False,False,False,False,False,False,False,False,False,False,False,False,False,False,False,False,False,False,False,False,False,False,False,False,False,False,False,False,False,False,False,False,False,False,False,False,False,False,False,False,False,False,False,False,False,False,False,False,False,False,False,False,False,False,False,False,False,False,False,False,False,False,False,False,False,False,False,False,False,False,False,False,False,False,False,False,False,False,False,False,False,False,False,False,False,False,False,False,False,False,False,False,False,False,False,False,False,False,False,False,False,False,False,False,False,False,False,False,False,False,False,False,False,False,False,False,False,False,False,False,False,False,False,False,False,False,False,False,False,False,False,False,False,False,False,False,False,False,False,False,False,False,False,False,False,True,False,False,False,False,False,False,False,False,False,False,False,False,False,False,False,False,False,False,False,False,False,False,False,False,False,False,False,False,False,False,False,False,False,False,False,False,False,False,False,False,False,False,False,False,False,False,False,False,False,False,False,False,False,False,False,False,False,False,False,False,False,False,False,False,False,False,False,False,False,False,False,False,False,False,False,False,False,False,False,False,False,False,False,False,False,False,False,False,False,False,False,False,False,False,False,False,False,False,False,False,False,False,False,False,False,False,False,False,False,False,False,False
2019,27.08216,26.52682,26.24914,25.6938,25.15697,25.15697,24.80526,25.13846,24.49056,24.45354,23.69457,23.62053,23.54648,23.54648,23.54648,23.54648,23.54648,23.54648,23.54648,23.54648,23.56499,23.8982,24.36098,24.52759,25.49018,26.1751,27.30429,28.24837,29.80333,31.04359,32.43195,33.35752,34.72736,35.59739,36.13422,36.5785,36.17125,36.0972,36.0972,36.0972,36.67105,36.50445,36.2638,36.24529,36.46743,36.35636,35.72697,35.63442,35.81953,35.89358,36.15274,36.18976,35.91209,35.98613,36.24529,36.13422,36.31934,36.37487,36.22678,35.96762,35.91209,35.94911,35.91209,35.91209,35.91209,35.85655,35.70846,35.764,35.39377,35.30121,35.37526,35.00503,34.00542,33.32049,33.0058,33.07985,32.61706,32.28386,31.87661,31.96916,31.76554,31.89512,31.2102,31.19168,30.83997,30.30314,29.96993,29.58119,29.02585,28.69265,28.08177,27.71154,27.08216,26.823,26.06403,25.3606,False,False,False,False,False,False,False,False,False,False,False,False,False,False,False,False,False,False,False,False,False,False,False,False,False,False,False,False,False,False,False,False,False,False,False,False,False,False,False,False,False,False,False,False,False,False,False,False,False,False,False,False,False,False,False,False,False,False,False,False,False,False,False,False,False,False,False,False,False,False,False,False,False,False,False,False,False,False,False,False,False,False,False,False,False,False,False,False,False,False,False,False,False,False,False,False,False,False,False,False,False,False,False,False,False,False,False,False,False,False,False,False,False,False,False,False,False,False,False,False,False,False,False,False,False,False,False,False,False,False,False,False,False,False,False,False,False,False,False,False,False,False,False,False,False,False,False,False,False,False,False,False,False,False,False,False,False,False,False,False,False,False,False,False,False,False,False,False,False,False,False,False,False,False,False,False,False,False,False,False,False,False,False,False,False,False,False,False,False,False,False,False,False,False,False,False,False,False,False,False,False,False,False,False,False,False,False,False,False,False,False,False,False,False,False,False,False,False,False,False,False,False,False,False,False,False,False,False,False,False,False,False,False,False,False,False,False,False,False,False,False,False,False,False,False,False,False,False,False,False,False,False,False,False,False,False,False,False,False,True,False,False,False,False,False,False,False,False,False,False,False,False,False,False,False,False,False,False,False,False,False,False,False,False,False,False,False,False,False,False,False,False,False,False,False,False,False,False,False,False,False,False,False,False,False,False,False,False,False,False,False,False,False,False,False,False,False,False,False,False,False,False,False,False,False,False,False,False,False,False,False,False,False,False,False,False,False,False,False,False,False,False,False,False,False,False,False,False,False,False,False,False,False,False,False,False,False,False,False,False
2019,25.13846,24.56461,24.49056,24.49056,23.76862,23.49095,23.15774,23.15774,23.15774,22.6024,22.52836,22.52836,22.52836,22.52836,22.52836,22.02855,21.88046,21.88046,21.88046,22.17664,22.6024,23.10221,23.21328,23.21328,24.17587,24.8793,25.87892,26.43426,28.13731,29.13692,29.96993,30.45123,31.52489,32.33939,32.74664,32.46897,33.07985,33.19091,33.39454,33.72774,34.09797,34.43118,34.26457,34.26457,34.37564,34.3016,34.20904,34.50522,34.76438,34.52373,34.52373,34.69034,34.9495,34.96801,34.74587,34.83843,35.13461,35.37526,35.26419,34.9495,34.59778,34.6348,34.70885,34.52373,34.44969,34.56076,34.44969,34.69034,34.52373,34.15351,33.67221,33.63519,32.6726,32.61706,32.09874,31.80256,31.35829,31.17317,31.17317,31.02508,31.04359,30.67337,30.50676,30.26612,29.96993,29.96993,29.63673,29.21097,29.08139,28.60009,27.95219,27.4709,27.17471,26.73044,26.48979,26.08254,False,False,False,False,False,False,False,False,False,False,False,False,False,False,False,False,False,False,False,False,False,False,False,False,False,False,False,False,False,False,False,False,False,False,False,False,False,False,False,False,False,False,False,False,False,False,False,False,False,False,False,False,False,False,False,False,False,False,False,False,False,False,False,False,False,False,False,False,False,False,False,False,False,False,False,False,False,False,False,False,False,False,False,False,False,False,False,False,False,False,False,False,False,False,False,False,False,False,False,False,False,False,False,False,False,False,False,False,False,False,False,False,False,False,False,False,False,False,False,False,False,False,False,False,False,False,False,False,False,False,False,False,False,False,False,False,False,False,False,False,False,False,False,False,False,False,False,False,False,False,False,False,False,False,False,False,False,False,False,False,False,False,False,False,False,False,False,False,False,False,False,False,False,False,False,False,False,False,False,False,False,False,False,False,False,False,False,False,False,False,False,False,False,False,False,False,False,False,False,False,False,False,False,False,False,False,False,False,False,False,False,False,False,False,False,False,False,False,False,False,False,False,False,False,False,False,False,False,False,False,False,False,False,False,False,False,False,False,False,False,False,False,False,False,False,False,False,False,False,False,False,False,False,False,False,False,False,False,False,False,False,False,False,False,False,False,False,False,False,False,False,True,False,False,False,False,False,False,False,False,False,False,False,False,False,False,False,False,False,False,False,False,False,False,False,False,False,False,False,False,False,False,False,False,False,False,False,False,False,False,False,False,False,False,False,False,False,False,False,False,False,False,False,False,False,False,False,False,False,False,False,False,False,False,False,False,False,False,False,False,False,False,False,False,False,False,False,False,False,False,False,False,False,False,False,False,False,False,False,False
2019,25.67529,25.26804,24.60163,24.26843,24.24991,23.47244,23.47244,23.4169,22.6024,22.6024,22.6024,22.39878,22.21366,22.04706,21.9545,21.69534,21.80641,21.75088,21.75088,21.75088,22.06557,22.38027,22.49133,22.49133,22.69496,22.80603,23.15774,23.15774,24.0648,24.47205,25.02739,25.3606,25.82338,25.98999,26.76746,26.97109,27.39685,27.84112,27.93368,28.35944,28.60009,29.47013,29.52566,29.35906,29.37757,29.37757,29.82184,29.56268,30.02547,30.09951,29.69226,30.21058,30.11802,30.13654,30.13654,29.7478,29.58119,29.58119,29.58119,29.21097,29.37757,29.30352,29.2665,29.58119,29.63673,29.69226,29.45161,29.52566,29.58119,29.84035,29.63673,29.69226,29.76631,29.82184,29.82184,29.87738,29.93291,29.96993,30.06249,30.17356,30.30314,29.76631,29.7478,29.7478,29.7478,29.7478,29.2665,29.56268,29.13692,28.97032,28.43349,28.32242,27.69303,27.54494,27.02662,26.3417,False,False,False,False,False,False,False,False,False,False,False,False,False,False,False,False,False,False,False,False,False,False,False,False,False,False,False,False,False,False,False,False,False,False,False,False,False,False,False,False,False,False,False,False,False,False,False,False,False,False,False,False,False,False,False,False,False,False,False,False,False,False,False,False,False,False,False,False,False,False,False,False,False,False,False,False,False,False,False,False,False,False,False,False,False,False,False,False,False,False,False,False,False,False,False,False,False,False,False,False,False,False,False,False,False,False,False,False,False,False,False,False,False,False,False,False,False,False,False,False,False,False,False,False,False,False,False,False,False,False,False,False,False,False,False,False,False,False,False,False,False,False,False,False,False,False,False,False,False,False,False,False,False,False,False,False,False,False,False,False,False,False,False,False,False,False,False,False,False,False,False,False,False,False,False,False,False,False,False,False,False,False,False,False,False,False,False,False,False,False,False,False,False,False,False,False,False,False,False,False,False,False,False,False,False,False,False,False,False,False,False,False,False,False,False,False,False,False,False,False,False,False,False,False,False,False,False,False,False,False,False,False,False,False,False,False,False,False,False,False,False,False,False,False,False,False,False,False,False,False,False,False,False,False,False,False,False,False,False,False,False,False,False,False,False,False,False,False,False,False,False,False,False,False,False,False,False,False,False,False,False,False,False,True,False,False,False,False,False,False,False,False,False,False,False,False,False,False,False,False,False,False,False,False,False,False,False,False,False,False,False,False,False,False,False,False,False,False,False,False,False,False,False,False,False,False,False,False,False,False,False,False,False,False,False,False,False,False,False,False,False,False,False,False,False,False,False,False,False,False,False,False,False,False,False,False,False,False,False,False
2019,26.0085,25.5272,25.5272,24.99037,24.32396,23.80564,23.54648,23.54648,23.54648,23.54648,23.19477,22.75049,22.75049,22.75049,22.17664,22.02855,22.02855,22.02855,22.02855,22.02855,22.02855,22.02855,22.02855,22.02855,22.38027,22.769,22.769,22.769,23.13923,23.91671,24.41652,24.43503,24.80526,25.23102,26.02701,26.3417,26.84151,27.19323,27.37834,27.37834,27.58196,27.9707,28.15582,27.98921,28.17433,28.85925,28.67414,28.67414,28.71116,28.89627,29.34055,29.35906,29.56268,29.50715,28.87776,28.97032,29.13692,29.30352,29.2665,29.15543,28.60009,29.00734,28.95181,28.89627,28.87776,29.11841,29.08139,29.28501,29.7478,29.78482,29.58119,29.80333,29.58119,29.80333,30.06249,29.98844,29.95142,29.95142,29.9144,29.84035,30.09951,30.2476,30.2476,29.89589,29.30352,29.30352,29.22948,28.63711,28.24837,27.78559,27.45238,27.06365,26.60086,26.11956,25.60125,25.15697,False,False,False,False,False,False,False,False,False,False,False,False,False,False,False,False,False,False,False,False,False,False,False,False,False,False,False,False,False,False,False,False,False,False,False,False,False,False,False,False,False,False,False,False,False,False,False,False,False,False,False,False,False,False,False,False,False,False,False,False,False,False,False,False,False,False,False,False,False,False,False,False,False,False,False,False,False,False,False,False,False,False,False,False,False,False,False,False,False,False,False,False,False,False,False,False,False,False,False,False,False,False,False,False,False,False,False,False,False,False,False,False,False,False,False,False,False,False,False,False,False,False,False,False,False,False,False,False,False,False,False,False,False,False,False,False,False,False,False,False,False,False,False,False,False,False,False,False,False,False,False,False,False,False,False,False,False,False,False,False,False,False,False,False,False,False,False,False,False,False,False,False,False,False,False,False,False,False,False,False,False,False,False,False,False,False,False,False,False,False,False,False,False,False,False,False,False,False,False,False,False,False,False,False,False,False,False,False,False,False,False,False,False,False,False,False,False,False,False,False,False,False,False,False,False,False,False,False,False,False,False,False,False,False,False,False,False,False,False,False,False,False,False,False,False,False,False,False,False,False,False,False,False,False,False,False,False,False,False,False,False,False,False,False,False,False,False,False,False,False,False,False,False,False,False,False,False,False,False,False,False,False,False,False,False,False,False,False,False,False,False,False,False,False,False,True,False,False,False,False,False,False,False,False,False,False,False,False,False,False,False,False,False,False,False,False,False,False,False,False,False,False,False,False,False,False,False,False,False,False,False,False,False,False,False,False,False,False,False,False,False,False,False,False,False,False,False,False,False,False,False,False,False,False,False,False,False,False,False,False
2019,24.52759,24.15736,24.15736,24.15736,23.45393,23.32435,23.12072,22.71347,22.71347,22.71347,22.4358,22.01004,22.15813,22.47282,22.47282,21.65832,21.93599,22.38027,22.38027,22.38027,22.769,23.02816,23.02816,23.56499,24.32396,25.02739,25.82338,26.37872,28.13731,28.98883,30.00696,30.85848,31.83958,32.33939,32.98729,33.41305,34.11648,34.07946,33.70923,34.15351,34.44969,34.61629,34.54225,34.52373,35.02354,35.2827,35.39377,35.63442,35.98613,35.74549,35.4493,35.9306,36.04167,36.07869,36.2638,36.28232,36.35636,35.87506,35.78251,35.57888,35.57888,35.65293,35.78251,35.56037,35.61591,35.50484,35.46781,35.13461,35.15312,34.8014,34.89396,34.56076,33.09836,32.80218,32.76515,32.82069,32.33939,31.85809,31.78405,31.5434,31.56191,31.22871,30.82146,30.43272,30.02547,29.85886,29.59971,28.97032,28.82223,28.35944,27.78559,27.37834,26.93407,26.1751,26.13808,25.54571,False,False,False,False,False,False,False,False,False,False,False,False,False,False,False,False,False,False,False,False,False,False,False,False,False,False,False,False,False,False,False,False,False,False,False,False,False,False,False,False,False,False,False,False,False,False,False,False,False,False,False,False,False,False,False,False,False,False,False,False,False,False,False,False,False,False,False,False,False,False,False,False,False,False,False,False,False,False,False,False,False,False,False,False,False,False,False,False,False,False,False,False,False,False,False,False,False,False,False,False,False,False,False,False,False,False,False,False,False,False,False,False,False,False,False,False,False,False,False,False,False,False,False,False,False,False,False,False,False,False,False,False,False,False,False,False,False,False,False,False,False,False,False,False,False,False,False,False,False,False,False,False,False,False,False,False,False,False,False,False,False,False,False,False,False,False,False,False,False,False,False,False,False,False,False,False,False,False,False,False,False,False,False,False,False,False,False,False,False,False,False,False,False,False,False,False,False,False,False,False,False,False,False,False,False,False,False,False,False,False,False,False,False,False,False,False,False,False,False,False,False,False,False,False,False,False,False,False,False,False,False,False,False,False,False,False,False,False,False,False,False,False,False,False,False,False,False,False,False,False,False,False,False,False,False,False,False,False,False,False,False,False,False,False,False,False,False,False,False,False,False,False,False,False,False,False,False,False,False,False,False,False,False,False,False,False,False,False,False,False,False,False,False,False,False,False,False,False,False,False,False,False,False,False,False,False,True,False,False,False,False,False,False,False,False,False,False,False,False,False,False,False,False,False,False,False,False,False,False,False,False,False,False,False,False,False,False,False,False,False,False,False,False,False,False,False,False,False,False,False,False,False,False,False,False,False,False,False,False,False
2019,25.08293,24.5461,24.5461,24.5461,24.5461,23.86118,23.82415,23.82415,23.4169,23.15774,23.15774,23.15774,23.15774,23.15774,22.6024,22.95412,23.02816,22.88007,22.99114,22.99114,23.23179,23.69457,23.7316,23.65755,24.84228,25.74934,26.41575,27.11918,28.74818,29.85886,30.96955,31.33978,32.56153,33.07985,33.61668,34.15351,34.48671,34.93098,35.07908,35.4493,35.65293,35.83804,36.30083,36.5785,36.96724,36.85617,36.67105,36.61552,36.78212,36.83766,36.63403,36.63403,37.00426,37.31895,37.05979,37.17086,37.05979,37.18937,36.85617,36.5785,36.7451,36.61552,36.22678,36.0972,36.00464,35.87506,36.17125,36.17125,36.06018,35.74549,35.35675,35.19014,34.02393,33.87584,33.37603,33.07985,33.07985,33.07985,33.0058,32.56153,32.8392,32.54302,32.17279,31.91363,31.72851,30.98806,30.45123,30.37718,29.65524,29.30352,28.7852,27.87815,27.34132,27.30429,26.67491,26.1751,False,False,False,False,False,False,False,False,False,False,False,False,False,False,False,False,False,False,False,False,False,False,False,False,False,False,False,False,False,False,False,False,False,False,False,False,False,False,False,False,False,False,False,False,False,False,False,False,False,False,False,False,False,False,False,False,False,False,False,False,False,False,False,False,False,False,False,False,False,False,False,False,False,False,False,False,False,False,False,False,False,False,False,False,False,False,False,False,False,False,False,False,False,False,False,False,False,False,False,False,False,False,False,False,False,False,False,False,False,False,False,False,False,False,False,False,False,False,False,False,False,False,False,False,False,False,False,False,False,False,False,False,False,False,False,False,False,False,False,False,False,False,False,False,False,False,False,False,False,False,False,False,False,False,False,False,False,False,False,False,False,False,False,False,False,False,False,False,False,False,False,False,False,False,False,False,False,False,False,False,False,False,False,False,False,False,False,False,False,False,False,False,False,False,False,False,False,False,False,False,False,False,False,False,False,False,False,False,False,False,False,False,False,False,False,False,False,False,False,False,False,False,False,False,False,False,False,False,False,False,False,False,False,False,False,False,False,False,False,False,False,False,False,False,False,False,False,False,False,False,False,False,False,False,False,False,False,False,False,False,False,False,False,False,False,False,False,False,False,False,False,False,False,False,False,False,False,False,False,False,False,False,False,False,False,False,False,False,False,False,False,False,False,False,False,False,False,False,False,False,False,False,False,False,False,False,False,False,False,False,False,False,False,False,False,False,False,False,True,False,False,False,False,False,False,False,False,False,False,False,False,False,False,False,False,False,False,False,False,False,False,False,False,False,False,False,False,False,False,False,False,False,False,False,False,False,False,False,False,False
2019,25.78636,25.63827,25.41613,24.91632,24.76823,24.10182,24.2314,24.13885,24.13885,24.13885,23.80564,23.52797,23.52797,23.52797,23.52797,23.52797,23.52797,23.52797,23.52797,23.52797,23.56499,24.41652,24.49056,25.15697,25.86041,26.67491,27.58196,28.02624,29.56268,30.76592,32.08023,32.3579,33.06133,33.93137,34.35713,34.85694,35.02354,35.02354,35.02354,35.02354,35.59739,35.70846,36.06018,36.31934,35.94911,35.52335,35.65293,35.70846,36.2638,36.2638,36.2638,36.2638,36.2638,36.2638,36.2638,36.2638,35.96762,35.43079,35.4493,35.98613,35.65293,35.4493,35.41228,35.59739,35.46781,34.96801,34.8014,34.78289,34.56076,34.11648,34.33862,34.15351,33.32049,33.11687,33.52412,33.09836,32.65408,32.37641,32.15428,32.15428,32.15428,31.69149,31.48787,31.43233,30.80295,30.48825,29.96993,29.37757,29.15543,28.74818,28.15582,27.1562,26.89704,26.21212,25.84189,25.41613,False,False,False,False,False,False,False,False,False,False,False,False,False,False,False,False,False,False,False,False,False,False,False,False,False,False,False,False,False,False,False,False,False,False,False,False,False,False,False,False,False,False,False,False,False,False,False,False,False,False,False,False,False,False,False,False,False,False,False,False,False,False,False,False,False,False,False,False,False,False,False,False,False,False,False,False,False,False,False,False,False,False,False,False,False,False,False,False,False,False,False,False,False,False,False,False,False,False,False,False,False,False,False,False,False,False,False,False,False,False,False,False,False,False,False,False,False,False,False,False,False,False,False,False,False,False,False,False,False,False,False,False,False,False,False,False,False,False,False,False,False,False,False,False,False,False,False,False,False,False,False,False,False,False,False,False,False,False,False,False,False,False,False,False,False,False,False,False,False,False,False,False,False,False,False,False,False,False,False,False,False,False,False,False,False,False,False,False,False,False,False,False,False,False,False,False,False,False,False,False,False,False,False,False,False,False,False,False,False,False,False,False,False,False,False,False,False,False,False,False,False,False,False,False,False,False,False,False,False,False,False,False,False,False,False,False,False,False,False,False,False,False,False,False,False,False,False,False,False,False,False,False,False,False,False,False,False,False,False,False,False,False,False,False,False,False,False,False,False,False,False,False,False,False,False,False,False,False,False,False,False,False,False,False,False,False,False,False,False,False,False,False,False,False,False,False,False,False,False,False,False,False,False,False,False,False,False,False,False,False,False,False,False,False,False,False,False,False,False,False,False,False,False,False,False,False,False,False,False,False,True,False,False,False,False,False,False,False,False,False,False,False,False,False,False,False,False,False,False,False,False,False,False,False,False,False,False,False,False,False
2019,24.74972,24.62014,24.10182,24.10182,23.65755,23.47244,23.47244,22.9171,22.71347,22.25069,22.50984,22.15813,22.15813,22.15813,22.15813,22.15813,22.15813,22.15813,22.15813,22.15813,22.28771,22.73198,22.88007,23.71308,23.8982,24.69419,25.76785,26.1751,27.78559,28.72967,29.00734,29.98844,30.8955,31.3768,32.15428,32.17279,32.63557,32.61706,32.93175,32.87622,33.13538,33.50561,33.61668,33.85732,34.15351,33.76477,34.19053,33.56114,33.61668,34.04244,34.20904,34.15351,34.15351,34.20904,34.32011,34.70885,34.69034,34.26457,34.44969,34.57927,34.6348,34.35713,34.32011,34.4682,33.9869,34.11648,34.22755,34.24606,34.22755,34.06095,33.91286,33.83881,32.93175,32.61706,32.15428,32.04321,31.69149,31.39531,31.41382,31.52489,31.26573,31.24722,30.87699,30.93253,30.28463,30.21058,29.59971,29.37757,28.97032,28.34093,27.93368,27.73006,27.30429,26.74895,26.19361,25.93445,False,False,False,False,False,False,False,False,False,False,False,False,False,False,False,False,False,False,False,False,False,False,False,False,False,False,False,False,False,False,False,False,False,False,False,False,False,False,False,False,False,False,False,False,False,False,False,False,False,False,False,False,False,False,False,False,False,False,False,False,False,False,False,False,False,False,False,False,False,False,False,False,False,False,False,False,False,False,False,False,False,False,False,False,False,False,False,False,False,False,False,False,False,False,False,False,False,False,False,False,False,False,False,False,False,False,False,False,False,False,False,False,False,False,False,False,False,False,False,False,False,False,False,False,False,False,False,False,False,False,False,False,False,False,False,False,False,False,False,False,False,False,False,False,False,False,False,False,False,False,False,False,False,False,False,False,False,False,False,False,False,False,False,False,False,False,False,False,False,False,False,False,False,False,False,False,False,False,False,False,False,False,False,False,False,False,False,False,False,False,False,False,False,False,False,False,False,False,False,False,False,False,False,False,False,False,False,False,False,False,False,False,False,False,False,False,False,False,False,False,False,False,False,False,False,False,False,False,False,False,False,False,False,False,False,False,False,False,False,False,False,False,False,False,False,False,False,False,False,False,False,False,False,False,False,False,False,False,False,False,False,False,False,False,False,False,False,False,False,False,False,False,False,False,False,False,False,False,False,False,False,False,False,False,False,False,False,False,False,False,False,False,False,False,False,False,False,False,False,False,False,False,False,False,False,False,False,False,False,False,False,False,False,False,False,False,False,False,False,False,False,False,False,False,False,False,False,False,False,False,False,False,False,False,False,False,False,False,False,False,True,False,False,False,False,False,False,False,False,False,False,False,False,False,False,False,False,False,False,False
2019,25.39762,25.08293,24.73121,24.12034,23.76862,23.52797,22.93561,22.93561,22.93561,22.93561,22.93561,22.80603,22.41729,22.2692,22.2692,22.2692,22.2692,22.2692,22.2692,22.2692,22.9171,23.21328,23.21328,23.39839,24.30545,24.80526,25.43464,26.39724,28.17433,28.97032,29.67375,30.32165,31.46936,32.33939,33.11687,33.94988,34.50522,34.91247,34.83843,35.07908,35.764,36.04167,36.07869,36.17125,36.07869,35.91209,35.74549,35.96762,36.37487,36.30083,35.98613,35.9306,36.17125,36.04167,36.11571,36.18976,36.50445,36.30083,36.30083,36.22678,36.0972,36.11571,35.87506,35.91209,35.50484,35.50484,35.65293,35.70846,35.57888,35.41228,35.00503,34.96801,33.93137,33.39454,33.35752,33.8203,32.95027,32.32088,31.78405,31.63596,31.72851,31.63596,31.63596,31.65447,31.0621,31.00657,31.43233,30.74741,29.95142,29.41459,29.41459,29.04436,28.30391,28.15582,27.50792,27.1562,False,False,False,False,False,False,False,False,False,False,False,False,False,False,False,False,False,False,False,False,False,False,False,False,False,False,False,False,False,False,False,False,False,False,False,False,False,False,False,False,False,False,False,False,False,False,False,False,False,False,False,False,False,False,False,False,False,False,False,False,False,False,False,False,False,False,False,False,False,False,False,False,False,False,False,False,False,False,False,False,False,False,False,False,False,False,False,False,False,False,False,False,False,False,False,False,False,False,False,False,False,False,False,False,False,False,False,False,False,False,False,False,False,False,False,False,False,False,False,False,False,False,False,False,False,False,False,False,False,False,False,False,False,False,False,False,False,False,False,False,False,False,False,False,False,False,False,False,False,False,False,False,False,False,False,False,False,False,False,False,False,False,False,False,False,False,False,False,False,False,False,False,False,False,False,False,False,False,False,False,False,False,False,False,False,False,False,False,False,False,False,False,False,False,False,False,False,False,False,False,False,False,False,False,False,False,False,False,False,False,False,False,False,False,False,False,False,False,False,False,False,False,False,False,False,False,False,False,False,False,False,False,False,False,False,False,False,False,False,False,False,False,False,False,False,False,False,False,False,False,False,False,False,False,False,False,False,False,False,False,False,False,False,False,False,False,False,False,False,False,False,False,False,False,False,False,False,False,False,False,False,False,False,False,False,False,False,False,False,False,False,False,False,False,False,False,False,False,False,False,False,False,False,False,False,False,False,False,False,False,False,False,False,False,False,False,False,False,False,False,False,False,False,False,False,False,False,False,False,False,False,False,False,False,False,False,False,False,False,False,False,False,False,False,False,False,False,False,False,False,False,True,False,False,False,False,False,False,False,False
2019,26.76746,26.47128,26.13808,25.6938,25.43464,25.08293,24.43503,24.41652,24.41652,24.41652,23.67606,23.63904,23.63904,23.63904,23.36137,22.97263,22.97263,22.97263,22.97263,22.97263,22.97263,22.97263,23.15774,22.88007,22.88007,23.37988,23.75011,24.13885,24.45354,24.99037,25.91594,26.48979,26.78597,27.43387,28.08177,28.63711,28.80372,29.4331,30.00696,30.34016,30.26612,30.65485,31.0621,31.58042,31.80256,31.67298,31.78405,31.67298,32.0247,32.15428,32.06172,32.09874,31.80256,31.41382,31.41382,31.59893,31.96916,33.04282,32.72813,32.48748,32.3579,32.13577,32.3579,32.26534,32.33939,32.32088,32.32088,32.32088,32.48748,32.58004,33.02431,33.1724,32.96878,32.89473,33.13538,32.93175,32.59855,32.58004,32.63557,32.63557,32.58004,32.54302,32.5245,32.56153,32.17279,31.91363,31.91363,31.89512,31.43233,31.33978,31.11764,30.65485,29.82184,29.4331,28.22986,27.76708,False,True,False,False,False,False,False,False,False,False,False,False,False,False,False,False,False,False,False,False,False,False,False,False,False,False,False,False,False,False,False,False,False,False,False,False,False,False,False,False,False,False,False,False,False,False,False,False,False,False,False,False,False,False,False,False,False,False,False,False,False,False,False,False,False,False,False,False,False,False,False,False,False,False,False,False,False,False,False,False,False,False,False,False,False,False,False,False,False,False,False,False,False,False,False,False,False,False,False,False,False,False,False,False,False,False,False,False,False,False,False,False,False,False,False,False,False,False,False,False,False,False,False,False,False,False,False,False,False,False,False,False,False,False,False,False,False,False,False,False,False,False,False,False,False,False,False,False,False,False,False,False,False,False,False,False,False,False,False,False,False,False,False,False,False,False,False,False,False,False,False,False,False,False,False,False,False,False,False,False,False,False,False,False,False,False,False,False,False,False,False,False,False,False,False,False,False,False,False,False,False,False,False,False,False,False,False,False,False,False,False,False,False,False,False,False,False,False,False,False,False,False,False,False,False,False,False,False,False,False,False,False,False,False,False,False,False,False,False,False,False,False,False,False,False,False,False,False,False,False,False,False,False,False,False,False,False,False,False,False,False,False,False,False,False,False,False,False,False,False,False,False,False,False,False,False,False,False,False,False,False,False,False,False,False,False,False,False,False,False,False,False,False,False,False,False,False,False,False,False,False,False,False,False,False,False,False,False,False,False,False,False,False,False,False,False,False,False,False,False,False,False,False,False,False,False,False,False,False,False,False,False,False,False,False,False,False,False,False,False,False,False,False,False,False,False,False,False,False,False,False,False,False,False,False,False,False,False,False,False
2019,27.69303,27.1562,27.23025,27.61899,26.823,26.04552,25.23102,24.97186,24.97186,24.58312,24.7127,24.93484,24.28694,24.0648,23.63904,23.60202,23.26881,23.71308,23.28732,23.04667,23.04667,23.04667,23.04667,23.17625,23.71308,23.75011,24.41652,24.41652,24.99037,25.10144,25.194,25.74934,26.08254,26.47128,26.74895,27.89666,28.47051,28.6186,28.58158,29.15543,30.00696,30.35867,31.22871,32.15428,31.91363,32.20981,32.50599,32.8392,33.15389,33.30198,33.9869,33.85732,34.04244,34.33862,34.67182,35.19014,34.74587,34.76438,34.98652,35.31972,35.26419,35.20866,35.39377,35.57888,35.63442,35.68995,35.59739,35.80102,35.80102,35.81953,35.67144,35.39377,34.69034,34.44969,34.02393,33.74626,32.95027,32.69111,32.06172,31.98767,31.82107,31.71,32.13577,32.17279,31.78405,31.2102,30.48825,30.09951,29.35906,29.28501,28.87776,28.52604,27.35983,27.04513,26.48979,25.89743,False,False,False,False,False,False,False,False,False,False,False,False,False,True,False,False,False,False,False,False,False,False,False,False,False,False,False,False,False,False,False,False,False,False,False,False,False,False,False,False,False,False,False,False,False,False,False,False,False,False,False,False,False,False,False,False,False,False,False,False,False,False,False,False,False,False,False,False,False,False,False,False,False,False,False,False,False,False,False,False,False,False,False,False,False,False,False,False,False,False,False,False,False,False,False,False,False,False,False,False,False,False,False,False,False,False,False,False,False,False,False,False,False,False,False,False,False,False,False,False,False,False,False,False,False,False,False,False,False,False,False,False,False,False,False,False,False,False,False,False,False,False,False,False,False,False,False,False,False,False,False,False,False,False,False,False,False,False,False,False,False,False,False,False,False,False,False,False,False,False,False,False,False,False,False,False,False,False,False,False,False,False,False,False,False,False,False,False,False,False,False,False,False,False,False,False,False,False,False,False,False,False,False,False,False,False,False,False,False,False,False,False,False,False,False,False,False,False,False,False,False,False,False,False,False,False,False,False,False,False,False,False,False,False,False,False,False,False,False,False,False,False,False,False,False,False,False,False,False,False,False,False,False,False,False,False,False,False,False,False,False,False,False,False,False,False,False,False,False,False,False,False,False,False,False,False,False,False,False,False,False,False,False,False,False,False,False,False,False,False,False,False,False,False,False,False,False,False,False,False,False,False,False,False,False,False,False,False,False,False,False,False,False,False,False,False,False,False,False,False,False,False,False,False,False,False,False,False,False,False,False,False,False,False,False,False,False,False,False,False,False,False,False,False,False,False,False,False,False,False,False,False,False,False,False,False,False,False,False,False
2019,25.63827,25.21251,24.99037,24.5461,24.19438,24.19438,24.19438,23.87969,23.50946,23.52797,23.52797,23.0837,22.84305,22.769,22.769,22.769,22.769,22.769,22.769,22.769,22.769,23.37988,23.60202,24.00927,24.8793,25.97147,26.80449,27.37834,29.0999,30.46974,31.45084,32.22832,33.32049,34.35713,34.8014,35.50484,36.28232,36.13422,36.2638,36.98575,37.43002,37.43002,37.02277,37.37449,37.54109,37.83727,37.63365,37.81876,38.17048,38.2075,38.57773,38.8554,38.92944,39.28116,40.02162,39.96608,39.92906,39.87352,39.92906,39.89204,39.6699,39.61436,39.63288,40.22524,39.52181,39.63288,39.65139,39.59585,39.04051,38.87391,38.41112,38.22601,37.18937,36.46743,36.4119,35.63442,35.48633,34.98652,34.57927,34.06095,33.67221,33.69072,33.41305,32.89473,32.5245,32.08023,31.74703,31.39531,30.96955,30.32165,30.09951,29.08139,28.48902,27.41536,27.30429,27.02662,False,False,False,False,False,False,False,False,False,False,False,False,False,False,False,False,False,False,False,False,False,False,False,False,False,True,False,False,False,False,False,False,False,False,False,False,False,False,False,False,False,False,False,False,False,False,False,False,False,False,False,False,False,False,False,False,False,False,False,False,False,False,False,False,False,False,False,False,False,False,False,False,False,False,False,False,False,False,False,False,False,False,False,False,False,False,False,False,False,False,False,False,False,False,False,False,False,False,False,False,False,False,False,False,False,False,False,False,False,False,False,False,False,False,False,False,False,False,False,False,False,False,False,False,False,False,False,False,False,False,False,False,False,False,False,False,False,False,False,False,False,False,False,False,False,False,False,False,False,False,False,False,False,False,False,False,False,False,False,False,False,False,False,False,False,False,False,False,False,False,False,False,False,False,False,False,False,False,False,False,False,False,False,False,False,False,False,False,False,False,False,False,False,False,False,False,False,False,False,False,False,False,False,False,False,False,False,False,False,False,False,False,False,False,False,False,False,False,False,False,False,False,False,False,False,False,False,False,False,False,False,False,False,False,False,False,False,False,False,False,False,False,False,False,False,False,False,False,False,False,False,False,False,False,False,False,False,False,False,False,False,False,False,False,False,False,False,False,False,False,False,False,False,False,False,False,False,False,False,False,False,False,False,False,False,False,False,False,False,False,False,False,False,False,False,False,False,False,False,False,False,False,False,False,False,False,False,False,False,False,False,False,False,False,False,False,False,False,False,False,False,False,False,False,False,False,False,False,False,False,False,False,False,False,False,False,False,False,False,False,False,False,False,False,False,False,False,False,False,False,False,False,False,False,False,False,False,False,False,False
2019,26.87853,26.08254,26.08254,26.08254,25.71231,25.17548,24.7127,24.7127,24.7127,24.60163,24.10182,24.10182,24.10182,23.67606,23.47244,23.47244,23.47244,23.47244,23.47244,23.47244,23.60202,24.17587,24.21289,24.82377,25.61976,26.04552,26.93407,27.82261,29.93291,31.39531,32.59855,34.13499,35.61591,36.02316,36.61552,36.85617,36.76361,36.93021,37.31895,37.85578,37.91132,37.63365,37.50407,37.5596,37.46704,37.13384,37.43002,37.46704,37.89281,37.63365,37.98536,37.98536,37.98536,37.98536,38.13345,37.80025,37.57811,37.63365,37.63365,37.17086,37.02277,36.87468,36.72659,36.33785,36.2638,36.52296,36.02316,35.57888,35.57888,35.33823,34.91247,34.70885,33.56114,33.43156,33.33901,32.93175,32.61706,33.20943,32.72813,32.65408,31.98767,31.74703,31.61745,31.13615,31.13615,30.63634,30.02547,29.52566,28.9333,28.17433,27.76708,27.4709,26.93407,26.97109,26.15659,26.08254,False,False,False,False,False,False,False,False,False,False,False,False,False,False,False,False,False,False,False,False,False,False,False,False,False,False,False,False,False,False,False,False,False,False,False,False,False,True,False,False,False,False,False,False,False,False,False,False,False,False,False,False,False,False,False,False,False,False,False,False,False,False,False,False,False,False,False,False,False,False,False,False,False,False,False,False,False,False,False,False,False,False,False,False,False,False,False,False,False,False,False,False,False,False,False,False,False,False,False,False,False,False,False,False,False,False,False,False,False,False,False,False,False,False,False,False,False,False,False,False,False,False,False,False,False,False,False,False,False,False,False,False,False,False,False,False,False,False,False,False,False,False,False,False,False,False,False,False,False,False,False,False,False,False,False,False,False,False,False,False,False,False,False,False,False,False,False,False,False,False,False,False,False,False,False,False,False,False,False,False,False,False,False,False,False,False,False,False,False,False,False,False,False,False,False,False,False,False,False,False,False,False,False,False,False,False,False,False,False,False,False,False,False,False,False,False,False,False,False,False,False,False,False,False,False,False,False,False,False,False,False,False,False,False,False,False,False,False,False,False,False,False,False,False,False,False,False,False,False,False,False,False,False,False,False,False,False,False,False,False,False,False,False,False,False,False,False,False,False,False,False,False,False,False,False,False,False,False,False,False,False,False,False,False,False,False,False,False,False,False,False,False,False,False,False,False,False,False,False,False,False,False,False,False,False,False,False,False,False,False,False,False,False,False,False,False,False,False,False,False,False,False,False,False,False,False,False,False,False,False,False,False,False,False,False,False,False,False,False,False,False,False,False,False,False,False,False,False,False,False,False,False,False,False,False,False,False,False,False,False
2019,25.21251,24.91632,24.91632,24.49056,24.13885,24.13885,24.13885,24.08331,23.4169,23.4169,23.4169,23.30583,23.37988,22.82454,22.75049,22.80603,22.80603,22.80603,22.80603,22.80603,22.71347,23.0837,23.97224,24.24991,24.8793,25.32358,26.04552,27.10067,28.6186,29.7478,30.74741,31.61745,32.58004,33.20943,33.45007,33.96839,34.4682,34.57927,34.57927,34.61629,34.87545,35.13461,35.02354,35.2827,35.43079,36.15274,35.68995,35.74549,36.13422,36.48594,36.5785,36.20827,36.35636,36.13422,36.2638,35.98613,36.07869,35.89358,35.72697,35.54186,35.22717,35.33823,35.39377,35.2827,35.33823,35.37526,35.54186,35.80102,35.46781,34.9495,34.93098,34.81992,33.59816,33.04282,32.95027,33.0058,32.56153,32.54302,32.54302,32.43195,32.46897,32.1913,31.93214,31.93214,31.65447,30.83997,30.48825,30.28463,29.67375,29.21097,28.74818,28.00773,27.60048,27.04513,26.6564,26.24914,False,False,False,False,False,False,False,False,False,False,False,False,False,False,False,False,False,False,False,False,False,False,False,False,False,False,False,False,False,False,False,False,False,False,False,False,False,False,False,False,False,False,False,False,False,False,False,False,False,True,False,False,False,False,False,False,False,False,False,False,False,False,False,False,False,False,False,False,False,False,False,False,False,False,False,False,False,False,False,False,False,False,False,False,False,False,False,False,False,False,False,False,False,False,False,False,False,False,False,False,False,False,False,False,False,False,False,False,False,False,False,False,False,False,False,False,False,False,False,False,False,False,False,False,False,False,False,False,False,False,False,False,False,False,False,False,False,False,False,False,False,False,False,False,False,False,False,False,False,False,False,False,False,False,False,False,False,False,False,False,False,False,False,False,False,False,False,False,False,False,False,False,False,False,False,False,False,False,False,False,False,False,False,False,False,False,False,False,False,False,False,False,False,False,False,False,False,False,False,False,False,False,False,False,False,False,False,False,False,False,False,False,False,False,False,False,False,False,False,False,False,False,False,False,False,False,False,False,False,False,False,False,False,False,False,False,False,False,False,False,False,False,False,False,False,False,False,False,False,False,False,False,False,False,False,False,False,False,False,False,False,False,False,False,False,False,False,False,False,False,False,False,False,False,False,False,False,False,False,False,False,False,False,False,False,False,False,False,False,False,False,False,False,False,False,False,False,False,False,False,False,False,False,False,False,False,False,False,False,False,False,False,False,False,False,False,False,False,False,False,False,False,False,False,False,False,False,False,False,False,False,False,False,False,False,False,False,False,False,False,False,False,False,False,False,False,False,False,False,False,False,False,False,False,False,False,False,False,False,False
2019,25.87892,25.43464,25.13846,25.13846,24.60163,24.10182,24.32396,24.00927,23.75011,23.80564,23.37988,23.2503,23.2503,23.2503,23.2503,23.2503,23.2503,23.2503,23.2503,23.2503,23.60202,23.86118,23.86118,24.39801,24.91632,26.06403,26.95258,27.06365,29.11841,30.26612,31.24722,32.08023,33.02431,33.59816,33.83881,34.26457,35.26419,35.68995,35.89358,36.15274,36.30083,36.65254,36.65254,36.85617,37.02277,37.30044,38.2075,38.05941,38.41112,38.09643,38.17048,38.05941,38.35559,38.05941,38.05941,38.11494,38.2075,38.28155,38.24452,38.17048,38.07792,38.07792,37.87429,37.52258,37.67067,37.31895,37.43002,37.74471,37.78174,37.65216,37.09682,36.65254,35.41228,34.67182,34.13499,34.19053,33.76477,33.26496,32.98729,32.48748,32.43195,32.69111,32.22832,32.06172,31.5434,31.17317,30.98806,30.71039,29.93291,29.45161,28.72967,28.41498,27.89666,27.30429,27.23025,26.58235,False,False,False,False,False,False,False,False,False,False,False,False,False,False,False,False,False,False,False,False,False,False,False,False,False,False,False,False,False,False,False,False,False,False,False,False,False,False,False,False,False,False,False,False,False,False,False,False,False,False,False,False,False,False,False,False,False,False,False,False,False,True,False,False,False,False,False,False,False,False,False,False,False,False,False,False,False,False,False,False,False,False,False,False,False,False,False,False,False,False,False,False,False,False,False,False,False,False,False,False,False,False,False,False,False,False,False,False,False,False,False,False,False,False,False,False,False,False,False,False,False,False,False,False,False,False,False,False,False,False,False,False,False,False,False,False,False,False,False,False,False,False,False,False,False,False,False,False,False,False,False,False,False,False,False,False,False,False,False,False,False,False,False,False,False,False,False,False,False,False,False,False,False,False,False,False,False,False,False,False,False,False,False,False,False,False,False,False,False,False,False,False,False,False,False,False,False,False,False,False,False,False,False,False,False,False,False,False,False,False,False,False,False,False,False,False,False,False,False,False,False,False,False,False,False,False,False,False,False,False,False,False,False,False,False,False,False,False,False,False,False,False,False,False,False,False,False,False,False,False,False,False,False,False,False,False,False,False,False,False,False,False,False,False,False,False,False,False,False,False,False,False,False,False,False,False,False,False,False,False,False,False,False,False,False,False,False,False,False,False,False,False,False,False,False,False,False,False,False,False,False,False,False,False,False,False,False,False,False,False,False,False,False,False,False,False,False,False,False,False,False,False,False,False,False,False,False,False,False,False,False,False,False,False,False,False,False,False,False,False,False,False,False,False,False,False,False,False,False,False,False,False,False,False,False,False,False,False,False,False
2019,26.32319,25.82338,25.74934,24.84228,24.58312,24.19438,23.97224,23.97224,23.97224,23.4169,23.36137,23.36137,23.36137,23.36137,23.0837,22.54687,22.93561,23.26881,23.26881,22.82454,23.04667,23.82415,23.91671,24.15736,25.34209,25.89743,26.43426,27.23025,29.13692,30.30314,31.61745,32.00619,33.07985,34.00542,34.87545,35.50484,36.33785,36.5785,36.94873,37.44853,37.67067,38.02239,38.0409,38.02239,38.59624,38.57773,38.33708,38.28155,38.33708,38.46666,38.44815,38.79986,39.07753,38.79986,38.92944,39.07753,39.39223,38.87391,39.11456,39.07753,39.20711,38.91093,38.8554,39.1886,39.15158,38.8554,39.022,38.89242,38.78135,38.67028,38.52219,38.35559,36.93021,36.68957,36.5785,36.07869,35.22717,34.44969,33.9869,33.94988,33.9869,33.9869,33.32049,33.15389,33.15389,32.8392,32.5245,32.1913,31.52489,31.41382,30.82146,30.74741,29.95142,29.30352,29.0999,28.34093,False,False,False,False,False,False,False,False,False,False,False,False,False,False,False,False,False,False,False,False,False,False,False,False,False,False,False,False,False,False,False,False,False,False,False,False,False,False,False,False,False,False,False,False,False,False,False,False,False,False,False,False,False,False,False,False,False,False,False,False,False,False,False,False,False,False,False,False,False,False,False,False,False,True,False,False,False,False,False,False,False,False,False,False,False,False,False,False,False,False,False,False,False,False,False,False,False,False,False,False,False,False,False,False,False,False,False,False,False,False,False,False,False,False,False,False,False,False,False,False,False,False,False,False,False,False,False,False,False,False,False,False,False,False,False,False,False,False,False,False,False,False,False,False,False,False,False,False,False,False,False,False,False,False,False,False,False,False,False,False,False,False,False,False,False,False,False,False,False,False,False,False,False,False,False,False,False,False,False,False,False,False,False,False,False,False,False,False,False,False,False,False,False,False,False,False,False,False,False,False,False,False,False,False,False,False,False,False,False,False,False,False,False,False,False,False,False,False,False,False,False,False,False,False,False,False,False,False,False,False,False,False,False,False,False,False,False,False,False,False,False,False,False,False,False,False,False,False,False,False,False,False,False,False,False,False,False,False,False,False,False,False,False,False,False,False,False,False,False,False,False,False,False,False,False,False,False,False,False,False,False,False,False,False,False,False,False,False,False,False,False,False,False,False,False,False,False,False,False,False,False,False,False,False,False,False,False,False,False,False,False,False,False,False,False,False,False,False,False,False,False,False,False,False,False,False,False,False,False,False,False,False,False,False,False,False,False,False,False,False,False,False,False,False,False,False,False,False,False,False,False,False,False,False,False,False,False,False,False,False
2019,28.00773,27.3228,27.24876,26.84151,26.41575,25.61976,25.26804,24.93484,24.60163,24.60163,24.30545,23.80564,23.80564,23.80564,23.52797,23.19477,23.19477,23.19477,23.19477,23.19477,23.49095,23.86118,23.86118,23.86118,23.86118,24.08331,24.49056,24.93484,25.58273,25.97147,26.67491,26.93407,27.61899,28.11879,28.72967,29.15543,30.43272,30.8955,31.09913,31.56191,31.93214,32.04321,32.43195,32.65408,33.24645,33.50561,33.74626,33.4871,33.45007,33.43156,33.19091,33.52412,33.57965,33.96839,33.89435,34.09797,33.8203,34.04244,34.06095,33.94988,33.8203,34.41267,34.07946,34.39415,34.00542,34.15351,34.57927,34.87545,34.91247,34.74587,35.24568,34.89396,34.67182,34.93098,34.93098,34.65331,34.39415,34.15351,33.96839,33.94988,34.07946,34.04244,33.22794,33.89435,33.52412,33.54263,33.13538,33.13538,32.5245,32.39492,32.17279,31.76554,31.15466,30.41421,29.76631,29.19245,False,False,False,False,False,False,False,False,False,False,False,False,False,False,False,False,False,False,False,False,False,False,False,False,False,False,False,False,False,False,False,False,False,False,False,False,False,False,False,False,False,False,False,False,False,False,False,False,False,False,False,False,False,False,False,False,False,False,False,False,False,False,False,False,False,False,False,False,False,False,False,False,False,False,False,False,False,False,False,False,False,False,False,False,True,False,False,False,False,False,False,False,False,False,False,False,False,False,False,False,False,False,False,False,False,False,False,False,False,False,False,False,False,False,False,False,False,False,False,False,False,False,False,False,False,False,False,False,False,False,False,False,False,False,False,False,False,False,False,False,False,False,False,False,False,False,False,False,False,False,False,False,False,False,False,False,False,False,False,False,False,False,False,False,False,False,False,False,False,False,False,False,False,False,False,False,False,False,False,False,False,False,False,False,False,False,False,False,False,False,False,False,False,False,False,False,False,False,False,False,False,False,False,False,False,False,False,False,False,False,False,False,False,False,False,False,False,False,False,False,False,False,False,False,False,False,False,False,False,False,False,False,False,False,False,False,False,False,False,False,False,False,False,False,False,False,False,False,False,False,False,False,False,False,False,False,False,False,False,False,False,False,False,False,False,False,False,False,False,False,False,False,False,False,False,False,False,False,False,False,False,False,False,False,False,False,False,False,False,False,False,False,False,False,False,False,False,False,False,False,False,False,False,False,False,False,False,False,False,False,False,False,False,False,False,False,False,False,False,False,False,False,False,False,False,False,False,False,False,False,False,False,False,False,False,False,False,False,False,False,False,False,False,False,False,False,False,False,False,False,False,False,False,False,False,False,False,False,False,False
2019,28.7852,27.95219,27.91517,27.23025,27.13769,26.5083,25.95296,26.06403,25.60125,25.54571,24.82377,24.82377,24.82377,24.30545,24.56461,24.36098,24.24991,23.78713,23.54648,23.54648,23.87969,24.19438,24.19438,24.19438,24.19438,24.19438,24.56461,24.73121,25.194,25.49018,26.1751,26.63788,27.30429,27.41536,28.11879,28.85925,29.78482,29.93291,30.52527,31.0621,31.35829,31.48787,31.3768,31.69149,32.20981,32.5245,32.56153,32.39492,32.22832,32.41344,32.13577,32.3579,32.1913,32.20981,32.28386,32.46897,32.69111,32.80218,32.39492,32.80218,32.93175,33.15389,33.30198,32.98729,33.09836,33.19091,33.19091,33.33901,33.37603,33.32049,33.37603,33.41305,33.52412,33.93137,33.52412,33.26496,32.95027,33.20943,33.15389,33.33901,33.09836,33.02431,32.91324,33.07985,32.8392,32.54302,32.30237,31.78405,31.52489,31.09913,30.78443,30.30314,29.61822,29.59971,28.6186,27.91517,False,False,False,False,False,False,False,False,False,False,False,False,False,False,False,False,False,False,False,False,False,False,False,False,False,False,False,False,False,False,False,False,False,False,False,False,False,False,False,False,False,False,False,False,False,False,False,False,False,False,False,False,False,False,False,False,False,False,False,False,False,False,False,False,False,False,False,False,False,False,False,False,False,False,False,False,False,False,False,False,False,False,False,False,False,False,False,False,False,False,False,False,False,False,False,False,True,False,False,False,False,False,False,False,False,False,False,False,False,False,False,False,False,False,False,False,False,False,False,False,False,False,False,False,False,False,False,False,False,False,False,False,False,False,False,False,False,False,False,False,False,False,False,False,False,False,False,False,False,False,False,False,False,False,False,False,False,False,False,False,False,False,False,False,False,False,False,False,False,False,False,False,False,False,False,False,False,False,False,False,False,False,False,False,False,False,False,False,False,False,False,False,False,False,False,False,False,False,False,False,False,False,False,False,False,False,False,False,False,False,False,False,False,False,False,False,False,False,False,False,False,False,False,False,False,False,False,False,False,False,False,False,False,False,False,False,False,False,False,False,False,False,False,False,False,False,False,False,False,False,False,False,False,False,False,False,False,False,False,False,False,False,False,False,False,False,False,False,False,False,False,False,False,False,False,False,False,False,False,False,False,False,False,False,False,False,False,False,False,False,False,False,False,False,False,False,False,False,False,False,False,False,False,False,False,False,False,False,False,False,False,False,False,False,False,False,False,False,False,False,False,False,False,False,False,False,False,False,False,False,False,False,False,False,False,False,False,False,False,False,False,False,False,False,False,False,False,False,False,False,False,False,False,False,False,False,False,False,False,False
2019,27.35983,26.86002,26.13808,26.73044,26.30468,25.71231,25.6938,25.6938,25.58273,25.08293,25.08293,25.08293,25.08293,24.78675,24.37949,24.37949,24.37949,24.37949,24.37949,24.99037,25.0459,25.60125,25.58273,25.87892,26.97109,27.8041,28.9333,29.82184,31.46936,33.02431,34.09797,34.89396,36.20827,37.00426,37.65216,38.39261,38.79986,39.04051,39.98459,40.05864,40.651,41.26188,41.57657,41.52104,41.52104,41.37295,41.68764,41.39146,41.74317,41.70615,41.66913,41.4655,41.66913,41.9468,41.92829,41.92829,41.81722,41.70615,41.42848,41.42848,41.42848,40.92867,41.20634,40.55845,40.4844,40.651,40.74356,40.53993,39.92906,39.63288,39.17009,38.52219,37.20788,36.80063,36.31934,36.06018,35.20866,34.98652,34.98652,34.50522,34.59778,34.43118,33.78328,33.32049,32.30237,32.41344,31.89512,31.59893,30.98806,30.28463,29.48864,28.9333,28.47051,27.60048,27.34132,26.89704,False,False,False,False,False,False,False,False,False,False,False,False,False,False,False,False,False,False,False,False,False,False,False,False,False,False,False,False,False,False,False,False,False,False,False,False,False,False,False,False,False,False,False,False,False,False,False,False,False,False,False,False,False,False,False,False,False,False,False,False,False,False,False,False,False,False,False,False,False,False,False,False,False,False,False,False,False,False,False,False,False,False,False,False,False,False,False,False,False,False,False,False,False,False,False,False,False,False,False,False,False,False,False,False,False,False,False,False,True,False,False,False,False,False,False,False,False,False,False,False,False,False,False,False,False,False,False,False,False,False,False,False,False,False,False,False,False,False,False,False,False,False,False,False,False,False,False,False,False,False,False,False,False,False,False,False,False,False,False,False,False,False,False,False,False,False,False,False,False,False,False,False,False,False,False,False,False,False,False,False,False,False,False,False,False,False,False,False,False,False,False,False,False,False,False,False,False,False,False,False,False,False,False,False,False,False,False,False,False,False,False,False,False,False,False,False,False,False,False,False,False,False,False,False,False,False,False,False,False,False,False,False,False,False,False,False,False,False,False,False,False,False,False,False,False,False,False,False,False,False,False,False,False,False,False,False,False,False,False,False,False,False,False,False,False,False,False,False,False,False,False,False,False,False,False,False,False,False,False,False,False,False,False,False,False,False,False,False,False,False,False,False,False,False,False,False,False,False,False,False,False,False,False,False,False,False,False,False,False,False,False,False,False,False,False,False,False,False,False,False,False,False,False,False,False,False,False,False,False,False,False,False,False,False,False,False,False,False,False,False,False,False,False,False,False,False,False,False,False,False,False,False,False,False,False,False,False,False,False,False
2019,26.58235,26.52682,26.26766,26.10105,25.47167,25.3606,24.76823,24.65717,24.65717,24.65717,24.04629,24.04629,23.82415,23.82415,23.82415,23.82415,23.49095,23.21328,23.21328,23.21328,23.82415,24.0648,24.58312,24.86079,25.71231,26.5083,27.39685,27.93368,29.84035,31.45084,32.39492,32.87622,33.69072,34.26457,34.96801,35.87506,36.52296,36.72659,36.35636,36.54147,37.00426,36.9117,37.15235,37.63365,37.48556,37.41151,37.18937,37.46704,37.81876,38.24452,37.5596,37.37449,37.26342,37.26342,37.37449,37.43002,37.41151,37.26342,37.28193,36.89319,36.55999,36.50445,36.46743,36.50445,36.52296,36.50445,36.52296,36.20827,36.13422,35.56037,35.35675,34.98652,34.04244,33.76477,33.33901,33.24645,32.76515,32.61706,32.43195,31.71,32.00619,32.04321,31.82107,31.76554,31.69149,31.13615,30.30314,29.96993,29.21097,28.89627,28.47051,27.87815,27.30429,27.26727,27.08216,26.24914,False,False,False,False,False,False,False,False,False,False,False,False,False,False,False,False,False,False,False,False,False,False,False,False,False,False,False,False,False,False,False,False,False,False,False,False,False,False,False,False,False,False,False,False,False,False,False,False,False,False,False,False,False,False,False,False,False,False,False,False,False,False,False,False,False,False,False,False,False,False,False,False,False,False,False,False,False,False,False,False,False,False,False,False,False,False,False,False,False,False,False,False,False,False,False,False,False,False,False,False,False,False,False,False,False,False,False,False,False,False,False,False,False,False,False,False,False,False,False,False,True,False,False,False,False,False,False,False,False,False,False,False,False,False,False,False,False,False,False,False,False,False,False,False,False,False,False,False,False,False,False,False,False,False,False,False,False,False,False,False,False,False,False,False,False,False,False,False,False,False,False,False,False,False,False,False,False,False,False,False,False,False,False,False,False,False,False,False,False,False,False,False,False,False,False,False,False,False,False,False,False,False,False,False,False,False,False,False,False,False,False,False,False,False,False,False,False,False,False,False,False,False,False,False,False,False,False,False,False,False,False,False,False,False,False,False,False,False,False,False,False,False,False,False,False,False,False,False,False,False,False,False,False,False,False,False,False,False,False,False,False,False,False,False,False,False,False,False,False,False,False,False,False,False,False,False,False,False,False,False,False,False,False,False,False,False,False,False,False,False,False,False,False,False,False,False,False,False,False,False,False,False,False,False,False,False,False,False,False,False,False,False,False,False,False,False,False,False,False,False,False,False,False,False,False,False,False,False,False,False,False,False,False,False,False,False,False,False,False,False,False,False,False,False,False,False,False,False,False,False,False,False,False,False,False,False,False,False,False,False
2019,25.71231,25.71231,25.63827,25.08293,25.08293,24.49056,24.76823,24.5461,23.78713,23.69457,23.69457,23.69457,23.69457,23.13923,23.04667,23.04667,23.04667,23.04667,23.30583,23.65755,23.65755,23.65755,24.10182,24.43503,25.49018,26.28617,27.19323,28.04475,29.95142,30.50676,31.35829,32.80218,33.61668,34.3016,34.69034,34.67182,35.48633,35.91209,36.43041,36.65254,36.5785,36.94873,37.2264,36.85617,37.00426,36.65254,36.72659,37.18937,37.26342,37.54109,38.30006,38.39261,38.30006,38.92944,38.65177,38.09643,37.44853,37.393,37.26342,37.28193,37.2264,37.48556,37.393,37.31895,37.17086,37.48556,37.2264,37.11533,37.09682,36.98575,36.94873,36.48594,35.24568,34.91247,34.91247,34.87545,34.9495,34.78289,34.43118,34.20904,33.4871,33.41305,33.35752,33.35752,33.54263,32.72813,32.26534,31.71,30.95104,30.32165,30.02547,29.52566,29.0999,28.60009,27.89666,27.39685,False,False,False,False,False,False,False,False,False,False,False,False,False,False,False,False,False,False,False,False,False,False,False,False,False,False,False,False,False,False,False,False,False,False,False,False,False,False,False,False,False,False,False,False,False,False,False,False,False,False,False,False,False,False,False,False,False,False,False,False,False,False,False,False,False,False,False,False,False,False,False,False,False,False,False,False,False,False,False,False,False,False,False,False,False,False,False,False,False,False,False,False,False,False,False,False,False,False,False,False,False,False,False,False,False,False,False,False,False,False,False,False,False,False,False,False,False,False,False,False,False,False,False,False,False,False,False,False,False,False,False,False,True,False,False,False,False,False,False,False,False,False,False,False,False,False,False,False,False,False,False,False,False,False,False,False,False,False,False,False,False,False,False,False,False,False,False,False,False,False,False,False,False,False,False,False,False,False,False,False,False,False,False,False,False,False,False,False,False,False,False,False,False,False,False,False,False,False,False,False,False,False,False,False,False,False,False,False,False,False,False,False,False,False,False,False,False,False,False,False,False,False,False,False,False,False,False,False,False,False,False,False,False,False,False,False,False,False,False,False,False,False,False,False,False,False,False,False,False,False,False,False,False,False,False,False,False,False,False,False,False,False,False,False,False,False,False,False,False,False,False,False,False,False,False,False,False,False,False,False,False,False,False,False,False,False,False,False,False,False,False,False,False,False,False,False,False,False,False,False,False,False,False,False,False,False,False,False,False,False,False,False,False,False,False,False,False,False,False,False,False,False,False,False,False,False,False,False,False,False,False,False,False,False,False,False,False,False,False,False,False,False,False,False,False,False,False,False,False,False,False,False,False,False,False,False,False,False,False,False
2019,26.87853,26.74895,26.43426,26.08254,25.86041,25.37911,25.37911,24.86079,24.7127,24.7127,24.7127,24.7127,24.7127,24.21289,24.10182,24.10182,24.10182,23.7316,23.47244,23.80564,24.13885,24.43503,25.39762,25.91594,26.43426,27.3228,27.71154,28.41498,30.43272,32.41344,33.45007,34.35713,35.39377,36.04167,36.59701,36.80063,37.37449,37.67067,38.48517,38.61475,39.00349,40.33631,40.24375,39.8365,40.20673,39.61436,39.92906,40.13268,40.20673,40.28077,40.39184,40.04013,40.4844,40.92867,41.07676,41.07676,41.00272,41.28039,41.40997,41.09528,41.09528,40.9657,40.70654,40.651,39.94757,40.11417,39.91055,40.42887,40.37333,40.24375,40.13268,39.76246,37.85578,37.393,37.24491,36.93021,36.30083,36.35636,36.37487,36.54147,35.85655,35.09759,34.48671,34.3016,33.74626,33.28347,32.74664,32.56153,31.87661,31.82107,30.8955,30.35867,29.63673,29.37757,28.67414,28.52604,False,False,False,False,False,False,False,False,False,False,False,False,False,False,False,False,False,False,False,False,False,False,False,False,False,False,False,False,False,False,False,False,False,False,False,False,False,False,False,False,False,False,False,False,False,False,False,False,False,False,False,False,False,False,False,False,False,False,False,False,False,False,False,False,False,False,False,False,False,False,False,False,False,False,False,False,False,False,False,False,False,False,False,False,False,False,False,False,False,False,False,False,False,False,False,False,False,False,False,False,False,False,False,False,False,False,False,False,False,False,False,False,False,False,False,False,False,False,False,False,False,False,False,False,False,False,False,False,False,False,False,False,False,False,False,False,False,False,False,False,False,False,False,False,True,False,False,False,False,False,False,False,False,False,False,False,False,False,False,False,False,False,False,False,False,False,False,False,False,False,False,False,False,False,False,False,False,False,False,False,False,False,False,False,False,False,False,False,False,False,False,False,False,False,False,False,False,False,False,False,False,False,False,False,False,False,False,False,False,False,False,False,False,False,False,False,False,False,False,False,False,False,False,False,False,False,False,False,False,False,False,False,False,False,False,False,False,False,False,False,False,False,False,False,False,False,False,False,False,False,False,False,False,False,False,False,False,False,False,False,False,False,False,False,False,False,False,False,False,False,False,False,False,False,False,False,False,False,False,False,False,False,False,False,False,False,False,False,False,False,False,False,False,False,False,False,False,False,False,False,False,False,False,False,False,False,False,False,False,False,False,False,False,False,False,False,False,False,False,False,False,False,False,False,False,False,False,False,False,False,False,False,False,False,False,False,False,False,False,False,False,False,False,False,False,False,False,False,False,False,False,False,False,False,False,False,False,False,False,False
2019,28.21135,27.21174,26.97109,26.3417,25.80487,25.80487,25.80487,25.54571,25.0459,25.0459,25.0459,24.63865,25.0459,24.58312,23.91671,24.2314,24.36098,24.36098,24.12034,24.24991,24.56461,25.10144,26.10105,26.69342,27.21174,28.00773,28.84074,29.17394,31.2102,32.91324,33.63519,34.39415,35.52335,35.94911,36.46743,37.17086,37.74471,37.96685,38.11494,38.33708,38.8554,39.39223,40.29929,40.0031,39.98459,39.91055,39.87352,39.52181,39.55883,39.61436,40.651,41.11379,41.50253,41.7802,41.74317,42.03936,42.22447,41.89127,41.76169,41.40997,41.31741,41.18783,40.651,40.44738,39.94757,39.63288,39.52181,39.74394,39.37372,38.98498,38.42964,38.55922,37.13384,36.98575,36.67105,36.30083,36.02316,35.46781,35.68995,36.28232,36.04167,35.54186,35.31972,35.30121,34.87545,34.87545,34.41267,34.3016,33.87584,33.6537,32.96878,32.39492,32.04321,31.89512,31.30275,30.46974,False,False,False,False,False,False,False,False,False,False,False,False,False,False,False,False,False,False,False,False,False,False,False,False,False,False,False,False,False,False,False,False,False,False,False,False,False,False,False,False,False,False,False,False,False,False,False,False,False,False,False,False,False,False,False,False,False,False,False,False,False,False,False,False,False,False,False,False,False,False,False,False,False,False,False,False,False,False,False,False,False,False,False,False,False,False,False,False,False,False,False,False,False,False,False,False,False,False,False,False,False,False,False,False,False,False,False,False,False,False,False,False,False,False,False,False,False,False,False,False,False,False,False,False,False,False,False,False,False,False,False,False,False,False,False,False,False,False,False,False,False,False,False,False,False,False,False,False,False,False,False,False,False,False,False,False,True,False,False,False,False,False,False,False,False,False,False,False,False,False,False,False,False,False,False,False,False,False,False,False,False,False,False,False,False,False,False,False,False,False,False,False,False,False,False,False,False,False,False,False,False,False,False,False,False,False,False,False,False,False,False,False,False,False,False,False,False,False,False,False,False,False,False,False,False,False,False,False,False,False,False,False,False,False,False,False,False,False,False,False,False,False,False,False,False,False,False,False,False,False,False,False,False,False,False,False,False,False,False,False,False,False,False,False,False,False,False,False,False,False,False,False,False,False,False,False,False,False,False,False,False,False,False,False,False,False,False,False,False,False,False,False,False,False,False,False,False,False,False,False,False,False,False,False,False,False,False,False,False,False,False,False,False,False,False,False,False,False,False,False,False,False,False,False,False,False,False,False,False,False,False,False,False,False,False,False,False,False,False,False,False,False,False,False,False,False,False,False,False,False,False,False,False,False,False,False,False,False,False,False
2019,30.13654,29.59971,29.17394,29.08139,28.48902,27.82261,27.37834,26.86002,26.86002,26.54533,26.19361,26.19361,26.19361,25.6938,25.47167,25.47167,25.47167,24.89781,24.97186,25.24953,25.15697,25.58273,25.86041,25.86041,25.86041,25.86041,26.45277,26.84151,27.28578,28.452,28.63711,29.28501,29.56268,30.17356,30.85848,31.59893,32.43195,33.46858,33.59816,34.07946,34.8014,35.31972,35.57888,35.56037,36.15274,37.11533,36.68957,36.93021,36.87468,37.18937,37.20788,37.00426,36.63403,37.05979,37.43002,37.30044,37.09682,37.61514,37.57811,37.35598,37.46704,37.83727,37.98536,38.05941,37.67067,37.67067,37.57811,37.57811,37.20788,37.28193,36.94873,36.33785,35.54186,35.50484,35.96762,36.2638,36.4119,36.67105,36.63403,36.52296,36.4119,36.43041,35.74549,35.39377,35.26419,35.19014,35.06056,35.00503,35.02354,35.50484,34.81992,34.26457,33.57965,33.11687,32.78366,32.37641,False,False,False,False,False,False,False,False,False,False,False,False,False,False,False,False,False,False,False,False,False,False,False,False,False,False,False,False,False,False,False,False,False,False,False,False,False,False,False,False,False,False,False,False,False,False,False,False,False,False,False,False,False,False,False,False,False,False,False,False,False,False,False,False,False,False,False,False,False,False,False,False,False,False,False,False,False,False,False,False,False,False,False,False,False,False,False,False,False,False,False,False,False,False,False,False,False,False,False,False,False,False,False,False,False,False,False,False,False,False,False,False,False,False,False,False,False,False,False,False,False,False,False,False,False,False,False,False,False,False,False,False,False,False,False,False,False,False,False,False,False,False,False,False,False,False,False,False,False,False,False,False,False,False,False,False,False,False,False,False,False,False,False,False,False,False,False,False,True,False,False,False,False,False,False,False,False,False,False,False,False,False,False,False,False,False,False,False,False,False,False,False,False,False,False,False,False,False,False,False,False,False,False,False,False,False,False,False,False,False,False,False,False,False,False,False,False,False,False,False,False,False,False,False,False,False,False,False,False,False,False,False,False,False,False,False,False,False,False,False,False,False,False,False,False,False,False,False,False,False,False,False,False,False,False,False,False,False,False,False,False,False,False,False,False,False,False,False,False,False,False,False,False,False,False,False,False,False,False,False,False,False,False,False,False,False,False,False,False,False,False,False,False,False,False,False,False,False,False,False,False,False,False,False,False,False,False,False,False,False,False,False,False,False,False,False,False,False,False,False,False,False,False,False,False,False,False,False,False,False,False,False,False,False,False,False,False,False,False,False,False,False,False,False,False,False,False,False,False,False,False,False,False,False,False,False,False,False,False,False
2019,31.67298,30.76592,30.45123,30.04398,29.78482,28.74818,28.43349,28.19284,27.82261,27.82261,27.82261,27.23025,27.04513,26.91555,26.89704,26.47128,26.47128,26.47128,26.47128,26.47128,26.47128,26.23063,26.24914,26.58235,26.58235,26.58235,26.823,27.56345,26.13808,26.43426,28.13731,28.6186,28.84074,29.37757,28.95181,29.54417,30.48825,31.26573,31.43233,31.95065,32.72813,33.39454,33.74626,34.74587,34.81992,34.65331,34.87545,35.04205,34.89396,34.83843,34.81992,34.57927,34.78289,35.41228,35.41228,35.41228,35.33823,35.31972,35.26419,35.54186,35.9306,35.59739,35.4493,34.98652,34.87545,35.20866,35.2827,35.17163,35.09759,35.20866,34.98652,34.81992,34.56076,35.09759,35.31972,35.43079,35.1161,34.8014,34.61629,34.52373,34.15351,33.89435,33.6537,33.6537,33.46858,32.98729,32.80218,32.30237,32.30237,31.78405,31.24722,30.76592,30.30314,29.59971,28.9333,28.08177,False,False,False,False,False,False,False,False,False,False,False,False,False,False,False,False,False,False,False,False,False,False,False,False,False,False,False,False,False,False,False,False,False,False,False,False,False,False,False,False,False,False,False,False,False,False,False,False,False,False,False,False,False,False,False,False,False,False,False,False,False,False,False,False,False,False,False,False,False,False,False,False,False,False,False,False,False,False,False,False,False,False,False,False,False,False,False,False,False,False,False,False,False,False,False,False,False,False,False,False,False,False,False,False,False,False,False,False,False,False,False,False,False,False,False,False,False,False,False,False,False,False,False,False,False,False,False,False,False,False,False,False,False,False,False,False,False,False,False,False,False,False,False,False,False,False,False,False,False,False,False,False,False,False,False,False,False,False,False,False,False,False,False,False,False,False,False,False,False,False,False,False,False,False,False,False,False,False,False,False,True,False,False,False,False,False,False,False,False,False,False,False,False,False,False,False,False,False,False,False,False,False,False,False,False,False,False,False,False,False,False,False,False,False,False,False,False,False,False,False,False,False,False,False,False,False,False,False,False,False,False,False,False,False,False,False,False,False,False,False,False,False,False,False,False,False,False,False,False,False,False,False,False,False,False,False,False,False,False,False,False,False,False,False,False,False,False,False,False,False,False,False,False,False,False,False,False,False,False,False,False,False,False,False,False,False,False,False,False,False,False,False,False,False,False,False,False,False,False,False,False,False,False,False,False,False,False,False,False,False,False,False,False,False,False,False,False,False,False,False,False,False,False,False,False,False,False,False,False,False,False,False,False,False,False,False,False,False,False,False,False,False,False,False,False,False,False,False,False,False,False,False,False,False,False,False,False,False,False,False
2019,27.21174,26.54533,26.54533,26.54533,26.19361,25.87892,25.37911,25.08293,25.08293,24.89781,24.60163,24.8793,24.30545,24.15736,23.50946,23.99076,24.26843,24.26843,24.47205,24.21289,24.21289,24.28694,24.80526,25.0459,26.10105,27.34132,28.15582,29.04436,30.82146,32.58004,33.76477,34.93098,36.5785,37.61514,37.89281,38.57773,39.46627,39.48479,39.6699,40.35482,40.57696,40.70654,40.59547,40.57696,40.651,40.63249,40.53993,40.28077,40.13268,40.76207,40.26226,40.04013,40.18822,40.42887,40.41035,40.24375,40.68803,40.87314,40.9657,40.94718,40.98421,40.87314,41.22486,41.31741,40.98421,40.70654,40.61398,40.63249,40.39184,40.09566,39.87352,38.98498,37.17086,36.78212,36.33785,36.46743,35.9306,35.4493,34.78289,34.07946,33.70923,33.80179,33.74626,33.26496,32.93175,32.8392,32.43195,32.15428,31.43233,30.95104,31.0621,30.09951,29.39608,29.19245,28.80372,28.02624,False,False,False,False,False,False,False,False,False,False,False,False,False,False,False,False,False,False,False,False,False,False,False,False,False,False,False,False,False,False,False,False,False,False,False,False,False,False,False,False,False,False,False,False,False,False,False,False,False,False,False,False,False,False,False,False,False,False,False,False,False,False,False,False,False,False,False,False,False,False,False,False,False,False,False,False,False,False,False,False,False,False,False,False,False,False,False,False,False,False,False,False,False,False,False,False,False,False,False,False,False,False,False,False,False,False,False,False,False,False,False,False,False,False,False,False,False,False,False,False,False,False,False,False,False,False,False,False,False,False,False,False,False,False,False,False,False,False,False,False,False,False,False,False,False,False,False,False,False,False,False,False,False,False,False,False,False,False,False,False,False,False,False,False,False,False,False,False,False,False,False,False,False,False,False,False,False,False,False,False,False,False,False,False,False,False,False,False,False,False,False,False,True,False,False,False,False,False,False,False,False,False,False,False,False,False,False,False,False,False,False,False,False,False,False,False,False,False,False,False,False,False,False,False,False,False,False,False,False,False,False,False,False,False,False,False,False,False,False,False,False,False,False,False,False,False,False,False,False,False,False,False,False,False,False,False,False,False,False,False,False,False,False,False,False,False,False,False,False,False,False,False,False,False,False,False,False,False,False,False,False,False,False,False,False,False,False,False,False,False,False,False,False,False,False,False,False,False,False,False,False,False,False,False,False,False,False,False,False,False,False,False,False,False,False,False,False,False,False,False,False,False,False,False,False,False,False,False,False,False,False,False,False,False,False,False,False,False,False,False,False,False,False,False,False,False,False,False,False,False,False,False,False,False,False,False,False,False,False,False
2019,27.52643,27.28578,26.63788,26.63788,26.63788,25.91594,25.86041,25.56422,25.24953,25.24953,25.08293,24.60163,24.58312,24.47205,24.58312,24.58312,24.08331,24.74972,24.86079,24.86079,24.28694,24.93484,24.93484,25.67529,26.54533,27.43387,28.00773,28.67414,30.69188,31.91363,32.8392,33.83881,35.02354,35.54186,35.35675,35.39377,35.81953,36.46743,36.54147,36.85617,37.91132,38.24452,38.30006,38.92944,38.3741,38.59624,38.70731,38.81838,39.26265,39.65139,39.65139,39.35521,39.70692,39.52181,39.70692,39.98459,39.98459,39.98459,39.98459,40.26226,40.24375,40.44738,40.59547,40.78058,40.39184,40.3178,40.16971,39.55883,39.04051,38.76284,37.67067,37.50407,35.96762,35.35675,35.20866,35.02354,34.57927,34.13499,34.13499,33.74626,33.67221,33.59816,33.09836,33.46858,32.8392,32.24683,31.58042,31.46936,30.74741,30.17356,30.04398,29.30352,29.06288,28.63711,27.9707,27.54494,False,False,False,False,False,False,False,False,False,False,False,False,False,False,False,False,False,False,False,False,False,False,False,False,False,False,False,False,False,False,False,False,False,False,False,False,False,False,False,False,False,False,False,False,False,False,False,False,False,False,False,False,False,False,False,False,False,False,False,False,False,False,False,False,False,False,False,False,False,False,False,False,False,False,False,False,False,False,False,False,False,False,False,False,False,False,False,False,False,False,False,False,False,False,False,False,False,False,False,False,False,False,False,False,False,False,False,False,False,False,False,False,False,False,False,False,False,False,False,False,False,False,False,False,False,False,False,False,False,False,False,False,False,False,False,False,False,False,False,False,False,False,False,False,False,False,False,False,False,False,False,False,False,False,False,False,False,False,False,False,False,False,False,False,False,False,False,False,False,False,False,False,False,False,False,False,False,False,False,False,False,False,False,False,False,False,False,False,False,False,False,False,False,False,False,False,False,False,False,False,False,False,False,False,True,False,False,False,False,False,False,False,False,False,False,False,False,False,False,False,False,False,False,False,False,False,False,False,False,False,False,False,False,False,False,False,False,False,False,False,False,False,False,False,False,False,False,False,False,False,False,False,False,False,False,False,False,False,False,False,False,False,False,False,False,False,False,False,False,False,False,False,False,False,False,False,False,False,False,False,False,False,False,False,False,False,False,False,False,False,False,False,False,False,False,False,False,False,False,False,False,False,False,False,False,False,False,False,False,False,False,False,False,False,False,False,False,False,False,False,False,False,False,False,False,False,False,False,False,False,False,False,False,False,False,False,False,False,False,False,False,False,False,False,False,False,False,False,False,False,False,False,False,False,False,False,False,False,False,False
2019,26.95258,26.43426,26.43426,26.43426,25.76785,25.74934,25.49018,24.86079,24.69419,24.69419,24.21289,24.21289,24.21289,24.21289,23.78713,23.58351,23.58351,23.58351,23.54648,23.84266,23.7316,24.15736,24.2314,24.84228,25.39762,26.26766,27.23025,27.93368,29.65524,31.26573,31.82107,32.59855,33.69072,34.50522,35.43079,35.65293,35.85655,35.59739,35.94911,36.30083,36.59701,37.2264,36.68957,36.87468,36.80063,37.30044,36.9117,36.65254,36.70808,36.93021,37.48556,37.54109,37.94834,37.44853,37.37449,37.94834,38.11494,38.2075,37.74471,37.92983,38.02239,38.02239,37.87429,37.91132,38.0409,38.13345,38.22601,38.28155,37.61514,37.63365,37.57811,36.7451,35.63442,35.35675,34.85694,35.17163,34.85694,34.65331,34.65331,34.17202,34.15351,34.15351,33.6537,33.52412,32.87622,32.0247,31.87661,31.48787,30.96955,30.43272,29.87738,29.41459,28.95181,28.21135,27.76708,27.23025,False,False,False,False,False,False,False,False,False,False,False,False,False,False,False,False,False,False,False,False,False,False,False,False,False,False,False,False,False,False,False,False,False,False,False,False,False,False,False,False,False,False,False,False,False,False,False,False,False,False,False,False,False,False,False,False,False,False,False,False,False,False,False,False,False,False,False,False,False,False,False,False,False,False,False,False,False,False,False,False,False,False,False,False,False,False,False,False,False,False,False,False,False,False,False,False,False,False,False,False,False,False,False,False,False,False,False,False,False,False,False,False,False,False,False,False,False,False,False,False,False,False,False,False,False,False,False,False,False,False,False,False,False,False,False,False,False,False,False,False,False,False,False,False,False,False,False,False,False,False,False,False,False,False,False,False,False,False,False,False,False,False,False,False,False,False,False,False,False,False,False,False,False,False,False,False,False,False,False,False,False,False,False,False,False,False,False,False,False,False,False,False,False,False,False,False,False,False,False,False,False,False,False,False,False,False,False,False,False,False,False,False,False,False,False,False,True,False,False,False,False,False,False,False,False,False,False,False,False,False,False,False,False,False,False,False,False,False,False,False,False,False,False,False,False,False,False,False,False,False,False,False,False,False,False,False,False,False,False,False,False,False,False,False,False,False,False,False,False,False,False,False,False,False,False,False,False,False,False,False,False,False,False,False,False,False,False,False,False,False,False,False,False,False,False,False,False,False,False,False,False,False,False,False,False,False,False,False,False,False,False,False,False,False,False,False,False,False,False,False,False,False,False,False,False,False,False,False,False,False,False,False,False,False,False,False,False,False,False,False,False,False,False,False,False,False,False,False,False,False,False,False,False,False,False,False,False,False,False,False
2019,26.76746,26.32319,26.32319,25.73083,25.49018,24.76823,24.76823,24.65717,24.08331,24.08331,24.13885,24.04629,24.02778,23.95373,23.32435,23.32435,23.32435,23.32435,23.32435,23.32435,23.56499,24.00927,24.24991,24.45354,25.23102,26.3417,27.1562,27.58196,29.15543,30.59932,31.67298,32.72813,33.89435,34.81992,35.67144,36.30083,36.55999,37.02277,37.59662,38.26303,38.8554,39.48479,39.96608,40.18822,40.16971,40.09566,40.20673,40.42887,40.94718,40.9657,41.11379,41.22486,41.48401,41.24337,41.15081,41.63211,41.44699,41.52104,41.83573,41.85424,41.85424,41.79871,41.63211,41.42848,41.57657,40.83612,40.05864,39.59585,39.22563,39.13307,39.42925,38.98498,37.57811,36.68957,36.5785,36.2638,35.94911,35.70846,35.37526,35.26419,34.43118,34.76438,34.15351,33.91286,33.76477,33.30198,32.39492,32.33939,31.41382,31.39531,30.71039,30.37718,29.78482,29.48864,28.84074,28.02624,False,False,False,False,False,False,False,False,False,False,False,False,False,False,False,False,False,False,False,False,False,False,False,False,False,False,False,False,False,False,False,False,False,False,False,False,False,False,False,False,False,False,False,False,False,False,False,False,False,False,False,False,False,False,False,False,False,False,False,False,False,False,False,False,False,False,False,False,False,False,False,False,False,False,False,False,False,False,False,False,False,False,False,False,False,False,False,False,False,False,False,False,False,False,False,False,False,False,False,False,False,False,False,False,False,False,False,False,False,False,False,False,False,False,False,False,False,False,False,False,False,False,False,False,False,False,False,False,False,False,False,False,False,False,False,False,False,False,False,False,False,False,False,False,False,False,False,False,False,False,False,False,False,False,False,False,False,False,False,False,False,False,False,False,False,False,False,False,False,False,False,False,False,False,False,False,False,False,False,False,False,False,False,False,False,False,False,False,False,False,False,False,False,False,False,False,False,False,False,False,False,False,False,False,False,False,False,False,False,False,False,False,False,False,False,False,False,False,False,False,False,False,False,False,False,False,False,False,True,False,False,False,False,False,False,False,False,False,False,False,False,False,False,False,False,False,False,False,False,False,False,False,False,False,False,False,False,False,False,False,False,False,False,False,False,False,False,False,False,False,False,False,False,False,False,False,False,False,False,False,False,False,False,False,False,False,False,False,False,False,False,False,False,False,False,False,False,False,False,False,False,False,False,False,False,False,False,False,False,False,False,False,False,False,False,False,False,False,False,False,False,False,False,False,False,False,False,False,False,False,False,False,False,False,False,False,False,False,False,False,False,False,False,False,False,False,False,False,False,False,False,False,False,False,False,False,False,False,False,False
2019,27.95219,27.35983,26.823,26.10105,25.86041,25.86041,25.28655,24.93484,24.52759,23.95373,24.12034,24.2314,23.54648,23.54648,23.54648,23.54648,23.0837,23.49095,23.04667,22.86156,22.86156,23.52797,23.69457,24.21289,25.08293,25.87892,26.1751,26.3417,28.52604,29.67375,30.67337,31.50638,32.28386,33.15389,33.28347,33.67221,34.19053,34.4682,34.74587,34.69034,35.31972,35.13461,35.35675,35.41228,35.52335,35.61591,36.11571,36.30083,36.30083,36.30083,36.22678,35.91209,36.13422,36.18976,35.98613,35.68995,36.13422,35.81953,35.52335,35.54186,35.43079,35.30121,35.22717,35.07908,34.76438,34.3016,33.89435,34.15351,34.52373,34.59778,34.57927,34.11648,32.95027,32.26534,32.24683,32.06172,31.87661,31.74703,32.11725,31.93214,31.32126,31.59893,30.87699,31.08062,30.39569,30.2476,30.28463,30.43272,29.80333,29.34055,29.19245,28.91478,28.24837,28.15582,27.54494,27.28578,False,False,False,False,False,False,False,False,False,False,False,False,False,False,False,False,False,False,False,False,False,False,False,False,False,False,False,False,False,False,False,False,False,False,False,False,False,False,False,False,False,False,False,False,False,False,False,False,False,False,False,False,False,False,False,False,False,False,False,False,False,False,False,False,False,False,False,False,False,False,False,False,False,False,False,False,False,False,False,False,False,False,False,False,False,False,False,False,False,False,False,False,False,False,False,False,False,False,False,False,False,False,False,False,False,False,False,False,False,False,False,False,False,False,False,False,False,False,False,False,False,False,False,False,False,False,False,False,False,False,False,False,False,False,False,False,False,False,False,False,False,False,False,False,False,False,False,False,False,False,False,False,False,False,False,False,False,False,False,False,False,False,False,False,False,False,False,False,False,False,False,False,False,False,False,False,False,False,False,False,False,False,False,False,False,False,False,False,False,False,False,False,False,False,False,False,False,False,False,False,False,False,False,False,False,False,False,False,False,False,False,False,False,False,False,False,False,False,False,False,False,False,False,False,False,False,False,False,False,False,False,False,False,False,False,False,False,False,False,False,True,False,False,False,False,False,False,False,False,False,False,False,False,False,False,False,False,False,False,False,False,False,False,False,False,False,False,False,False,False,False,False,False,False,False,False,False,False,False,False,False,False,False,False,False,False,False,False,False,False,False,False,False,False,False,False,False,False,False,False,False,False,False,False,False,False,False,False,False,False,False,False,False,False,False,False,False,False,False,False,False,False,False,False,False,False,False,False,False,False,False,False,False,False,False,False,False,False,False,False,False,False,False,False,False,False,False,False,False,False,False,False,False,False,False,False,False,False,False,False
2019,26.58235,26.26766,25.78636,25.54571,24.69419,24.56461,23.80564,23.28732,23.13923,23.13923,23.13923,23.13923,22.73198,22.63942,22.49133,22.49133,22.49133,22.49133,21.93599,21.65832,21.65832,21.65832,21.88046,21.75088,22.10259,22.6024,22.6024,22.6024,23.21328,23.43541,23.86118,24.24991,24.76823,25.13846,25.3606,25.97147,26.52682,26.58235,26.58235,26.91555,27.41536,27.54494,27.37834,27.4709,27.8041,27.4709,27.85964,27.91517,28.08177,28.35944,28.24837,28.17433,28.30391,27.8041,27.74857,27.76708,27.8041,28.04475,28.17433,28.13731,28.13731,28.00773,28.17433,28.63711,28.58158,28.74818,28.60009,28.41498,28.35944,28.35944,28.37795,28.32242,28.39647,28.47051,28.50753,28.52604,28.54456,28.452,28.17433,28.00773,28.08177,28.13731,28.74818,28.50753,27.91517,27.91517,27.91517,27.91517,27.6375,27.26727,26.823,26.54533,26.06403,25.93445,25.11995,25.08293,False,False,False,False,False,False,False,False,False,False,False,False,False,False,False,False,False,False,False,False,False,False,False,False,False,False,False,False,False,False,False,False,False,False,False,False,False,False,False,False,False,False,False,False,False,False,False,False,False,False,False,False,False,False,False,False,False,False,False,False,False,False,False,False,False,False,False,False,False,False,False,False,False,False,False,False,False,False,False,False,False,False,False,False,False,False,False,False,False,False,False,False,False,False,False,False,False,False,False,False,False,False,False,False,False,False,False,False,False,False,False,False,False,False,False,False,False,False,False,False,False,False,False,False,False,False,False,False,False,False,False,False,False,False,False,False,False,False,False,False,False,False,False,False,False,False,False,False,False,False,False,False,False,False,False,False,False,False,False,False,False,False,False,False,False,False,False,False,False,False,False,False,False,False,False,False,False,False,False,False,False,False,False,False,False,False,False,False,False,False,False,False,False,False,False,False,False,False,False,False,False,False,False,False,False,False,False,False,False,False,False,False,False,False,False,False,False,False,False,False,False,False,False,False,False,False,False,False,False,False,False,False,False,False,False,False,False,False,False,False,False,False,False,False,False,False,False,False,False,False,False,False,True,False,False,False,False,False,False,False,False,False,False,False,False,False,False,False,False,False,False,False,False,False,False,False,False,False,False,False,False,False,False,False,False,False,False,False,False,False,False,False,False,False,False,False,False,False,False,False,False,False,False,False,False,False,False,False,False,False,False,False,False,False,False,False,False,False,False,False,False,False,False,False,False,False,False,False,False,False,False,False,False,False,False,False,False,False,False,False,False,False,False,False,False,False,False,False,False,False,False,False,False,False,False,False,False,False,False,False
2019,24.95335,24.26843,23.91671,23.47244,23.47244,23.10221,22.71347,22.71347,22.69496,21.97301,21.97301,21.4547,21.26958,21.26958,21.26958,21.26958,21.26958,21.26958,21.26958,21.26958,21.26958,21.26958,21.26958,21.26958,21.26958,21.52874,21.91748,21.91748,22.28771,22.63942,22.63942,22.95412,23.30583,23.80564,24.24991,24.69419,24.93484,25.41613,25.41613,25.67529,26.24914,26.86002,26.86002,26.84151,26.9896,27.23025,27.21174,27.1562,27.35983,27.60048,27.60048,27.26727,27.37834,27.43387,27.4709,27.4709,27.39685,27.43387,27.58196,27.37834,27.13769,27.37834,27.4709,27.58196,27.11918,27.34132,27.35983,27.43387,27.06365,27.56345,27.60048,27.67452,27.78559,27.76708,27.58196,27.60048,27.60048,27.43387,27.02662,27.00811,26.91555,26.87853,26.9896,26.97109,26.97109,26.80449,26.37872,26.37872,26.37872,25.73083,25.71231,25.194,24.82377,24.49056,23.97224,23.80564,False,False,False,False,False,False,False,False,False,False,False,False,False,False,False,False,False,False,False,False,False,False,False,False,False,False,False,False,False,False,False,False,False,False,False,False,False,False,False,False,False,False,False,False,False,False,False,False,False,False,False,False,False,False,False,False,False,False,False,False,False,False,False,False,False,False,False,False,False,False,False,False,False,False,False,False,False,False,False,False,False,False,False,False,False,False,False,False,False,False,False,False,False,False,False,False,False,False,False,False,False,False,False,False,False,False,False,False,False,False,False,False,False,False,False,False,False,False,False,False,False,False,False,False,False,False,False,False,False,False,False,False,False,False,False,False,False,False,False,False,False,False,False,False,False,False,False,False,False,False,False,False,False,False,False,False,False,False,False,False,False,False,False,False,False,False,False,False,False,False,False,False,False,False,False,False,False,False,False,False,False,False,False,False,False,False,False,False,False,False,False,False,False,False,False,False,False,False,False,False,False,False,False,False,False,False,False,False,False,False,False,False,False,False,False,False,False,False,False,False,False,False,False,False,False,False,False,False,False,False,False,False,False,False,False,False,False,False,False,False,False,False,False,False,False,False,False,False,False,False,False,False,False,False,False,False,False,False,False,False,False,False,False,False,True,False,False,False,False,False,False,False,False,False,False,False,False,False,False,False,False,False,False,False,False,False,False,False,False,False,False,False,False,False,False,False,False,False,False,False,False,False,False,False,False,False,False,False,False,False,False,False,False,False,False,False,False,False,False,False,False,False,False,False,False,False,False,False,False,False,False,False,False,False,False,False,False,False,False,False,False,False,False,False,False,False,False,False,False,False,False,False,False,False,False,False,False,False,False,False
2019,23.45393,23.04667,22.49133,22.4358,22.4358,22.4358,22.4358,21.65832,21.63981,21.17702,20.99191,20.99191,20.99191,20.99191,20.99191,20.99191,20.99191,20.99191,20.99191,20.99191,20.99191,20.99191,20.99191,21.21405,22.52836,22.65794,23.06519,23.36137,24.32396,25.17548,25.39762,26.41575,27.45238,27.93368,27.95219,28.2854,28.74818,28.97032,29.15543,30.02547,30.15505,30.67337,31.08062,31.17317,31.24722,31.91363,31.98767,31.85809,31.87661,31.96916,31.80256,31.5434,31.59893,31.61745,31.48787,31.50638,31.52489,31.56191,31.67298,31.58042,31.71,31.63596,31.46936,31.74703,32.08023,31.80256,31.83958,32.17279,31.76554,31.50638,31.58042,31.41382,30.43272,29.96993,29.96993,29.93291,29.2665,29.00734,28.52604,28.19284,28.43349,28.22986,28.08177,27.93368,27.65601,27.56345,26.97109,26.97109,26.93407,26.43426,26.37872,25.74934,25.43464,25.56422,25.15697,24.60163,False,False,False,False,False,False,False,False,False,False,False,False,False,False,False,False,False,False,False,False,False,False,False,False,False,False,False,False,False,False,False,False,False,False,False,False,False,False,False,False,False,False,False,False,False,False,False,False,False,False,False,False,False,False,False,False,False,False,False,False,False,False,False,False,False,False,False,False,False,False,False,False,False,False,False,False,False,False,False,False,False,False,False,False,False,False,False,False,False,False,False,False,False,False,False,False,False,False,False,False,False,False,False,False,False,False,False,False,False,False,False,False,False,False,False,False,False,False,False,False,False,False,False,False,False,False,False,False,False,False,False,False,False,False,False,False,False,False,False,False,False,False,False,False,False,False,False,False,False,False,False,False,False,False,False,False,False,False,False,False,False,False,False,False,False,False,False,False,False,False,False,False,False,False,False,False,False,False,False,False,False,False,False,False,False,False,False,False,False,False,False,False,False,False,False,False,False,False,False,False,False,False,False,False,False,False,False,False,False,False,False,False,False,False,False,False,False,False,False,False,False,False,False,False,False,False,False,False,False,False,False,False,False,False,False,False,False,False,False,False,False,False,False,False,False,False,False,False,False,False,False,False,False,False,False,False,False,False,False,False,False,False,False,False,False,False,False,False,False,False,False,False,False,False,False,False,True,False,False,False,False,False,False,False,False,False,False,False,False,False,False,False,False,False,False,False,False,False,False,False,False,False,False,False,False,False,False,False,False,False,False,False,False,False,False,False,False,False,False,False,False,False,False,False,False,False,False,False,False,False,False,False,False,False,False,False,False,False,False,False,False,False,False,False,False,False,False,False,False,False,False,False,False,False,False,False,False,False,False,False
2019,24.26843,24.00927,23.60202,23.60202,23.60202,23.00965,22.93561,22.75049,22.21366,22.21366,22.21366,21.89897,21.60279,21.60279,21.60279,21.60279,21.60279,21.60279,21.60279,21.60279,21.60279,21.60279,21.60279,21.7879,22.30622,22.30622,22.99114,23.13923,23.97224,24.78675,25.60125,26.02701,26.76746,27.17471,27.50792,27.93368,28.32242,28.60009,28.60009,29.56268,30.15505,30.43272,30.96955,30.98806,30.98806,31.09913,31.28424,31.30275,31.5434,31.61745,31.02508,31.09913,31.11764,31.09913,31.09913,31.09913,31.33978,31.41382,31.41382,31.46936,31.45084,31.26573,31.09913,30.98806,30.96955,31.48787,31.35829,31.24722,31.2102,31.30275,31.30275,31.30275,30.39569,30.00696,29.54417,29.71077,29.34055,29.02585,28.60009,28.58158,28.15582,28.04475,28.02624,28.02624,28.02624,27.82261,27.73006,27.4709,27.6375,26.93407,26.86002,26.86002,26.69342,26.23063,25.95296,25.63827,False,False,False,False,False,False,False,False,False,False,False,False,False,False,False,False,False,False,False,False,False,False,False,False,False,False,False,False,False,False,False,False,False,False,False,False,False,False,False,False,False,False,False,False,False,False,False,False,False,False,False,False,False,False,False,False,False,False,False,False,False,False,False,False,False,False,False,False,False,False,False,False,False,False,False,False,False,False,False,False,False,False,False,False,False,False,False,False,False,False,False,False,False,False,False,False,False,False,False,False,False,False,False,False,False,False,False,False,False,False,False,False,False,False,False,False,False,False,False,False,False,False,False,False,False,False,False,False,False,False,False,False,False,False,False,False,False,False,False,False,False,False,False,False,False,False,False,False,False,False,False,False,False,False,False,False,False,False,False,False,False,False,False,False,False,False,False,False,False,False,False,False,False,False,False,False,False,False,False,False,False,False,False,False,False,False,False,False,False,False,False,False,False,False,False,False,False,False,False,False,False,False,False,False,False,False,False,False,False,False,False,False,False,False,False,False,False,False,False,False,False,False,False,False,False,False,False,False,False,False,False,False,False,False,False,False,False,False,False,False,False,False,False,False,False,False,False,False,False,False,False,False,False,False,False,False,False,False,False,False,False,False,False,False,False,False,False,False,False,False,False,False,False,False,False,False,False,False,False,False,False,False,False,False,False,False,False,False,True,False,False,False,False,False,False,False,False,False,False,False,False,False,False,False,False,False,False,False,False,False,False,False,False,False,False,False,False,False,False,False,False,False,False,False,False,False,False,False,False,False,False,False,False,False,False,False,False,False,False,False,False,False,False,False,False,False,False,False,False,False,False,False,False,False,False,False,False,False,False,False
2019,25.08293,24.63865,24.60163,24.82377,24.41652,24.32396,24.32396,24.2314,23.63904,23.63904,23.02816,22.99114,22.99114,22.99114,22.99114,22.99114,22.99114,22.99114,22.99114,22.99114,22.99114,22.99114,22.99114,23.52797,23.65755,23.67606,24.30545,24.43503,25.98999,26.6564,27.28578,28.13731,28.39647,28.98883,29.28501,29.85886,30.52527,30.8955,31.22871,31.74703,32.0247,32.54302,32.78366,32.78366,32.91324,32.91324,32.98729,33.28347,32.8392,33.15389,33.09836,33.20943,33.19091,33.22794,33.11687,33.1724,32.91324,32.91324,32.91324,33.04282,33.20943,32.89473,33.35752,33.24645,33.33901,33.37603,33.28347,33.54263,33.70923,33.57965,33.59816,33.54263,32.43195,32.30237,31.87661,31.80256,31.33978,31.11764,30.87699,30.58081,30.52527,30.54379,30.61783,30.52527,30.02547,29.71077,29.69226,29.35906,29.02585,28.80372,28.35944,28.32242,27.58196,27.54494,26.95258,26.39724,False,False,False,False,False,False,False,False,False,False,False,False,False,False,False,False,False,False,False,False,False,False,False,False,False,False,False,False,False,False,False,False,False,False,False,False,False,False,False,False,False,False,False,False,False,False,False,False,False,False,False,False,False,False,False,False,False,False,False,False,False,False,False,False,False,False,False,False,False,False,False,False,False,False,False,False,False,False,False,False,False,False,False,False,False,False,False,False,False,False,False,False,False,False,False,False,False,False,False,False,False,False,False,False,False,False,False,False,False,False,False,False,False,False,False,False,False,False,False,False,False,False,False,False,False,False,False,False,False,False,False,False,False,False,False,False,False,False,False,False,False,False,False,False,False,False,False,False,False,False,False,False,False,False,False,False,False,False,False,False,False,False,False,False,False,False,False,False,False,False,False,False,False,False,False,False,False,False,False,False,False,False,False,False,False,False,False,False,False,False,False,False,False,False,False,False,False,False,False,False,False,False,False,False,False,False,False,False,False,False,False,False,False,False,False,False,False,False,False,False,False,False,False,False,False,False,False,False,False,False,False,False,False,False,False,False,False,False,False,False,False,False,False,False,False,False,False,False,False,False,False,False,False,False,False,False,False,False,False,False,False,False,False,False,False,False,False,False,False,False,False,False,False,False,False,False,False,False,False,False,False,False,False,False,False,False,False,False,False,False,False,False,False,False,False,False,False,False,False,False,True,False,False,False,False,False,False,False,False,False,False,False,False,False,False,False,False,False,False,False,False,False,False,False,False,False,False,False,False,False,False,False,False,False,False,False,False,False,False,False,False,False,False,False,False,False,False,False,False,False,False,False,False,False,False,False,False,False,False,False
2019,25.74934,25.74934,25.74934,25.0459,25.02739,25.02739,24.78675,24.24991,23.87969,24.15736,24.21289,23.58351,23.58351,23.80564,23.49095,23.39839,22.80603,23.49095,23.58351,23.23179,23.2503,23.71308,23.71308,24.00927,24.5461,24.63865,25.32358,25.89743,27.34132,28.6186,29.63673,30.48825,31.52489,32.3579,32.43195,33.0058,33.28347,33.74626,34.33862,34.9495,35.70846,36.22678,36.37487,36.80063,36.81915,36.72659,37.00426,37.11533,37.18937,37.13384,37.04128,37.05979,37.35598,36.83766,37.54109,37.09682,37.2264,37.52258,37.43002,37.41151,37.74471,37.7262,37.85578,37.48556,37.74471,37.98536,38.02239,37.87429,37.7262,37.43002,37.18937,36.87468,35.35675,35.02354,34.24606,34.13499,33.35752,32.98729,32.8392,32.41344,32.46897,32.41344,32.13577,31.80256,31.43233,31.24722,31.02508,30.46974,30.46974,30.26612,29.54417,29.48864,28.97032,28.56307,27.8041,27.24876,False,False,False,False,False,False,False,False,False,False,False,False,False,False,False,False,False,False,False,False,False,False,False,False,False,False,False,False,False,False,False,False,False,False,False,False,False,False,False,False,False,False,False,False,False,False,False,False,False,False,False,False,False,False,False,False,False,False,False,False,False,False,False,False,False,False,False,False,False,False,False,False,False,False,False,False,False,False,False,False,False,False,False,False,False,False,False,False,False,False,False,False,False,False,False,False,False,False,False,False,False,False,False,False,False,False,False,False,False,False,False,False,False,False,False,False,False,False,False,False,False,False,False,False,False,False,False,False,False,False,False,False,False,False,False,False,False,False,False,False,False,False,False,False,False,False,False,False,False,False,False,False,False,False,False,False,False,False,False,False,False,False,False,False,False,False,False,False,False,False,False,False,False,False,False,False,False,False,False,False,False,False,False,False,False,False,False,False,False,False,False,False,False,False,False,False,False,False,False,False,False,False,False,False,False,False,False,False,False,False,False,False,False,False,False,False,False,False,False,False,False,False,False,False,False,False,False,False,False,False,False,False,False,False,False,False,False,False,False,False,False,False,False,False,False,False,False,False,False,False,False,False,False,False,False,False,False,False,False,False,False,False,False,False,False,False,False,False,False,False,False,False,False,False,False,False,False,False,False,False,False,False,False,False,False,False,False,False,False,False,False,False,False,False,False,False,False,False,False,False,False,False,False,False,False,False,False,False,False,False,False,True,False,False,False,False,False,False,False,False,False,False,False,False,False,False,False,False,False,False,False,False,False,False,False,False,False,False,False,False,False,False,False,False,False,False,False,False,False,False,False,False,False,False,False,False,False,False,False,False
2019,26.80449,26.80449,26.26766,25.97147,25.6938,25.80487,25.41613,25.0459,25.0459,24.24991,24.24991,23.69457,23.63904,23.63904,23.63904,23.63904,23.63904,23.63904,23.2503,23.43541,23.49095,23.49095,23.99076,24.36098,24.73121,25.34209,26.06403,26.69342,28.24837,29.72929,30.37718,31.2102,32.24683,33.57965,34.04244,34.59778,35.19014,35.4493,36.22678,36.85617,37.20788,37.59662,37.37449,37.33746,37.5596,37.80025,38.35559,38.55922,38.35559,38.48517,38.74433,38.91093,38.92944,39.09605,39.00349,39.52181,39.5033,38.96647,38.76284,38.94795,39.28116,39.07753,39.1886,39.13307,39.15158,39.37372,39.31818,39.00349,38.78135,38.26303,38.24452,37.83727,36.31934,35.764,35.63442,35.33823,34.72736,34.54225,34.26457,34.04244,33.41305,33.26496,33.0058,32.85771,32.50599,32.37641,31.87661,32.30237,31.83958,30.98806,30.61783,30.04398,29.61822,29.37757,28.7852,28.47051,False,False,False,False,False,False,False,False,False,False,False,False,False,False,False,False,False,False,False,False,False,False,False,False,False,False,False,False,False,False,False,False,False,False,False,False,False,False,False,False,False,False,False,False,False,False,False,False,False,False,False,False,False,False,False,False,False,False,False,False,False,False,False,False,False,False,False,False,False,False,False,False,False,False,False,False,False,False,False,False,False,False,False,False,False,False,False,False,False,False,False,False,False,False,False,False,False,False,False,False,False,False,False,False,False,False,False,False,False,False,False,False,False,False,False,False,False,False,False,False,False,False,False,False,False,False,False,False,False,False,False,False,False,False,False,False,False,False,False,False,False,False,False,False,False,False,False,False,False,False,False,False,False,False,False,False,False,False,False,False,False,False,False,False,False,False,False,False,False,False,False,False,False,False,False,False,False,False,False,False,False,False,False,False,False,False,False,False,False,False,False,False,False,False,False,False,False,False,False,False,False,False,False,False,False,False,False,False,False,False,False,False,False,False,False,False,False,False,False,False,False,False,False,False,False,False,False,False,False,False,False,False,False,False,False,False,False,False,False,False,False,False,False,False,False,False,False,False,False,False,False,False,False,False,False,False,False,False,False,False,False,False,False,False,False,False,False,False,False,False,False,False,False,False,False,False,False,False,False,False,False,False,False,False,False,False,False,False,False,False,False,False,False,False,False,False,False,False,False,False,False,False,False,False,False,False,False,False,False,False,False,False,False,False,False,False,False,False,False,False,False,False,False,True,False,False,False,False,False,False,False,False,False,False,False,False,False,False,False,False,False,False,False,False,False,False,False,False,False,False,False,False,False,False,False,False,False,False,False,False
2019,27.82261,27.82261,27.28578,26.6564,26.54533,26.02701,25.80487,25.28655,25.10144,25.10144,25.10144,24.99037,24.32396,24.32396,23.75011,24.15736,24.0648,23.91671,23.58351,23.8982,23.69457,23.80564,23.78713,24.26843,24.32396,24.21289,24.73121,25.10144,25.58273,26.0085,26.80449,27.3228,28.08177,28.35944,28.76669,29.15543,29.85886,30.59932,31.09913,31.48787,32.13577,32.48748,32.58004,33.24645,33.24645,33.24645,33.46858,34.04244,34.00542,34.28309,34.20904,34.37564,34.69034,34.54225,34.76438,34.78289,34.78289,34.57927,34.78289,35.07908,34.52373,34.81992,35.33823,35.1161,35.17163,35.68995,35.50484,35.87506,35.46781,35.15312,35.37526,35.09759,34.65331,34.32011,34.32011,34.32011,34.32011,34.83843,34.3016,34.06095,33.56114,33.63519,33.63519,33.63519,33.56114,32.89473,32.93175,32.78366,31.98767,31.76554,31.5434,31.24722,30.54379,30.46974,29.72929,29.06288,False,False,False,False,False,False,False,False,False,False,False,False,False,False,False,False,False,False,False,False,False,False,False,False,False,False,False,False,False,False,False,False,False,False,False,False,False,False,False,False,False,False,False,False,False,False,False,False,False,False,False,False,False,False,False,False,False,False,False,False,False,False,False,False,False,False,False,False,False,False,False,False,False,False,False,False,False,False,False,False,False,False,False,False,False,False,False,False,False,False,False,False,False,False,False,False,False,False,False,False,False,False,False,False,False,False,False,False,False,False,False,False,False,False,False,False,False,False,False,False,False,False,False,False,False,False,False,False,False,False,False,False,False,False,False,False,False,False,False,False,False,False,False,False,False,False,False,False,False,False,False,False,False,False,False,False,False,False,False,False,False,False,False,False,False,False,False,False,False,False,False,False,False,False,False,False,False,False,False,False,False,False,False,False,False,False,False,False,False,False,False,False,False,False,False,False,False,False,False,False,False,False,False,False,False,False,False,False,False,False,False,False,False,False,False,False,False,False,False,False,False,False,False,False,False,False,False,False,False,False,False,False,False,False,False,False,False,False,False,False,False,False,False,False,False,False,False,False,False,False,False,False,False,False,False,False,False,False,False,False,False,False,False,False,False,False,False,False,False,False,False,False,False,False,False,False,False,False,False,False,False,False,False,False,False,False,False,False,False,False,False,False,False,False,False,False,False,False,False,False,False,False,False,False,False,False,False,False,False,False,False,False,False,False,False,False,False,False,False,False,False,False,False,False,False,False,False,False,False,False,False,False,False,False,False,True,False,False,False,False,False,False,False,False,False,False,False,False,False,False,False,False,False,False,False,False,False,False,False,False
2019,28.82223,28.30391,28.30391,27.65601,26.84151,26.71193,26.60086,25.97147,25.97147,25.97147,25.63827,25.30506,25.30506,25.30506,25.30506,25.11995,24.5461,24.5461,24.5461,24.5461,24.5461,24.67568,25.15697,25.15697,24.82377,25.10144,25.49018,25.49018,25.98999,26.89704,27.23025,27.6375,27.98921,28.63711,29.24799,29.63673,30.37718,30.7289,31.5434,31.74703,32.41344,33.45007,33.41305,34.07946,34.96801,34.89396,35.30121,35.41228,35.15312,35.35675,35.15312,34.98652,35.57888,34.8014,34.81992,34.81992,34.89396,34.85694,34.85694,34.85694,35.04205,35.00503,35.13461,35.57888,35.68995,35.68995,35.19014,35.15312,35.15312,35.20866,35.09759,35.09759,35.09759,35.00503,34.41267,34.56076,34.20904,34.20904,34.20904,34.13499,33.63519,34.20904,34.07946,33.76477,33.20943,33.24645,33.20943,33.1724,32.59855,31.98767,31.43233,30.96955,30.54379,30.19207,29.87738,29.0999,False,False,False,False,False,False,False,False,False,False,False,False,False,False,False,False,False,False,False,False,False,False,False,False,False,False,False,False,False,False,False,False,False,False,False,False,False,False,False,False,False,False,False,False,False,False,False,False,False,False,False,False,False,False,False,False,False,False,False,False,False,False,False,False,False,False,False,False,False,False,False,False,False,False,False,False,False,False,False,False,False,False,False,False,False,False,False,False,False,False,False,False,False,False,False,False,False,False,False,False,False,False,False,False,False,False,False,False,False,False,False,False,False,False,False,False,False,False,False,False,False,False,False,False,False,False,False,False,False,False,False,False,False,False,False,False,False,False,False,False,False,False,False,False,False,False,False,False,False,False,False,False,False,False,False,False,False,False,False,False,False,False,False,False,False,False,False,False,False,False,False,False,False,False,False,False,False,False,False,False,False,False,False,False,False,False,False,False,False,False,False,False,False,False,False,False,False,False,False,False,False,False,False,False,False,False,False,False,False,False,False,False,False,False,False,False,False,False,False,False,False,False,False,False,False,False,False,False,False,False,False,False,False,False,False,False,False,False,False,False,False,False,False,False,False,False,False,False,False,False,False,False,False,False,False,False,False,False,False,False,False,False,False,False,False,False,False,False,False,False,False,False,False,False,False,False,False,False,False,False,False,False,False,False,False,False,False,False,False,False,False,False,False,False,False,False,False,False,False,False,False,False,False,False,False,False,False,False,False,False,False,False,False,False,False,False,False,False,False,False,False,False,False,False,False,False,False,False,False,False,False,False,False,False,False,False,False,False,False,False,False,False,False,False,False,True,False,False,False,False,False,False,False,False,False,False,False,False,False,False
2019,28.76669,28.63711,28.02624,27.82261,27.21174,27.21174,26.69342,26.43426,26.43426,25.89743,25.82338,25.82338,25.82338,25.45315,25.97147,25.43464,25.3606,25.3606,25.3606,25.86041,25.97147,25.97147,25.97147,26.45277,27.04513,27.76708,28.11879,29.04436,30.59932,31.91363,32.91324,33.09836,34.24606,34.93098,35.43079,35.98613,37.09682,37.37449,38.24452,38.2075,38.6888,38.61475,38.98498,39.29967,39.31818,39.89204,40.24375,41.11379,41.55806,42.22447,42.7613,42.7613,42.28,41.9468,41.39146,40.87314,41.05825,40.41035,40.26226,40.50291,40.74356,40.78058,37.94834,35.96762,35.54186,35.68995,36.5785,39.00349,39.6699,39.39223,38.70731,38.70731,37.54109,37.15235,36.72659,36.43041,35.98613,35.56037,35.06056,34.8014,34.8014,34.19053,34.81992,34.20904,33.19091,33.50561,33.30198,32.72813,32.33939,32.33939,32.24683,31.76554,31.61745,31.58042,30.91401,29.98844,False,False,False,False,False,False,False,False,False,False,False,False,False,False,False,False,False,False,False,False,False,False,False,False,False,False,False,False,False,False,False,False,False,False,False,False,False,False,False,False,False,False,False,False,False,False,False,False,False,False,False,False,False,False,False,False,False,False,False,False,False,False,False,False,False,False,False,False,False,False,False,False,False,False,False,False,False,False,False,False,False,False,False,False,False,False,False,False,False,False,False,False,False,False,False,False,False,False,False,False,False,False,False,False,False,False,False,False,False,False,False,False,False,False,False,False,False,False,False,False,False,False,False,False,False,False,False,False,False,False,False,False,False,False,False,False,False,False,False,False,False,False,False,False,False,False,False,False,False,False,False,False,False,False,False,False,False,False,False,False,False,False,False,False,False,False,False,False,False,False,False,False,False,False,False,False,False,False,False,False,False,False,False,False,False,False,False,False,False,False,False,False,False,False,False,False,False,False,False,False,False,False,False,False,False,False,False,False,False,False,False,False,False,False,False,False,False,False,False,False,False,False,False,False,False,False,False,False,False,False,False,False,False,False,False,False,False,False,False,False,False,False,False,False,False,False,False,False,False,False,False,False,False,False,False,False,False,False,False,False,False,False,False,False,False,False,False,False,False,False,False,False,False,False,False,False,False,False,False,False,False,False,False,False,False,False,False,False,False,False,False,False,False,False,False,False,False,False,False,False,False,False,False,False,False,False,False,False,False,False,False,False,False,False,False,False,False,False,False,False,False,False,False,False,False,False,False,False,False,False,False,False,False,False,False,False,False,False,False,False,False,False,False,False,False,False,False,False,False,False,False,False,False,False,False,True,False,False,False,False
2019,29.35906,29.35906,29.82184,29.96993,29.93291,29.71077,29.24799,29.06288,28.91478,28.9333,28.63711,28.30391,27.91517,27.45238,27.17471,26.71193,26.52682,25.98999,25.67529,25.24953,25.63827,25.65678,25.65678,25.65678,25.65678,26.04552,26.91555,26.95258,27.95219,28.74818,29.59971,30.5623,31.87661,32.41344,32.76515,33.13538,33.69072,34.33862,34.37564,34.41267,34.98652,35.33823,35.9306,35.9306,36.50445,36.81915,37.05979,37.04128,37.09682,37.11533,36.87468,37.2264,37.30044,37.15235,37.48556,37.30044,37.44853,37.30044,37.35598,37.70769,37.89281,37.54109,37.78174,37.80025,37.81876,37.94834,38.24452,38.22601,37.81876,37.41151,37.63365,37.09682,36.30083,35.52335,35.07908,34.8014,34.26457,34.00542,33.54263,33.33901,33.15389,33.0058,32.58004,32.65408,32.65408,32.08023,31.58042,31.45084,31.2102,31.2102,30.5623,30.48825,29.89589,29.65524,29.47013,28.85925,False,False,False,True,False,False,False,False,False,False,False,False,False,False,False,False,False,False,False,False,False,False,False,False,False,False,False,False,False,False,False,False,False,False,False,False,False,False,False,False,False,False,False,False,False,False,False,False,False,False,False,False,False,False,False,False,False,False,False,False,False,False,False,False,False,False,False,False,False,False,False,False,False,False,False,False,False,False,False,False,False,False,False,False,False,False,False,False,False,False,False,False,False,False,False,False,False,False,False,False,False,False,False,False,False,False,False,False,False,False,False,False,False,False,False,False,False,False,False,False,False,False,False,False,False,False,False,False,False,False,False,False,False,False,False,False,False,False,False,False,False,False,False,False,False,False,False,False,False,False,False,False,False,False,False,False,False,False,False,False,False,False,False,False,False,False,False,False,False,False,False,False,False,False,False,False,False,False,False,False,False,False,False,False,False,False,False,False,False,False,False,False,False,False,False,False,False,False,False,False,False,False,False,False,False,False,False,False,False,False,False,False,False,False,False,False,False,False,False,False,False,False,False,False,False,False,False,False,False,False,False,False,False,False,False,False,False,False,False,False,False,False,False,False,False,False,False,False,False,False,False,False,False,False,False,False,False,False,False,False,False,False,False,False,False,False,False,False,False,False,False,False,False,False,False,False,False,False,False,False,False,False,False,False,False,False,False,False,False,False,False,False,False,False,False,False,False,False,False,False,False,False,False,False,False,False,False,False,False,False,False,False,False,False,False,False,False,False,False,False,False,False,False,False,False,False,False,False,False,False,False,False,False,False,False,False,False,False,False,False,False,False,False,False,False,False,False,False,False,False,False,False,False,False,False,False,False,False,False,False
2019,28.32242,28.32242,28.13731,27.60048,27.60048,27.3228,26.74895,26.74895,26.52682,26.10105,26.10105,25.86041,25.49018,25.49018,25.49018,25.49018,25.49018,24.86079,24.82377,24.95335,24.97186,24.97186,25.58273,25.87892,26.24914,26.80449,27.54494,28.11879,30.37718,31.69149,32.41344,33.13538,34.56076,35.33823,35.9306,35.94911,36.81915,36.85617,36.76361,37.7262,37.48556,37.87429,38.39261,38.78135,39.1886,39.89204,40.26226,40.4844,40.57696,41.20634,41.42848,40.74356,40.94718,41.59508,41.4655,41.4655,41.68764,41.65062,41.63211,41.63211,41.53955,40.68803,39.8365,39.52181,39.31818,39.00349,38.81838,38.79986,38.33708,37.57811,37.46704,36.98575,36.00464,35.61591,35.15312,35.2827,35.15312,34.33862,34.04244,34.04244,33.74626,33.94988,33.80179,33.63519,32.95027,32.5245,32.09874,32.09874,32.09874,31.72851,31.32126,30.46974,29.87738,29.15543,28.52604,27.98921,False,False,False,False,False,False,False,False,False,False,False,False,False,False,False,True,False,False,False,False,False,False,False,False,False,False,False,False,False,False,False,False,False,False,False,False,False,False,False,False,False,False,False,False,False,False,False,False,False,False,False,False,False,False,False,False,False,False,False,False,False,False,False,False,False,False,False,False,False,False,False,False,False,False,False,False,False,False,False,False,False,False,False,False,False,False,False,False,False,False,False,False,False,False,False,False,False,False,False,False,False,False,False,False,False,False,False,False,False,False,False,False,False,False,False,False,False,False,False,False,False,False,False,False,False,False,False,False,False,False,False,False,False,False,False,False,False,False,False,False,False,False,False,False,False,False,False,False,False,False,False,False,False,False,False,False,False,False,False,False,False,False,False,False,False,False,False,False,False,False,False,False,False,False,False,False,False,False,False,False,False,False,False,False,False,False,False,False,False,False,False,False,False,False,False,False,False,False,False,False,False,False,False,False,False,False,False,False,False,False,False,False,False,False,False,False,False,False,False,False,False,False,False,False,False,False,False,False,False,False,False,False,False,False,False,False,False,False,False,False,False,False,False,False,False,False,False,False,False,False,False,False,False,False,False,False,False,False,False,False,False,False,False,False,False,False,False,False,False,False,False,False,False,False,False,False,False,False,False,False,False,False,False,False,False,False,False,False,False,False,False,False,False,False,False,False,False,False,False,False,False,False,False,False,False,False,False,False,False,False,False,False,False,False,False,False,False,False,False,False,False,False,False,False,False,False,False,False,False,False,False,False,False,False,False,False,False,False,False,False,False,False,False,False,False,False,False,False,False,False,False,False,False,False,False,False,False,False,False,False
2019,27.65601,27.13769,26.86002,26.43426,26.26766,25.82338,25.82338,25.5272,25.02739,25.02739,25.02739,25.02739,25.02739,25.02739,25.02739,25.02739,24.50907,24.80526,24.36098,24.13885,24.73121,24.8793,24.8793,25.24953,25.91594,25.91594,26.76746,27.4709,29.4331,30.80295,31.74703,32.96878,33.56114,33.96839,34.39415,34.61629,35.63442,35.54186,36.63403,37.18937,37.54109,37.98536,37.98536,38.33708,38.59624,38.59624,39.00349,39.26265,38.98498,39.07753,39.59585,39.46627,39.48479,39.48479,39.48479,39.68841,39.57734,39.96608,39.96608,39.72543,40.16971,40.02162,39.65139,39.07753,39.33669,38.79986,38.24452,38.44815,38.2075,37.80025,37.54109,37.13384,36.15274,35.37526,35.24568,35.24568,35.02354,34.70885,34.35713,34.35713,34.35713,34.11648,33.74626,33.74626,33.39454,33.09836,33.09836,32.91324,32.1913,32.1913,31.72851,31.32126,30.67337,29.98844,29.47013,28.95181,False,False,False,False,False,False,False,False,False,False,False,False,False,False,False,False,False,False,False,False,False,False,False,False,False,False,False,True,False,False,False,False,False,False,False,False,False,False,False,False,False,False,False,False,False,False,False,False,False,False,False,False,False,False,False,False,False,False,False,False,False,False,False,False,False,False,False,False,False,False,False,False,False,False,False,False,False,False,False,False,False,False,False,False,False,False,False,False,False,False,False,False,False,False,False,False,False,False,False,False,False,False,False,False,False,False,False,False,False,False,False,False,False,False,False,False,False,False,False,False,False,False,False,False,False,False,False,False,False,False,False,False,False,False,False,False,False,False,False,False,False,False,False,False,False,False,False,False,False,False,False,False,False,False,False,False,False,False,False,False,False,False,False,False,False,False,False,False,False,False,False,False,False,False,False,False,False,False,False,False,False,False,False,False,False,False,False,False,False,False,False,False,False,False,False,False,False,False,False,False,False,False,False,False,False,False,False,False,False,False,False,False,False,False,False,False,False,False,False,False,False,False,False,False,False,False,False,False,False,False,False,False,False,False,False,False,False,False,False,False,False,False,False,False,False,False,False,False,False,False,False,False,False,False,False,False,False,False,False,False,False,False,False,False,False,False,False,False,False,False,False,False,False,False,False,False,False,False,False,False,False,False,False,False,False,False,False,False,False,False,False,False,False,False,False,False,False,False,False,False,False,False,False,False,False,False,False,False,False,False,False,False,False,False,False,False,False,False,False,False,False,False,False,False,False,False,False,False,False,False,False,False,False,False,False,False,False,False,False,False,False,False,False,False,False,False,False,False,False,False,False,False,False,False,False,False,False,False,False,False
2019,28.13731,27.91517,27.91517,27.39685,27.21174,26.48979,26.48979,26.04552,25.76785,25.76785,25.76785,25.23102,25.15697,25.15697,25.15697,25.15697,24.86079,24.52759,24.52759,24.52759,24.60163,25.00888,25.30506,25.87892,26.5083,27.24876,27.39685,28.08177,29.98844,31.65447,33.02431,34.19053,34.91247,35.31972,35.94911,36.11571,36.30083,36.87468,37.48556,38.22601,38.92944,38.98498,39.26265,39.68841,40.20673,40.94718,40.79909,40.33631,40.28077,40.68803,40.68803,40.68803,40.70654,40.68803,40.68803,40.3178,40.85463,40.72505,40.22524,40.33631,40.72505,40.74356,41.11379,40.76207,41.39146,41.57657,41.61359,41.87275,41.63211,41.63211,41.15081,40.28077,38.83689,37.98536,38.07792,38.05941,37.33746,36.76361,36.52296,36.43041,35.9306,35.9306,35.67144,35.43079,35.15312,35.15312,34.4682,34.4682,34.13499,33.59816,33.32049,32.28386,32.15428,32.0247,30.8955,30.43272,False,False,False,False,False,False,False,False,False,False,False,False,False,False,False,False,False,False,False,False,False,False,False,False,False,False,False,False,False,False,False,False,False,False,False,False,False,False,False,True,False,False,False,False,False,False,False,False,False,False,False,False,False,False,False,False,False,False,False,False,False,False,False,False,False,False,False,False,False,False,False,False,False,False,False,False,False,False,False,False,False,False,False,False,False,False,False,False,False,False,False,False,False,False,False,False,False,False,False,False,False,False,False,False,False,False,False,False,False,False,False,False,False,False,False,False,False,False,False,False,False,False,False,False,False,False,False,False,False,False,False,False,False,False,False,False,False,False,False,False,False,False,False,False,False,False,False,False,False,False,False,False,False,False,False,False,False,False,False,False,False,False,False,False,False,False,False,False,False,False,False,False,False,False,False,False,False,False,False,False,False,False,False,False,False,False,False,False,False,False,False,False,False,False,False,False,False,False,False,False,False,False,False,False,False,False,False,False,False,False,False,False,False,False,False,False,False,False,False,False,False,False,False,False,False,False,False,False,False,False,False,False,False,False,False,False,False,False,False,False,False,False,False,False,False,False,False,False,False,False,False,False,False,False,False,False,False,False,False,False,False,False,False,False,False,False,False,False,False,False,False,False,False,False,False,False,False,False,False,False,False,False,False,False,False,False,False,False,False,False,False,False,False,False,False,False,False,False,False,False,False,False,False,False,False,False,False,False,False,False,False,False,False,False,False,False,False,False,False,False,False,False,False,False,False,False,False,False,False,False,False,False,False,False,False,False,False,False,False,False,False,False,False,False,False,False,False,False,False,False,False,False,False,False,False,False,False,False,False,False
2019,29.63673,29.22948,28.80372,28.80372,28.30391,27.8041,27.30429,27.30429,27.30429,27.00811,26.48979,26.48979,26.48979,26.48979,26.48979,26.48979,26.48979,26.48979,26.48979,26.48979,26.04552,26.04552,26.04552,25.97147,26.26766,26.63788,26.78597,27.1562,28.26689,28.91478,29.59971,29.76631,30.30314,31.24722,31.87661,32.33939,33.1724,33.94988,34.43118,35.20866,35.61591,36.59701,37.41151,37.41151,37.89281,38.98498,39.1886,39.22563,39.22563,39.54032,38.70731,38.07792,38.07792,38.07792,38.07792,38.07792,37.81876,37.43002,37.43002,37.35598,37.02277,36.59701,35.87506,36.00464,36.06018,35.91209,35.39377,35.764,35.1161,35.02354,34.85694,34.85694,34.56076,34.09797,33.85732,33.46858,33.46858,33.46858,33.06133,33.0058,32.93175,32.93175,32.91324,32.80218,32.30237,32.08023,32.06172,31.5434,31.26573,30.82146,30.48825,30.11802,29.76631,29.35906,28.85925,28.48902,False,False,False,False,False,False,False,False,False,False,False,False,False,False,False,False,False,False,False,False,False,False,False,False,False,False,False,False,False,False,False,False,False,False,False,False,False,False,False,False,False,False,False,False,False,False,False,False,False,False,False,True,False,False,False,False,False,False,False,False,False,False,False,False,False,False,False,False,False,False,False,False,False,False,False,False,False,False,False,False,False,False,False,False,False,False,False,False,False,False,False,False,False,False,False,False,False,False,False,False,False,False,False,False,False,False,False,False,False,False,False,False,False,False,False,False,False,False,False,False,False,False,False,False,False,False,False,False,False,False,False,False,False,False,False,False,False,False,False,False,False,False,False,False,False,False,False,False,False,False,False,False,False,False,False,False,False,False,False,False,False,False,False,False,False,False,False,False,False,False,False,False,False,False,False,False,False,False,False,False,False,False,False,False,False,False,False,False,False,False,False,False,False,False,False,False,False,False,False,False,False,False,False,False,False,False,False,False,False,False,False,False,False,False,False,False,False,False,False,False,False,False,False,False,False,False,False,False,False,False,False,False,False,False,False,False,False,False,False,False,False,False,False,False,False,False,False,False,False,False,False,False,False,False,False,False,False,False,False,False,False,False,False,False,False,False,False,False,False,False,False,False,False,False,False,False,False,False,False,False,False,False,False,False,False,False,False,False,False,False,False,False,False,False,False,False,False,False,False,False,False,False,False,False,False,False,False,False,False,False,False,False,False,False,False,False,False,False,False,False,False,False,False,False,False,False,False,False,False,False,False,False,False,False,False,False,False,False,False,False,False,False,False,False,False,False,False,False,False,False,False,False,False,False,False,False,False,False,False,False
2019,27.93368,27.37834,26.93407,26.47128,26.47128,25.95296,25.65678,25.58273,24.86079,24.86079,24.86079,24.86079,24.56461,24.13885,24.13885,23.37988,23.32435,23.32435,23.32435,23.32435,23.71308,23.30583,23.30583,23.86118,24.13885,24.13885,24.13885,24.13885,24.69419,24.93484,25.32358,25.08293,25.65678,25.87892,25.87892,25.95296,26.80449,27.56345,28.04475,27.98921,28.02624,28.50753,28.32242,28.58158,28.67414,28.87776,29.08139,29.08139,29.08139,29.08139,29.28501,29.2665,29.2665,29.2665,29.28501,28.91478,29.34055,29.4331,29.4331,29.4331,29.4331,28.9333,28.97032,28.9333,29.54417,29.06288,29.00734,28.97032,29.11841,29.65524,29.65524,29.65524,29.48864,29.52566,29.52566,29.52566,29.52566,29.52566,29.52566,29.52566,29.52566,29.34055,28.82223,28.82223,28.82223,28.54456,28.10028,28.10028,27.4709,27.41536,26.93407,26.80449,26.80449,26.23063,25.97147,24.82377,False,False,False,False,False,False,False,False,False,False,False,False,False,False,False,False,False,False,False,False,False,False,False,False,False,False,False,False,False,False,False,False,False,False,False,False,False,False,False,False,False,False,False,False,False,False,False,False,False,False,False,False,False,False,False,False,False,False,False,False,False,False,False,True,False,False,False,False,False,False,False,False,False,False,False,False,False,False,False,False,False,False,False,False,False,False,False,False,False,False,False,False,False,False,False,False,False,False,False,False,False,False,False,False,False,False,False,False,False,False,False,False,False,False,False,False,False,False,False,False,False,False,False,False,False,False,False,False,False,False,False,False,False,False,False,False,False,False,False,False,False,False,False,False,False,False,False,False,False,False,False,False,False,False,False,False,False,False,False,False,False,False,False,False,False,False,False,False,False,False,False,False,False,False,False,False,False,False,False,False,False,False,False,False,False,False,False,False,False,False,False,False,False,False,False,False,False,False,False,False,False,False,False,False,False,False,False,False,False,False,False,False,False,False,False,False,False,False,False,False,False,False,False,False,False,False,False,False,False,False,False,False,False,False,False,False,False,False,False,False,False,False,False,False,False,False,False,False,False,False,False,False,False,False,False,False,False,False,False,False,False,False,False,False,False,False,False,False,False,False,False,False,False,False,False,False,False,False,False,False,False,False,False,False,False,False,False,False,False,False,False,False,False,False,False,False,False,False,False,False,False,False,False,False,False,False,False,False,False,False,False,False,False,False,False,False,False,False,False,False,False,False,False,False,False,False,False,False,False,False,False,False,False,False,False,False,False,False,False,False,False,False,False,False,False,False,False,False,False,False,False,False,False,False,False,False,False,False,False,False
2019,24.34247,24.08331,24.41652,24.41652,23.71308,23.58351,23.58351,23.19477,22.75049,22.75049,22.75049,22.75049,22.75049,22.49133,22.13962,22.13962,22.13962,22.13962,22.13962,22.13962,23.04667,23.36137,23.36137,23.47244,24.58312,25.34209,25.80487,26.37872,28.19284,29.71077,30.22909,31.09913,32.24683,32.59855,32.89473,33.15389,33.45007,33.80179,34.09797,34.41267,35.09759,35.09759,35.35675,35.15312,35.15312,34.59778,35.19014,35.20866,35.20866,35.20866,35.56037,35.9306,35.89358,35.63442,35.15312,35.22717,35.59739,35.67144,35.57888,35.70846,35.70846,35.41228,35.09759,35.09759,35.09759,34.52373,34.91247,34.91247,34.61629,34.57927,34.43118,34.54225,33.39454,32.82069,32.56153,32.72813,32.13577,31.98767,31.13615,31.28424,31.30275,31.30275,31.30275,31.24722,30.41421,30.09951,28.6186,29.04436,28.47051,28.47051,28.11879,27.91517,26.95258,26.60086,26.60086,26.1751,False,False,False,False,False,False,False,False,False,False,False,False,False,False,False,False,False,False,False,False,False,False,False,False,False,False,False,False,False,False,False,False,False,False,False,False,False,False,False,False,False,False,False,False,False,False,False,False,False,False,False,False,False,False,False,False,False,False,False,False,False,False,False,False,False,False,False,False,False,False,False,False,False,False,False,True,False,False,False,False,False,False,False,False,False,False,False,False,False,False,False,False,False,False,False,False,False,False,False,False,False,False,False,False,False,False,False,False,False,False,False,False,False,False,False,False,False,False,False,False,False,False,False,False,False,False,False,False,False,False,False,False,False,False,False,False,False,False,False,False,False,False,False,False,False,False,False,False,False,False,False,False,False,False,False,False,False,False,False,False,False,False,False,False,False,False,False,False,False,False,False,False,False,False,False,False,False,False,False,False,False,False,False,False,False,False,False,False,False,False,False,False,False,False,False,False,False,False,False,False,False,False,False,False,False,False,False,False,False,False,False,False,False,False,False,False,False,False,False,False,False,False,False,False,False,False,False,False,False,False,False,False,False,False,False,False,False,False,False,False,False,False,False,False,False,False,False,False,False,False,False,False,False,False,False,False,False,False,False,False,False,False,False,False,False,False,False,False,False,False,False,False,False,False,False,False,False,False,False,False,False,False,False,False,False,False,False,False,False,False,False,False,False,False,False,False,False,False,False,False,False,False,False,False,False,False,False,False,False,False,False,False,False,False,False,False,False,False,False,False,False,False,False,False,False,False,False,False,False,False,False,False,False,False,False,False,False,False,False,False,False,False,False,False,False,False,False,False,False,False,False,False,False,False,False,False,False,False,False,False
2019,25.87892,24.89781,25.00888,25.26804,25.17548,24.47205,25.06442,24.50907,24.47205,23.91671,23.71308,23.71308,23.71308,23.71308,23.71308,23.71308,23.71308,23.02816,23.43541,23.49095,23.49095,23.84266,24.19438,24.91632,25.60125,26.37872,26.91555,27.73006,29.78482,30.98806,32.11725,33.69072,34.72736,35.24568,35.67144,36.63403,37.04128,37.43002,37.94834,38.07792,38.22601,38.6888,38.81838,39.15158,38.91093,38.98498,39.59585,39.42925,39.07753,39.57734,39.91055,39.28116,39.63288,39.8365,39.92906,39.8365,39.87352,39.63288,39.94757,39.87352,40.11417,40.37333,40.16971,40.50291,40.35482,40.63249,40.3178,40.05864,40.24375,39.87352,39.61436,38.5407,36.54147,35.65293,35.65293,35.54186,34.93098,34.96801,34.87545,34.70885,34.59778,34.28309,34.02393,33.6537,33.30198,32.48748,31.71,30.96955,30.58081,29.65524,29.41459,28.69265,28.06326,27.74857,27.30429,26.73044,False,False,False,False,False,False,False,False,False,False,False,False,False,False,False,False,False,False,False,False,False,False,False,False,False,False,False,False,False,False,False,False,False,False,False,False,False,False,False,False,False,False,False,False,False,False,False,False,False,False,False,False,False,False,False,False,False,False,False,False,False,False,False,False,False,False,False,False,False,False,False,False,False,False,False,False,False,False,False,False,False,False,False,False,False,False,True,False,False,False,False,False,False,False,False,False,False,False,False,False,False,False,False,False,False,False,False,False,False,False,False,False,False,False,False,False,False,False,False,False,False,False,False,False,False,False,False,False,False,False,False,False,False,False,False,False,False,False,False,False,False,False,False,False,False,False,False,False,False,False,False,False,False,False,False,False,False,False,False,False,False,False,False,False,False,False,False,False,False,False,False,False,False,False,False,False,False,False,False,False,False,False,False,False,False,False,False,False,False,False,False,False,False,False,False,False,False,False,False,False,False,False,False,False,False,False,False,False,False,False,False,False,False,False,False,False,False,False,False,False,False,False,False,False,False,False,False,False,False,False,False,False,False,False,False,False,False,False,False,False,False,False,False,False,False,False,False,False,False,False,False,False,False,False,False,False,False,False,False,False,False,False,False,False,False,False,False,False,False,False,False,False,False,False,False,False,False,False,False,False,False,False,False,False,False,False,False,False,False,False,False,False,False,False,False,False,False,False,False,False,False,False,False,False,False,False,False,False,False,False,False,False,False,False,False,False,False,False,False,False,False,False,False,False,False,False,False,False,False,False,False,False,False,False,False,False,False,False,False,False,False,False,False,False,False,False,False,False,False,False,False,False,False,False,False,False,False,False,False,False
2019,26.06403,25.80487,25.80487,25.28655,25.13846,25.13846,24.95335,24.26843,24.26843,24.26843,24.26843,24.26843,24.26843,23.7316,24.15736,23.99076,23.37988,23.37988,23.37988,23.37988,23.99076,24.21289,24.26843,25.0459,25.71231,26.02701,26.76746,27.43387,29.61822,31.3768,32.37641,33.15389,34.3016,35.06056,35.70846,36.11571,36.87468,38.24452,38.74433,39.05902,39.6699,39.98459,40.57696,40.57696,40.68803,41.20634,41.18783,40.46589,40.04013,40.09566,40.13268,40.13268,40.13268,40.11417,40.04013,40.18822,39.98459,40.11417,40.09566,40.26226,40.76207,40.76207,40.76207,40.76207,40.76207,40.72505,40.07715,40.07715,39.85501,39.54032,38.89242,38.74433,37.41151,36.44892,36.06018,35.80102,35.4493,34.78289,35.04205,34.4682,34.4682,34.4682,34.32011,33.74626,33.56114,32.93175,32.26534,31.71,31.3768,30.65485,30.61783,29.78482,28.98883,28.43349,28.02624,27.34132,False,False,False,False,False,False,False,False,False,False,False,False,False,False,False,False,False,False,False,False,False,False,False,False,False,False,False,False,False,False,False,False,False,False,False,False,False,False,False,False,False,False,False,False,False,False,False,False,False,False,False,False,False,False,False,False,False,False,False,False,False,False,False,False,False,False,False,False,False,False,False,False,False,False,False,False,False,False,False,False,False,False,False,False,False,False,False,False,False,False,False,False,False,False,False,False,False,False,True,False,False,False,False,False,False,False,False,False,False,False,False,False,False,False,False,False,False,False,False,False,False,False,False,False,False,False,False,False,False,False,False,False,False,False,False,False,False,False,False,False,False,False,False,False,False,False,False,False,False,False,False,False,False,False,False,False,False,False,False,False,False,False,False,False,False,False,False,False,False,False,False,False,False,False,False,False,False,False,False,False,False,False,False,False,False,False,False,False,False,False,False,False,False,False,False,False,False,False,False,False,False,False,False,False,False,False,False,False,False,False,False,False,False,False,False,False,False,False,False,False,False,False,False,False,False,False,False,False,False,False,False,False,False,False,False,False,False,False,False,False,False,False,False,False,False,False,False,False,False,False,False,False,False,False,False,False,False,False,False,False,False,False,False,False,False,False,False,False,False,False,False,False,False,False,False,False,False,False,False,False,False,False,False,False,False,False,False,False,False,False,False,False,False,False,False,False,False,False,False,False,False,False,False,False,False,False,False,False,False,False,False,False,False,False,False,False,False,False,False,False,False,False,False,False,False,False,False,False,False,False,False,False,False,False,False,False,False,False,False,False,False,False,False,False,False,False,False,False,False,False,False,False,False,False,False,False,False,False,False,False
2019,26.91555,26.30468,26.30468,26.30468,25.61976,25.08293,24.82377,24.82377,24.82377,24.82377,24.32396,24.19438,24.19438,24.19438,23.91671,23.4169,23.4169,23.4169,23.4169,23.4169,23.54648,23.82415,24.08331,24.36098,25.50869,25.80487,26.43426,27.23025,29.22948,30.76592,31.58042,32.1913,32.6726,33.54263,34.11648,34.24606,34.24606,34.32011,34.4682,35.07908,35.07908,35.07908,35.07908,35.09759,35.09759,35.09759,35.09759,35.09759,35.68995,35.35675,36.0972,35.87506,36.2638,35.96762,36.02316,35.98613,36.18976,35.764,35.74549,35.80102,35.764,35.46781,34.69034,35.15312,35.20866,35.41228,35.1161,34.78289,34.8014,34.8014,34.78289,34.02393,32.85771,32.74664,32.74664,32.70962,32.1913,32.0247,32.0247,32.0247,32.0247,31.58042,31.2102,31.22871,30.52527,30.13654,29.63673,29.41459,29.02585,28.13731,28.13731,27.84112,27.08216,26.823,26.13808,25.45315,False,False,False,False,False,False,False,False,False,False,False,False,False,False,False,False,False,False,False,False,False,False,False,False,False,False,False,False,False,False,False,False,False,False,False,False,False,False,False,False,False,False,False,False,False,False,False,False,False,False,False,False,False,False,False,False,False,False,False,False,False,False,False,False,False,False,False,False,False,False,False,False,False,False,False,False,False,False,False,False,False,False,False,False,False,False,False,False,False,False,False,False,False,False,False,False,False,False,False,False,False,False,False,False,False,False,False,False,False,False,True,False,False,False,False,False,False,False,False,False,False,False,False,False,False,False,False,False,False,False,False,False,False,False,False,False,False,False,False,False,False,False,False,False,False,False,False,False,False,False,False,False,False,False,False,False,False,False,False,False,False,False,False,False,False,False,False,False,False,False,False,False,False,False,False,False,False,False,False,False,False,False,False,False,False,False,False,False,False,False,False,False,False,False,False,False,False,False,False,False,False,False,False,False,False,False,False,False,False,False,False,False,False,False,False,False,False,False,False,False,False,False,False,False,False,False,False,False,False,False,False,False,False,False,False,False,False,False,False,False,False,False,False,False,False,False,False,False,False,False,False,False,False,False,False,False,False,False,False,False,False,False,False,False,False,False,False,False,False,False,False,False,False,False,False,False,False,False,False,False,False,False,False,False,False,False,False,False,False,False,False,False,False,False,False,False,False,False,False,False,False,False,False,False,False,False,False,False,False,False,False,False,False,False,False,False,False,False,False,False,False,False,False,False,False,False,False,False,False,False,False,False,False,False,False,False,False,False,False,False,False,False,False,False,False,False,False,False,False,False,False,False,False,False,False,False,False,False,False,False
2019,25.41613,25.41613,25.41613,25.26804,24.58312,24.32396,23.86118,23.86118,23.86118,23.47244,23.21328,23.21328,23.21328,23.21328,23.21328,23.21328,23.21328,22.75049,22.49133,22.49133,23.21328,23.32435,23.86118,24.34247,25.30506,25.74934,26.39724,27.13769,29.04436,30.41421,31.52489,32.32088,33.19091,33.83881,33.91286,34.28309,34.98652,35.22717,35.72697,36.52296,37.37449,37.37449,38.07792,38.05941,38.65177,38.76284,38.94795,39.41074,39.48479,40.11417,40.24375,40.24375,40.4844,40.74356,39.98459,40.37333,40.41035,40.26226,39.68841,39.5033,39.022,38.28155,38.26303,38.26303,38.26303,38.26303,38.26303,38.00387,37.52258,37.52258,37.52258,36.93021,35.57888,35.20866,35.20866,35.20866,35.20866,34.81992,34.4682,34.4682,34.4682,34.4682,34.17202,33.74626,33.74626,33.74626,33.20943,33.09836,32.3579,31.91363,31.43233,30.98806,30.43272,30.09951,29.4331,29.24799,False,False,False,False,False,False,False,False,False,False,False,False,False,False,False,False,False,False,False,False,False,False,False,False,False,False,False,False,False,False,False,False,False,False,False,False,False,False,False,False,False,False,False,False,False,False,False,False,False,False,False,False,False,False,False,False,False,False,False,False,False,False,False,False,False,False,False,False,False,False,False,False,False,False,False,False,False,False,False,False,False,False,False,False,False,False,False,False,False,False,False,False,False,False,False,False,False,False,False,False,False,False,False,False,False,False,False,False,False,False,False,False,False,False,False,False,False,False,False,False,False,False,True,False,False,False,False,False,False,False,False,False,False,False,False,False,False,False,False,False,False,False,False,False,False,False,False,False,False,False,False,False,False,False,False,False,False,False,False,False,False,False,False,False,False,False,False,False,False,False,False,False,False,False,False,False,False,False,False,False,False,False,False,False,False,False,False,False,False,False,False,False,False,False,False,False,False,False,False,False,False,False,False,False,False,False,False,False,False,False,False,False,False,False,False,False,False,False,False,False,False,False,False,False,False,False,False,False,False,False,False,False,False,False,False,False,False,False,False,False,False,False,False,False,False,False,False,False,False,False,False,False,False,False,False,False,False,False,False,False,False,False,False,False,False,False,False,False,False,False,False,False,False,False,False,False,False,False,False,False,False,False,False,False,False,False,False,False,False,False,False,False,False,False,False,False,False,False,False,False,False,False,False,False,False,False,False,False,False,False,False,False,False,False,False,False,False,False,False,False,False,False,False,False,False,False,False,False,False,False,False,False,False,False,False,False,False,False,False,False,False,False,False,False,False,False,False,False,False,False,False,False,False,False,False,False,False,False,False,False
2019,28.72967,28.35944,27.85964,27.50792,27.04513,27.04513,26.74895,26.26766,25.6938,25.65678,25.65678,25.49018,25.0459,25.0459,25.0459,24.8793,24.74972,24.21289,23.60202,23.75011,23.97224,23.97224,23.97224,23.97224,23.97224,23.7316,24.32396,24.7127,25.58273,26.36021,27.65601,28.06326,28.41498,28.87776,29.15543,30.09951,30.95104,31.33978,31.91363,32.30237,33.15389,33.78328,33.83881,34.57927,34.57927,34.57927,34.70885,34.76438,35.1161,35.24568,35.24568,35.24568,35.50484,35.83804,35.83804,36.02316,36.48594,36.9117,36.63403,36.68957,35.39377,34.6348,34.6348,35.4493,35.91209,35.91209,36.30083,37.05979,37.13384,36.5785,36.5785,36.5785,36.35636,36.33785,36.70808,35.96762,35.9306,35.9306,35.9306,35.37526,35.07908,35.07908,35.07908,34.69034,34.3016,34.3016,34.17202,33.63519,33.63519,32.87622,32.87622,32.54302,32.1913,31.58042,31.11764,30.74741,False,False,False,False,False,False,False,False,False,False,False,False,False,False,False,False,False,False,False,False,False,False,False,False,False,False,False,False,False,False,False,False,False,False,False,False,False,False,False,False,False,False,False,False,False,False,False,False,False,False,False,False,False,False,False,False,False,False,False,False,False,False,False,False,False,False,False,False,False,False,False,False,False,False,False,False,False,False,False,False,False,False,False,False,False,False,False,False,False,False,False,False,False,False,False,False,False,False,False,False,False,False,False,False,False,False,False,False,False,False,False,False,False,False,False,False,False,False,False,False,False,False,False,False,False,False,False,False,False,False,False,False,False,False,True,False,False,False,False,False,False,False,False,False,False,False,False,False,False,False,False,False,False,False,False,False,False,False,False,False,False,False,False,False,False,False,False,False,False,False,False,False,False,False,False,False,False,False,False,False,False,False,False,False,False,False,False,False,False,False,False,False,False,False,False,False,False,False,False,False,False,False,False,False,False,False,False,False,False,False,False,False,False,False,False,False,False,False,False,False,False,False,False,False,False,False,False,False,False,False,False,False,False,False,False,False,False,False,False,False,False,False,False,False,False,False,False,False,False,False,False,False,False,False,False,False,False,False,False,False,False,False,False,False,False,False,False,False,False,False,False,False,False,False,False,False,False,False,False,False,False,False,False,False,False,False,False,False,False,False,False,False,False,False,False,False,False,False,False,False,False,False,False,False,False,False,False,False,False,False,False,False,False,False,False,False,False,False,False,False,False,False,False,False,False,False,False,False,False,False,False,False,False,False,False,False,False,False,False,False,False,False,False,False,False,False,False,False,False,False,False,False,False,False,False,False,False,False,False,False
2019,29.69226,29.69226,29.80333,28.89627,28.26689,27.78559,27.41536,27.06365,27.11918,26.91555,26.52682,25.91594,25.91594,25.65678,25.21251,25.84189,25.86041,25.86041,25.60125,24.99037,25.26804,25.56422,25.80487,25.80487,25.80487,25.13846,25.60125,25.60125,26.13808,27.21174,27.30429,27.30429,27.93368,27.93368,28.13731,28.54456,28.80372,29.67375,30.02547,30.21058,30.91401,31.39531,31.58042,31.80256,33.02431,33.02431,33.45007,33.76477,33.76477,33.76477,33.76477,33.76477,34.33862,33.91286,33.76477,34.24606,34.59778,34.59778,34.17202,33.9869,34.65331,34.81992,34.81992,34.81992,34.35713,34.91247,34.91247,34.91247,34.91247,34.91247,34.4682,34.26457,34.26457,34.26457,34.04244,34.04244,34.04244,34.04244,33.59816,33.41305,33.41305,33.70923,33.59816,33.52412,33.07985,32.91324,32.28386,32.26534,31.85809,31.58042,31.09913,30.83997,30.13654,30.13654,29.06288,28.11879,False,False,False,False,False,False,False,False,False,False,False,False,False,False,False,False,False,False,False,False,False,False,False,False,False,False,False,False,False,False,False,False,False,False,False,False,False,False,False,False,False,False,False,False,False,False,False,False,False,False,False,False,False,False,False,False,False,False,False,False,False,False,False,False,False,False,False,False,False,False,False,False,False,False,False,False,False,False,False,False,False,False,False,False,False,False,False,False,False,False,False,False,False,False,False,False,False,False,False,False,False,False,False,False,False,False,False,False,False,False,False,False,False,False,False,False,False,False,False,False,False,False,False,False,False,False,False,False,False,False,False,False,False,False,False,False,False,False,False,False,False,False,False,False,False,False,True,False,False,False,False,False,False,False,False,False,False,False,False,False,False,False,False,False,False,False,False,False,False,False,False,False,False,False,False,False,False,False,False,False,False,False,False,False,False,False,False,False,False,False,False,False,False,False,False,False,False,False,False,False,False,False,False,False,False,False,False,False,False,False,False,False,False,False,False,False,False,False,False,False,False,False,False,False,False,False,False,False,False,False,False,False,False,False,False,False,False,False,False,False,False,False,False,False,False,False,False,False,False,False,False,False,False,False,False,False,False,False,False,False,False,False,False,False,False,False,False,False,False,False,False,False,False,False,False,False,False,False,False,False,False,False,False,False,False,False,False,False,False,False,False,False,False,False,False,False,False,False,False,False,False,False,False,False,False,False,False,False,False,False,False,False,False,False,False,False,False,False,False,False,False,False,False,False,False,False,False,False,False,False,False,False,False,False,False,False,False,False,False,False,False,False,False,False,False,False,False,False,False,False,False,False,False,False,False,False,False,False,False,False
2019,27.8041,27.8041,27.54494,26.9896,26.47128,26.47128,26.47128,26.47128,25.98999,25.86041,25.60125,25.0459,25.0459,25.0459,25.0459,25.41613,25.74934,25.74934,25.23102,24.93484,25.43464,25.54571,26.19361,26.91555,27.78559,28.54456,28.71116,30.17356,32.11725,33.83881,35.65293,36.65254,38.15197,38.8554,39.17009,40.04013,40.651,40.92867,41.48401,41.50253,42.24298,42.15042,42.40958,43.02046,43.61282,43.70538,43.89049,44.18668,44.24221,44.63095,44.20519,44.07561,44.2237,44.26072,43.77943,43.96454,43.89049,43.77943,43.79794,43.81645,43.70538,43.53878,43.53878,43.55729,43.5758,43.52027,43.46473,43.18706,42.53916,42.02084,41.31741,40.79909,38.96647,38.30006,38.0409,38.11494,37.13384,37.09682,36.89319,36.44892,36.18976,36.07869,36.07869,35.9306,35.43079,35.19014,34.4682,33.8203,32.89473,32.74664,32.3579,31.78405,31.32126,30.74741,30.59932,29.71077,False,False,False,False,False,False,False,False,False,False,False,False,False,False,False,False,False,False,False,False,False,False,False,False,False,False,False,False,False,False,False,False,False,False,False,False,False,False,False,False,False,False,False,False,False,False,False,False,False,False,False,False,False,False,False,False,False,False,False,False,False,False,False,False,False,False,False,False,False,False,False,False,False,False,False,False,False,False,False,False,False,False,False,False,False,False,False,False,False,False,False,False,False,False,False,False,False,False,False,False,False,False,False,False,False,False,False,False,False,False,False,False,False,False,False,False,False,False,False,False,False,False,False,False,False,False,False,False,False,False,False,False,False,False,False,False,False,False,False,False,False,False,False,False,False,False,False,False,False,False,False,False,False,False,False,False,False,False,True,False,False,False,False,False,False,False,False,False,False,False,False,False,False,False,False,False,False,False,False,False,False,False,False,False,False,False,False,False,False,False,False,False,False,False,False,False,False,False,False,False,False,False,False,False,False,False,False,False,False,False,False,False,False,False,False,False,False,False,False,False,False,False,False,False,False,False,False,False,False,False,False,False,False,False,False,False,False,False,False,False,False,False,False,False,False,False,False,False,False,False,False,False,False,False,False,False,False,False,False,False,False,False,False,False,False,False,False,False,False,False,False,False,False,False,False,False,False,False,False,False,False,False,False,False,False,False,False,False,False,False,False,False,False,False,False,False,False,False,False,False,False,False,False,False,False,False,False,False,False,False,False,False,False,False,False,False,False,False,False,False,False,False,False,False,False,False,False,False,False,False,False,False,False,False,False,False,False,False,False,False,False,False,False,False,False,False,False,False,False,False,False,False,False,False,False,False,False,False,False,False
2019,29.2665,28.97032,28.65562,28.32242,28.02624,27.9707,27.24876,27.24876,27.24876,27.24876,27.21174,26.56384,26.58235,26.58235,26.58235,26.56384,26.08254,26.04552,26.04552,26.04552,26.26766,26.97109,27.4709,28.08177,28.58158,29.54417,30.2476,31.33978,33.89435,35.37526,36.46743,38.31857,39.41074,40.28077,41.18783,41.55806,42.70577,43.13153,43.53878,44.11263,44.59393,45.16778,45.07522,44.8716,45.24183,45.38992,45.50099,45.74163,46.25995,46.22293,46.03782,46.334,46.42655,46.42655,46.42655,46.44507,46.53762,46.53762,46.44507,46.74125,46.75976,46.24144,46.29698,45.98228,46.11186,46.27846,46.46358,46.44507,45.77866,45.50099,44.92713,44.37179,42.26149,41.59508,40.9657,41.05825,40.33631,39.79948,39.17009,39.15158,38.42964,38.52219,38.52219,37.68918,37.05979,36.46743,36.04167,35.67144,34.91247,34.48671,33.8203,33.04282,32.45046,32.41344,31.89512,31.39531,False,False,False,False,False,False,False,False,False,False,False,False,False,False,False,False,False,False,False,False,False,False,False,False,False,False,False,False,False,False,False,False,False,False,False,False,False,False,False,False,False,False,False,False,False,False,False,False,False,False,False,False,False,False,False,False,False,False,False,False,False,False,False,False,False,False,False,False,False,False,False,False,False,False,False,False,False,False,False,False,False,False,False,False,False,False,False,False,False,False,False,False,False,False,False,False,False,False,False,False,False,False,False,False,False,False,False,False,False,False,False,False,False,False,False,False,False,False,False,False,False,False,False,False,False,False,False,False,False,False,False,False,False,False,False,False,False,False,False,False,False,False,False,False,False,False,False,False,False,False,False,False,False,False,False,False,False,False,False,False,False,False,False,False,False,False,False,False,False,False,True,False,False,False,False,False,False,False,False,False,False,False,False,False,False,False,False,False,False,False,False,False,False,False,False,False,False,False,False,False,False,False,False,False,False,False,False,False,False,False,False,False,False,False,False,False,False,False,False,False,False,False,False,False,False,False,False,False,False,False,False,False,False,False,False,False,False,False,False,False,False,False,False,False,False,False,False,False,False,False,False,False,False,False,False,False,False,False,False,False,False,False,False,False,False,False,False,False,False,False,False,False,False,False,False,False,False,False,False,False,False,False,False,False,False,False,False,False,False,False,False,False,False,False,False,False,False,False,False,False,False,False,False,False,False,False,False,False,False,False,False,False,False,False,False,False,False,False,False,False,False,False,False,False,False,False,False,False,False,False,False,False,False,False,False,False,False,False,False,False,False,False,False,False,False,False,False,False,False,False,False,False,False,False,False,False,False,False,False,False
2019,30.30314,30.02547,29.98844,29.2665,29.2665,29.15543,28.65562,28.65562,28.32242,27.9707,27.9707,27.69303,27.3228,27.3228,27.3228,26.74895,26.76746,26.78597,26.58235,26.58235,26.87853,27.4709,27.4709,28.10028,28.82223,29.47013,30.34016,31.61745,34.28309,36.17125,37.26342,38.57773,40.26226,41.55806,42.28,42.89088,43.26111,44.0571,44.51988,44.92713,45.46396,45.38992,45.63057,46.18591,46.74125,47.25957,47.25957,47.42617,47.85193,48.55536,48.79601,48.79601,49.36986,49.55498,49.44391,49.4254,49.35135,49.66605,49.31433,49.01815,48.98113,48.83303,48.74048,48.83303,48.46281,48.74048,48.20365,48.20365,47.85193,47.42617,46.94487,46.05633,44.26072,43.18706,42.81683,42.61321,42.00233,41.48401,40.91016,40.41035,39.85501,39.6699,39.29967,39.00349,38.11494,37.76323,37.09682,36.85617,36.04167,35.33823,34.78289,34.28309,33.28347,32.93175,32.3579,31.58042,False,False,False,False,False,False,False,False,False,False,False,False,False,False,False,False,False,False,False,False,False,False,False,False,False,False,False,False,False,False,False,False,False,False,False,False,False,False,False,False,False,False,False,False,False,False,False,False,False,False,False,False,False,False,False,False,False,False,False,False,False,False,False,False,False,False,False,False,False,False,False,False,False,False,False,False,False,False,False,False,False,False,False,False,False,False,False,False,False,False,False,False,False,False,False,False,False,False,False,False,False,False,False,False,False,False,False,False,False,False,False,False,False,False,False,False,False,False,False,False,False,False,False,False,False,False,False,False,False,False,False,False,False,False,False,False,False,False,False,False,False,False,False,False,False,False,False,False,False,False,False,False,False,False,False,False,False,False,False,False,False,False,False,False,False,False,False,False,False,False,False,False,False,False,False,False,False,False,False,False,False,False,True,False,False,False,False,False,False,False,False,False,False,False,False,False,False,False,False,False,False,False,False,False,False,False,False,False,False,False,False,False,False,False,False,False,False,False,False,False,False,False,False,False,False,False,False,False,False,False,False,False,False,False,False,False,False,False,False,False,False,False,False,False,False,False,False,False,False,False,False,False,False,False,False,False,False,False,False,False,False,False,False,False,False,False,False,False,False,False,False,False,False,False,False,False,False,False,False,False,False,False,False,False,False,False,False,False,False,False,False,False,False,False,False,False,False,False,False,False,False,False,False,False,False,False,False,False,False,False,False,False,False,False,False,False,False,False,False,False,False,False,False,False,False,False,False,False,False,False,False,False,False,False,False,False,False,False,False,False,False,False,False,False,False,False,False,False,False,False,False,False,False,False,False,False,False,False,False,False
2019,30.93253,30.58081,30.41421,29.85886,29.85886,29.30352,28.91478,29.15543,28.41498,28.41498,28.41498,28.41498,28.04475,27.60048,27.60048,27.60048,27.60048,27.60048,27.60048,27.60048,27.82261,28.21135,28.21135,28.7852,29.69226,30.45123,31.39531,32.43195,34.98652,36.18976,37.04128,38.13345,39.59585,40.68803,41.31741,41.40997,42.40958,43.05748,44.18668,44.61244,45.70461,46.11186,46.70423,46.94487,47.03743,47.22254,47.11148,47.44468,47.66682,47.92598,48.33323,48.01853,47.88895,47.90747,47.83342,47.7964,47.72235,47.77789,48.03705,47.90747,48.1296,48.03705,47.88895,47.57426,47.38915,47.46319,47.55575,47.57426,46.75976,46.09335,45.72312,44.64946,43.00195,41.96531,41.66913,41.31741,40.44738,39.85501,39.46627,39.15158,38.55922,38.5407,38.15197,37.76323,37.65216,37.48556,36.98575,36.70808,36.00464,35.30121,34.59778,34.07946,33.45007,32.43195,31.78405,31.0621,False,False,False,False,False,False,False,False,False,False,False,False,False,False,False,False,False,False,False,False,False,False,False,False,False,False,False,False,False,False,False,False,False,False,False,False,False,False,False,False,False,False,False,False,False,False,False,False,False,False,False,False,False,False,False,False,False,False,False,False,False,False,False,False,False,False,False,False,False,False,False,False,False,False,False,False,False,False,False,False,False,False,False,False,False,False,False,False,False,False,False,False,False,False,False,False,False,False,False,False,False,False,False,False,False,False,False,False,False,False,False,False,False,False,False,False,False,False,False,False,False,False,False,False,False,False,False,False,False,False,False,False,False,False,False,False,False,False,False,False,False,False,False,False,False,False,False,False,False,False,False,False,False,False,False,False,False,False,False,False,False,False,False,False,False,False,False,False,False,False,False,False,False,False,False,False,False,False,False,False,False,False,False,False,False,False,False,False,False,False,False,False,False,False,True,False,False,False,False,False,False,False,False,False,False,False,False,False,False,False,False,False,False,False,False,False,False,False,False,False,False,False,False,False,False,False,False,False,False,False,False,False,False,False,False,False,False,False,False,False,False,False,False,False,False,False,False,False,False,False,False,False,False,False,False,False,False,False,False,False,False,False,False,False,False,False,False,False,False,False,False,False,False,False,False,False,False,False,False,False,False,False,False,False,False,False,False,False,False,False,False,False,False,False,False,False,False,False,False,False,False,False,False,False,False,False,False,False,False,False,False,False,False,False,False,False,False,False,False,False,False,False,False,False,False,False,False,False,False,False,False,False,False,False,False,False,False,False,False,False,False,False,False,False,False,False,False,False,False,False,False,False,False,False,False,False,False,False,False,False
2019,31.02508,30.59932,30.15505,29.34055,28.76669,28.76669,28.76669,27.95219,27.93368,27.93368,27.73006,27.3228,27.3228,27.3228,27.3228,27.3228,27.3228,27.3228,27.3228,27.3228,27.73006,28.10028,28.76669,28.98883,29.89589,30.69188,31.43233,33.04282,35.4493,37.15235,38.0409,39.022,40.33631,41.33592,41.57657,42.02084,42.52065,43.15004,43.63134,43.98305,44.57542,45.07522,45.35289,45.87121,45.87121,46.55613,47.11148,47.40766,47.94449,48.14811,48.62941,48.62941,48.2962,48.57388,48.81452,48.88857,48.90708,48.90708,48.81452,48.81452,48.81452,48.72197,48.42578,48.20365,48.09258,48.1296,48.09258,48.09258,47.42617,46.9819,46.92636,46.42655,44.33477,43.50176,43.07599,42.5947,41.7802,41.09528,40.53993,40.20673,39.94757,39.94757,39.79948,39.94757,39.37372,39.57734,39.68841,39.68841,38.98498,38.76284,38.67028,38.07792,37.30044,36.43041,35.52335,34.52373,False,False,False,False,False,False,False,False,False,False,False,False,False,False,False,False,False,False,False,False,False,False,False,False,False,False,False,False,False,False,False,False,False,False,False,False,False,False,False,False,False,False,False,False,False,False,False,False,False,False,False,False,False,False,False,False,False,False,False,False,False,False,False,False,False,False,False,False,False,False,False,False,False,False,False,False,False,False,False,False,False,False,False,False,False,False,False,False,False,False,False,False,False,False,False,False,False,False,False,False,False,False,False,False,False,False,False,False,False,False,False,False,False,False,False,False,False,False,False,False,False,False,False,False,False,False,False,False,False,False,False,False,False,False,False,False,False,False,False,False,False,False,False,False,False,False,False,False,False,False,False,False,False,False,False,False,False,False,False,False,False,False,False,False,False,False,False,False,False,False,False,False,False,False,False,False,False,False,False,False,False,False,False,False,False,False,False,False,False,False,False,False,False,False,False,False,False,False,False,False,False,False,False,False,False,False,True,False,False,False,False,False,False,False,False,False,False,False,False,False,False,False,False,False,False,False,False,False,False,False,False,False,False,False,False,False,False,False,False,False,False,False,False,False,False,False,False,False,False,False,False,False,False,False,False,False,False,False,False,False,False,False,False,False,False,False,False,False,False,False,False,False,False,False,False,False,False,False,False,False,False,False,False,False,False,False,False,False,False,False,False,False,False,False,False,False,False,False,False,False,False,False,False,False,False,False,False,False,False,False,False,False,False,False,False,False,False,False,False,False,False,False,False,False,False,False,False,False,False,False,False,False,False,False,False,False,False,False,False,False,False,False,False,False,False,False,False,False,False,False,False,False,False,False,False,False,False,False,False,False
2019,33.89435,33.32049,32.76515,32.58004,31.46936,31.00657,30.67337,30.37718,30.43272,30.02547,29.59971,28.9333,29.41459,29.47013,29.15543,28.80372,28.80372,28.80372,28.26689,28.50753,28.37795,28.37795,28.37795,28.76669,28.84074,29.45161,29.84035,30.58081,31.04359,31.43233,31.76554,32.20981,32.6726,33.02431,34.19053,34.39415,34.89396,35.81953,36.04167,36.46743,37.28193,37.91132,37.96685,38.07792,38.05941,37.78174,37.13384,36.72659,36.63403,36.70808,36.72659,36.5785,36.15274,35.81953,35.85655,35.81953,35.43079,35.31972,35.39377,35.22717,35.00503,34.87545,35.20866,35.17163,34.93098,34.98652,34.87545,34.67182,34.98652,35.02354,35.02354,35.07908,34.93098,34.93098,34.57927,34.72736,34.44969,34.69034,35.02354,34.69034,34.72736,35.15312,34.59778,34.59778,34.00542,34.04244,33.72774,33.57965,33.11687,32.76515,32.6726,32.20981,31.80256,31.65447,30.65485,30.21058,False,False,False,False,False,False,False,False,False,False,False,False,False,False,False,False,False,False,False,False,False,False,False,False,False,False,False,False,False,False,False,False,False,False,False,False,False,False,False,False,False,False,False,False,False,False,False,False,False,False,False,False,False,False,False,False,False,False,False,False,False,False,False,False,False,False,False,False,False,False,False,False,False,False,False,False,False,False,False,False,False,False,False,False,False,False,False,False,False,False,False,False,False,False,False,False,False,False,False,False,False,False,False,False,False,False,False,False,False,False,False,False,False,False,False,False,False,False,False,False,False,False,False,False,False,False,False,False,False,False,False,False,False,False,False,False,False,False,False,False,False,False,False,False,False,False,False,False,False,False,False,False,False,False,False,False,False,False,False,False,False,False,False,False,False,False,False,False,False,False,False,False,False,False,False,False,False,False,False,False,False,False,False,False,False,False,False,False,False,False,False,False,False,False,False,False,False,False,False,False,False,False,False,False,False,False,False,False,False,False,False,False,False,False,False,False,False,False,True,False,False,False,False,False,False,False,False,False,False,False,False,False,False,False,False,False,False,False,False,False,False,False,False,False,False,False,False,False,False,False,False,False,False,False,False,False,False,False,False,False,False,False,False,False,False,False,False,False,False,False,False,False,False,False,False,False,False,False,False,False,False,False,False,False,False,False,False,False,False,False,False,False,False,False,False,False,False,False,False,False,False,False,False,False,False,False,False,False,False,False,False,False,False,False,False,False,False,False,False,False,False,False,False,False,False,False,False,False,False,False,False,False,False,False,False,False,False,False,False,False,False,False,False,False,False,False,False,False,False,False,False,False,False,False,False,False,False,False,False,False
2019,29.59971,28.95181,28.60009,28.15582,28.15582,27.43387,26.52682,26.52682,26.52682,26.52682,26.52682,25.95296,25.91594,25.63827,25.74934,25.17548,25.0459,25.06442,25.08293,25.08293,25.37911,25.65678,25.17548,25.61976,25.89743,25.73083,26.30468,26.41575,26.93407,27.1562,27.1562,27.56345,27.93368,28.35944,28.87776,29.13692,29.96993,30.5623,31.04359,31.09913,31.5434,32.0247,31.63596,31.96916,32.24683,32.43195,32.28386,32.20981,32.30237,32.91324,32.93175,32.96878,33.0058,33.30198,33.46858,33.20943,33.69072,34.11648,34.4682,34.56076,34.69034,34.54225,34.4682,34.85694,35.2827,35.17163,34.98652,34.89396,34.81992,34.8014,35.07908,34.85694,34.24606,34.44969,34.43118,34.43118,34.4682,34.43118,34.43118,34.43118,34.24606,34.24606,34.70885,34.6348,33.9869,33.96839,33.37603,33.02431,32.91324,32.59855,32.15428,31.78405,31.04359,30.58081,29.78482,29.47013,False,False,False,False,False,False,False,False,False,False,False,False,False,False,False,False,False,False,False,False,False,False,False,False,False,False,False,False,False,False,False,False,False,False,False,False,False,False,False,False,False,False,False,False,False,False,False,False,False,False,False,False,False,False,False,False,False,False,False,False,False,False,False,False,False,False,False,False,False,False,False,False,False,False,False,False,False,False,False,False,False,False,False,False,False,False,False,False,False,False,False,False,False,False,False,False,False,False,False,False,False,False,False,False,False,False,False,False,False,False,False,False,False,False,False,False,False,False,False,False,False,False,False,False,False,False,False,False,False,False,False,False,False,False,False,False,False,False,False,False,False,False,False,False,False,False,False,False,False,False,False,False,False,False,False,False,False,False,False,False,False,False,False,False,False,False,False,False,False,False,False,False,False,False,False,False,False,False,False,False,False,False,False,False,False,False,False,False,False,False,False,False,False,False,False,False,False,False,False,False,False,False,False,False,False,False,False,False,False,False,False,False,False,False,False,False,False,False,False,False,False,False,False,False,False,False,False,False,False,False,True,False,False,False,False,False,False,False,False,False,False,False,False,False,False,False,False,False,False,False,False,False,False,False,False,False,False,False,False,False,False,False,False,False,False,False,False,False,False,False,False,False,False,False,False,False,False,False,False,False,False,False,False,False,False,False,False,False,False,False,False,False,False,False,False,False,False,False,False,False,False,False,False,False,False,False,False,False,False,False,False,False,False,False,False,False,False,False,False,False,False,False,False,False,False,False,False,False,False,False,False,False,False,False,False,False,False,False,False,False,False,False,False,False,False,False,False,False,False,False,False,False,False,False,False,False,False,False,False,False
2019,28.63711,28.13731,28.13731,27.61899,27.52643,27.52643,27.26727,26.45277,26.15659,26.3417,25.98999,25.98999,25.98999,25.98999,25.98999,25.98999,25.98999,25.98999,25.98999,25.98999,25.98999,25.98999,26.61937,27.28578,28.39647,29.21097,30.34016,31.63596,33.56114,34.54225,35.37526,36.61552,37.54109,38.46666,39.29967,39.46627,39.79948,40.18822,40.35482,40.74356,40.52142,41.42848,41.83573,42.29852,43.05748,43.2426,43.2426,43.76092,43.85347,43.87198,43.64985,43.15004,43.11302,42.96493,42.89088,42.87237,43.20557,43.4092,43.53878,43.31664,43.03897,43.20557,43.44622,43.02046,42.50214,42.77981,42.46512,43.05748,42.46512,42.03936,42.35405,41.33592,39.54032,39.15158,38.6888,38.31857,37.80025,37.2264,36.72659,36.81915,36.22678,36.18976,36.81915,36.07869,35.41228,34.93098,33.94988,33.70923,33.06133,32.78366,32.30237,31.65447,30.91401,30.74741,30.04398,29.39608,False,False,False,False,False,False,False,False,False,False,False,False,False,False,False,False,False,False,False,False,False,False,False,False,False,False,False,False,False,False,False,False,False,False,False,False,False,False,False,False,False,False,False,False,False,False,False,False,False,False,False,False,False,False,False,False,False,False,False,False,False,False,False,False,False,False,False,False,False,False,False,False,False,False,False,False,False,False,False,False,False,False,False,False,False,False,False,False,False,False,False,False,False,False,False,False,False,False,False,False,False,False,False,False,False,False,False,False,False,False,False,False,False,False,False,False,False,False,False,False,False,False,False,False,False,False,False,False,False,False,False,False,False,False,False,False,False,False,False,False,False,False,False,False,False,False,False,False,False,False,False,False,False,False,False,False,False,False,False,False,False,False,False,False,False,False,False,False,False,False,False,False,False,False,False,False,False,False,False,False,False,False,False,False,False,False,False,False,False,False,False,False,False,False,False,False,False,False,False,False,False,False,False,False,False,False,False,False,False,False,False,False,False,False,False,False,False,False,False,False,False,False,False,False,False,False,False,False,False,False,False,False,False,False,False,False,False,False,False,False,False,False,True,False,False,False,False,False,False,False,False,False,False,False,False,False,False,False,False,False,False,False,False,False,False,False,False,False,False,False,False,False,False,False,False,False,False,False,False,False,False,False,False,False,False,False,False,False,False,False,False,False,False,False,False,False,False,False,False,False,False,False,False,False,False,False,False,False,False,False,False,False,False,False,False,False,False,False,False,False,False,False,False,False,False,False,False,False,False,False,False,False,False,False,False,False,False,False,False,False,False,False,False,False,False,False,False,False,False,False,False,False,False,False,False,False,False,False,False,False
2019,28.95181,28.69265,28.69265,28.11879,27.73006,27.1562,27.1562,27.1562,26.87853,26.54533,26.54533,26.54533,26.19361,25.74934,26.0085,25.89743,25.80487,25.80487,25.80487,25.80487,26.78597,27.21174,27.21174,27.50792,28.26689,29.34055,30.17356,31.50638,33.91286,35.52335,36.54147,37.43002,39.04051,39.96608,40.50291,41.28039,42.31703,42.50214,43.09451,43.63134,44.13114,44.14965,44.64946,44.74202,45.31587,47.24106,47.62979,46.46358,46.74125,47.25957,47.85193,47.98151,47.87044,47.74086,47.55575,47.4817,47.05594,47.16701,47.38915,47.4817,47.4817,47.46319,47.29659,46.94487,47.07445,46.72274,46.83381,46.75976,46.57465,46.334,46.13037,45.6861,43.22409,42.74279,42.26149,42.15042,41.24337,40.57696,40.18822,39.54032,39.05902,39.13307,39.00349,38.67028,37.92983,37.26342,36.30083,35.87506,35.26419,35.06056,34.39415,33.83881,32.93175,32.22832,31.71,31.30275,False,False,False,False,False,False,False,False,False,False,False,False,False,False,False,False,False,False,False,False,False,False,False,False,False,False,False,False,False,False,False,False,False,False,False,False,False,False,False,False,False,False,False,False,False,False,False,False,False,False,False,False,False,False,False,False,False,False,False,False,False,False,False,False,False,False,False,False,False,False,False,False,False,False,False,False,False,False,False,False,False,False,False,False,False,False,False,False,False,False,False,False,False,False,False,False,False,False,False,False,False,False,False,False,False,False,False,False,False,False,False,False,False,False,False,False,False,False,False,False,False,False,False,False,False,False,False,False,False,False,False,False,False,False,False,False,False,False,False,False,False,False,False,False,False,False,False,False,False,False,False,False,False,False,False,False,False,False,False,False,False,False,False,False,False,False,False,False,False,False,False,False,False,False,False,False,False,False,False,False,False,False,False,False,False,False,False,False,False,False,False,False,False,False,False,False,False,False,False,False,False,False,False,False,False,False,False,False,False,False,False,False,False,False,False,False,False,False,False,False,False,False,False,False,False,False,False,False,False,False,False,False,False,False,False,False,False,False,False,False,False,False,False,False,False,False,False,False,False,False,False,False,False,False,True,False,False,False,False,False,False,False,False,False,False,False,False,False,False,False,False,False,False,False,False,False,False,False,False,False,False,False,False,False,False,False,False,False,False,False,False,False,False,False,False,False,False,False,False,False,False,False,False,False,False,False,False,False,False,False,False,False,False,False,False,False,False,False,False,False,False,False,False,False,False,False,False,False,False,False,False,False,False,False,False,False,False,False,False,False,False,False,False,False,False,False,False,False,False,False,False,False,False,False,False,False,False,False,False,False
2019,30.35867,29.98844,29.56268,29.2665,29.00734,28.76669,28.58158,28.452,27.8041,27.8041,27.8041,27.54494,27.08216,27.08216,27.08216,27.08216,27.08216,27.08216,26.71193,26.30468,26.73044,27.13769,27.58196,28.56307,29.87738,30.30314,31.02508,32.41344,34.65331,36.04167,36.93021,38.30006,39.42925,39.81799,40.63249,40.83612,41.26188,41.74317,41.85424,42.20596,43.02046,44.18668,45.00118,45.16778,45.72312,45.57503,46.1674,46.24144,46.14888,46.24144,45.81568,45.55652,46.1674,46.22293,46.18591,45.90824,45.87121,45.0382,44.89011,45.00118,44.46435,44.03859,43.48324,43.22409,43.18706,43.20557,43.09451,42.68725,42.00233,41.98382,41.55806,40.85463,39.37372,38.6888,38.52219,38.28155,37.98536,37.65216,37.04128,36.63403,36.31934,36.24529,36.04167,35.78251,35.07908,34.54225,33.78328,33.54263,33.04282,32.50599,31.83958,31.30275,30.43272,29.98844,29.47013,28.67414,False,False,False,False,False,False,False,False,False,False,False,False,False,False,False,False,False,False,False,False,False,False,False,False,False,False,False,False,False,False,False,False,False,False,False,False,False,False,False,False,False,False,False,False,False,False,False,False,False,False,False,False,False,False,False,False,False,False,False,False,False,False,False,False,False,False,False,False,False,False,False,False,False,False,False,False,False,False,False,False,False,False,False,False,False,False,False,False,False,False,False,False,False,False,False,False,False,False,False,False,False,False,False,False,False,False,False,False,False,False,False,False,False,False,False,False,False,False,False,False,False,False,False,False,False,False,False,False,False,False,False,False,False,False,False,False,False,False,False,False,False,False,False,False,False,False,False,False,False,False,False,False,False,False,False,False,False,False,False,False,False,False,False,False,False,False,False,False,False,False,False,False,False,False,False,False,False,False,False,False,False,False,False,False,False,False,False,False,False,False,False,False,False,False,False,False,False,False,False,False,False,False,False,False,False,False,False,False,False,False,False,False,False,False,False,False,False,False,False,False,False,False,False,False,False,False,False,False,False,False,False,False,False,False,False,False,False,False,False,False,False,False,False,False,False,False,False,False,False,False,False,False,False,False,False,False,False,False,False,False,False,False,False,False,False,False,True,False,False,False,False,False,False,False,False,False,False,False,False,False,False,False,False,False,False,False,False,False,False,False,False,False,False,False,False,False,False,False,False,False,False,False,False,False,False,False,False,False,False,False,False,False,False,False,False,False,False,False,False,False,False,False,False,False,False,False,False,False,False,False,False,False,False,False,False,False,False,False,False,False,False,False,False,False,False,False,False,False,False,False,False,False,False,False,False,False,False,False,False,False
2019,28.21135,27.91517,27.65601,27.65601,27.02662,26.91555,26.26766,26.26766,26.24914,25.80487,25.82338,25.82338,25.56422,25.26804,25.26804,25.26804,25.26804,25.26804,25.26804,25.26804,25.74934,25.97147,26.52682,26.69342,27.8041,29.17394,29.72929,30.52527,32.85771,34.11648,34.93098,35.74549,36.68957,37.37449,37.83727,38.0409,38.79986,39.17009,38.81838,38.83689,39.39223,39.5033,39.33669,39.52181,39.94757,40.24375,40.13268,39.76246,40.24375,40.41035,40.98421,40.76207,41.20634,41.02123,41.42848,41.18783,41.63211,41.85424,42.15042,42.65023,42.55768,43.05748,42.74279,42.74279,42.74279,42.55768,42.5947,42.5947,42.22447,42.03936,41.98382,41.18783,39.63288,38.87391,38.26303,38.18899,37.87429,37.33746,37.07831,36.96724,36.96724,36.96724,36.44892,36.48594,36.37487,36.30083,35.72697,35.48633,34.8014,34.19053,34.02393,33.43156,32.8392,32.43195,31.5434,30.74741,False,False,False,False,False,False,False,False,False,False,False,False,False,False,False,False,False,False,False,False,False,False,False,False,False,False,False,False,False,False,False,False,False,False,False,False,False,False,False,False,False,False,False,False,False,False,False,False,False,False,False,False,False,False,False,False,False,False,False,False,False,False,False,False,False,False,False,False,False,False,False,False,False,False,False,False,False,False,False,False,False,False,False,False,False,False,False,False,False,False,False,False,False,False,False,False,False,False,False,False,False,False,False,False,False,False,False,False,False,False,False,False,False,False,False,False,False,False,False,False,False,False,False,False,False,False,False,False,False,False,False,False,False,False,False,False,False,False,False,False,False,False,False,False,False,False,False,False,False,False,False,False,False,False,False,False,False,False,False,False,False,False,False,False,False,False,False,False,False,False,False,False,False,False,False,False,False,False,False,False,False,False,False,False,False,False,False,False,False,False,False,False,False,False,False,False,False,False,False,False,False,False,False,False,False,False,False,False,False,False,False,False,False,False,False,False,False,False,False,False,False,False,False,False,False,False,False,False,False,False,False,False,False,False,False,False,False,False,False,False,False,False,False,False,False,False,False,False,False,False,False,False,False,False,False,False,False,False,False,False,False,False,False,False,False,False,False,False,False,False,False,False,False,False,False,False,False,False,True,False,False,False,False,False,False,False,False,False,False,False,False,False,False,False,False,False,False,False,False,False,False,False,False,False,False,False,False,False,False,False,False,False,False,False,False,False,False,False,False,False,False,False,False,False,False,False,False,False,False,False,False,False,False,False,False,False,False,False,False,False,False,False,False,False,False,False,False,False,False,False,False,False,False,False,False,False,False,False,False,False
2019,30.2476,29.93291,29.28501,28.84074,28.54456,28.54456,28.19284,27.71154,27.3228,27.3228,27.3228,27.3228,26.48979,26.54533,26.52682,26.52682,26.52682,26.52682,26.52682,26.52682,27.02662,27.1562,27.45238,28.10028,29.30352,30.13654,31.22871,32.00619,34.32011,35.89358,37.13384,38.41112,40.04013,41.39146,42.18745,42.50214,43.53878,44.20519,44.68648,45.18629,46.11186,45.70461,46.13037,46.72274,47.25957,47.01892,47.53724,47.59277,47.98151,48.00002,47.83342,48.1296,48.20365,46.87083,46.63018,46.77827,47.33361,47.92598,47.85193,48.2962,48.81452,48.85155,48.98113,48.48132,48.03705,48.16662,48.24067,48.37025,47.61128,47.33361,47.18552,46.29698,44.40881,43.50176,43.46473,43.42771,42.28,42.03936,41.26188,41.1323,40.46589,40.46589,40.46589,40.04013,39.85501,39.70692,39.61436,39.57734,38.72582,37.80025,37.35598,36.39338,35.46781,35.09759,34.56076,33.74626,False,False,False,False,False,False,False,False,False,False,False,False,False,False,False,False,False,False,False,False,False,False,False,False,False,False,False,False,False,False,False,False,False,False,False,False,False,False,False,False,False,False,False,False,False,False,False,False,False,False,False,False,False,False,False,False,False,False,False,False,False,False,False,False,False,False,False,False,False,False,False,False,False,False,False,False,False,False,False,False,False,False,False,False,False,False,False,False,False,False,False,False,False,False,False,False,False,False,False,False,False,False,False,False,False,False,False,False,False,False,False,False,False,False,False,False,False,False,False,False,False,False,False,False,False,False,False,False,False,False,False,False,False,False,False,False,False,False,False,False,False,False,False,False,False,False,False,False,False,False,False,False,False,False,False,False,False,False,False,False,False,False,False,False,False,False,False,False,False,False,False,False,False,False,False,False,False,False,False,False,False,False,False,False,False,False,False,False,False,False,False,False,False,False,False,False,False,False,False,False,False,False,False,False,False,False,False,False,False,False,False,False,False,False,False,False,False,False,False,False,False,False,False,False,False,False,False,False,False,False,False,False,False,False,False,False,False,False,False,False,False,False,False,False,False,False,False,False,False,False,False,False,False,False,False,False,False,False,False,False,False,False,False,False,False,False,False,False,False,False,False,False,False,False,False,False,False,False,False,False,False,False,False,False,False,False,False,False,False,False,True,False,False,False,False,False,False,False,False,False,False,False,False,False,False,False,False,False,False,False,False,False,False,False,False,False,False,False,False,False,False,False,False,False,False,False,False,False,False,False,False,False,False,False,False,False,False,False,False,False,False,False,False,False,False,False,False,False,False,False,False,False,False,False,False,False,False,False,False,False
2019,33.1724,32.74664,32.41344,31.85809,31.32126,30.76592,30.21058,30.09951,29.63673,29.41459,29.11841,28.84074,28.76669,28.76669,28.50753,28.10028,28.02624,27.91517,28.02624,28.02624,27.6375,27.6375,27.6375,28.48902,29.21097,29.32203,29.71077,29.85886,30.65485,31.35829,31.98767,32.30237,33.26496,34.11648,34.93098,35.83804,37.26342,37.80025,38.83689,39.39223,40.3178,40.53993,40.33631,40.16971,40.42887,40.9657,40.4844,40.70654,40.76207,40.53993,40.78058,40.92867,40.651,40.92867,40.9657,40.8176,40.29929,40.28077,40.55845,40.05864,40.04013,40.20673,40.20673,40.22524,40.63249,40.72505,40.68803,40.651,40.41035,40.44738,40.3178,40.05864,39.26265,39.11456,38.89242,38.78135,38.76284,38.70731,38.74433,38.8554,38.63326,38.46666,38.42964,38.41112,37.70769,37.81876,37.50407,37.50407,37.02277,36.54147,36.06018,35.63442,34.76438,34.44969,33.9869,33.19091,False,False,False,False,False,False,False,False,False,False,False,False,False,False,False,False,False,False,False,False,False,False,False,False,False,False,False,False,False,False,False,False,False,False,False,False,False,False,False,False,False,False,False,False,False,False,False,False,False,False,False,False,False,False,False,False,False,False,False,False,False,False,False,False,False,False,False,False,False,False,False,False,False,False,False,False,False,False,False,False,False,False,False,False,False,False,False,False,False,False,False,False,False,False,False,False,False,False,False,False,False,False,False,False,False,False,False,False,False,False,False,False,False,False,False,False,False,False,False,False,False,False,False,False,False,False,False,False,False,False,False,False,False,False,False,False,False,False,False,False,False,False,False,False,False,False,False,False,False,False,False,False,False,False,False,False,False,False,False,False,False,False,False,False,False,False,False,False,False,False,False,False,False,False,False,False,False,False,False,False,False,False,False,False,False,False,False,False,False,False,False,False,False,False,False,False,False,False,False,False,False,False,False,False,False,False,False,False,False,False,False,False,False,False,False,False,False,False,False,False,False,False,False,False,False,False,False,False,False,False,False,False,False,False,False,False,False,False,False,False,False,False,False,False,False,False,False,False,False,False,False,False,False,False,False,False,False,False,False,False,False,False,False,False,False,False,False,False,False,False,False,False,False,False,False,False,False,False,False,False,False,False,False,False,False,False,False,False,False,False,False,False,False,False,False,False,False,False,False,False,False,False,True,False,False,False,False,False,False,False,False,False,False,False,False,False,False,False,False,False,False,False,False,False,False,False,False,False,False,False,False,False,False,False,False,False,False,False,False,False,False,False,False,False,False,False,False,False,False,False,False,False,False,False,False,False,False,False,False,False
2019,32.3579,32.04321,31.59893,31.24722,30.50676,30.04398,29.87738,29.47013,29.2665,28.72967,28.65562,28.65562,28.65562,28.52604,27.98921,27.98921,27.98921,27.98921,27.67452,27.48941,27.52643,27.52643,27.52643,28.2854,28.87776,29.22948,29.24799,29.63673,30.19207,30.37718,30.37718,30.46974,30.71039,31.65447,32.74664,32.91324,33.9869,34.91247,35.43079,36.13422,37.44853,37.87429,38.44815,38.91093,39.1886,39.5033,40.05864,40.39184,40.70654,41.31741,41.37295,41.81722,41.81722,41.7802,41.65062,41.37295,40.91016,40.87314,40.61398,40.28077,40.1512,40.1512,40.07715,39.89204,39.8365,39.91055,40.02162,39.85501,38.98498,38.79986,38.59624,38.57773,38.11494,38.22601,38.05941,37.94834,38.07792,38.22601,37.80025,38.05941,37.65216,37.96685,37.98536,38.00387,38.39261,38.02239,37.59662,37.50407,37.04128,36.98575,36.93021,36.33785,36.0972,35.37526,34.89396,34.17202,False,False,False,False,False,False,False,False,False,False,False,False,False,False,False,False,False,False,False,False,False,False,False,False,False,False,False,False,False,False,False,False,False,False,False,False,False,False,False,False,False,False,False,False,False,False,False,False,False,False,False,False,False,False,False,False,False,False,False,False,False,False,False,False,False,False,False,False,False,False,False,False,False,False,False,False,False,False,False,False,False,False,False,False,False,False,False,False,False,False,False,False,False,False,False,False,False,False,False,False,False,False,False,False,False,False,False,False,False,False,False,False,False,False,False,False,False,False,False,False,False,False,False,False,False,False,False,False,False,False,False,False,False,False,False,False,False,False,False,False,False,False,False,False,False,False,False,False,False,False,False,False,False,False,False,False,False,False,False,False,False,False,False,False,False,False,False,False,False,False,False,False,False,False,False,False,False,False,False,False,False,False,False,False,False,False,False,False,False,False,False,False,False,False,False,False,False,False,False,False,False,False,False,False,False,False,False,False,False,False,False,False,False,False,False,False,False,False,False,False,False,False,False,False,False,False,False,False,False,False,False,False,False,False,False,False,False,False,False,False,False,False,False,False,False,False,False,False,False,False,False,False,False,False,False,False,False,False,False,False,False,False,False,False,False,False,False,False,False,False,False,False,False,False,False,False,False,False,False,False,False,False,False,False,False,False,False,False,False,False,False,False,False,False,False,False,False,False,False,False,False,False,False,False,False,False,False,False,False,False,False,False,False,True,False,False,False,False,False,False,False,False,False,False,False,False,False,False,False,False,False,False,False,False,False,False,False,False,False,False,False,False,False,False,False,False,False,False,False,False,False,False,False,False,False,False,False,False,False,False
2019,33.24645,33.22794,32.5245,32.5245,31.96916,31.76554,31.3768,30.96955,30.96955,30.34016,30.26612,30.17356,29.47013,29.47013,29.47013,29.32203,28.76669,29.50715,29.21097,28.97032,28.98883,28.98883,28.98883,29.45161,30.15505,30.7289,31.02508,31.41382,32.33939,32.98729,33.87584,34.35713,34.91247,35.65293,35.70846,35.85655,36.39338,36.28232,36.67105,36.96724,37.04128,37.30044,37.7262,38.26303,38.42964,39.07753,39.24414,39.91055,40.07715,40.20673,40.66951,40.89165,41.28039,41.37295,41.61359,41.96531,41.85424,41.96531,42.15042,42.07638,42.18745,42.28,42.35405,42.29852,42.15042,41.79871,41.7802,41.7802,41.87275,42.16894,42.22447,41.7802,40.42887,40.11417,39.76246,39.55883,39.00349,38.57773,38.11494,38.13345,38.17048,38.5407,38.48517,38.05941,37.81876,37.20788,36.67105,36.15274,35.48633,35.37526,34.96801,34.33862,33.39454,33.22794,32.54302,31.74703,False,False,False,False,False,False,False,False,False,False,False,False,False,False,False,False,False,False,False,False,False,False,False,False,False,False,False,False,False,False,False,False,False,False,False,False,False,False,False,False,False,False,False,False,False,False,False,False,False,False,False,False,False,False,False,False,False,False,False,False,False,False,False,False,False,False,False,False,False,False,False,False,False,False,False,False,False,False,False,False,False,False,False,False,False,False,False,False,False,False,False,False,False,False,False,False,False,False,False,False,False,False,False,False,False,False,False,False,False,False,False,False,False,False,False,False,False,False,False,False,False,False,False,False,False,False,False,False,False,False,False,False,False,False,False,False,False,False,False,False,False,False,False,False,False,False,False,False,False,False,False,False,False,False,False,False,False,False,False,False,False,False,False,False,False,False,False,False,False,False,False,False,False,False,False,False,False,False,False,False,False,False,False,False,False,False,False,False,False,False,False,False,False,False,False,False,False,False,False,False,False,False,False,False,False,False,False,False,False,False,False,False,False,False,False,False,False,False,False,False,False,False,False,False,False,False,False,False,False,False,False,False,False,False,False,False,False,False,False,False,False,False,False,False,False,False,False,False,False,False,False,False,False,False,False,False,False,False,False,False,False,False,False,False,False,False,False,False,False,False,False,False,False,False,False,False,False,False,False,False,False,False,False,False,False,False,False,False,False,False,False,False,False,False,False,False,False,False,False,False,False,False,False,False,False,False,False,False,False,False,False,False,False,False,False,False,False,False,False,False,False,False,False,False,False,True,False,False,False,False,False,False,False,False,False,False,False,False,False,False,False,False,False,False,False,False,False,False,False,False,False,False,False,False,False,False,False,False,False,False
2019,30.78443,30.46974,30.15505,29.84035,29.54417,29.19245,28.87776,28.87776,28.87776,28.43349,28.10028,28.10028,28.10028,27.71154,28.13731,27.58196,27.43387,27.43387,27.43387,27.43387,27.87815,28.13731,28.26689,28.97032,29.76631,31.13615,32.20981,32.96878,35.46781,37.15235,38.26303,38.94795,40.1512,40.79909,41.52104,42.20596,42.79832,43.42771,44.02007,44.14965,45.05671,45.0382,45.18629,45.50099,46.14888,46.85232,46.85232,47.05594,47.03743,47.57426,47.1485,47.72235,47.70384,48.38876,48.35174,47.51873,47.25957,47.09296,46.90785,46.85232,47.00041,46.57465,46.51911,46.25995,46.22293,46.25995,45.64908,45.2048,45.14927,44.46435,43.7424,43.31664,41.90978,41.48401,41.02123,40.91016,40.18822,39.70692,39.33669,39.15158,39.20711,39.20711,39.15158,38.89242,38.48517,38.09643,37.67067,37.26342,36.7451,36.11571,35.4493,34.37564,33.69072,32.98729,32.61706,31.87661,False,False,False,False,False,False,False,False,False,False,False,False,False,False,False,False,False,False,False,False,False,False,False,False,False,False,False,False,False,False,False,False,False,False,False,False,False,False,False,False,False,False,False,False,False,False,False,False,False,False,False,False,False,False,False,False,False,False,False,False,False,False,False,False,False,False,False,False,False,False,False,False,False,False,False,False,False,False,False,False,False,False,False,False,False,False,False,False,False,False,False,False,False,False,False,False,False,False,False,False,False,False,False,False,False,False,False,False,False,False,False,False,False,False,False,False,False,False,False,False,False,False,False,False,False,False,False,False,False,False,False,False,False,False,False,False,False,False,False,False,False,False,False,False,False,False,False,False,False,False,False,False,False,False,False,False,False,False,False,False,False,False,False,False,False,False,False,False,False,False,False,False,False,False,False,False,False,False,False,False,False,False,False,False,False,False,False,False,False,False,False,False,False,False,False,False,False,False,False,False,False,False,False,False,False,False,False,False,False,False,False,False,False,False,False,False,False,False,False,False,False,False,False,False,False,False,False,False,False,False,False,False,False,False,False,False,False,False,False,False,False,False,False,False,False,False,False,False,False,False,False,False,False,False,False,False,False,False,False,False,False,False,False,False,False,False,False,False,False,False,False,False,False,False,False,False,False,False,False,False,False,False,False,False,False,False,False,False,False,False,False,False,False,False,False,False,False,False,False,False,False,False,False,False,False,False,False,False,False,False,False,False,False,False,False,False,False,False,False,False,False,False,False,False,False,False,False,False,False,False,False,False,False,False,False,False,False,False,False,False,False,False,False,False,False,False,True,False,False,False,False,False,False,False,False,False,False,False,False,False
2019,31.04359,30.69188,30.54379,30.28463,29.76631,29.4331,29.15543,29.15543,28.76669,28.47051,28.47051,27.85964,27.71154,27.78559,27.71154,27.71154,27.71154,27.71154,27.43387,27.65601,27.48941,27.78559,28.58158,29.32203,30.52527,31.52489,32.1913,33.39454,35.46781,37.20788,38.09643,38.8554,39.81799,40.46589,40.98421,41.24337,41.98382,43.05748,43.46473,44.20519,44.5569,45.48247,45.35289,46.00079,45.96377,44.8716,46.00079,46.55613,46.59316,47.59277,48.1296,48.68494,48.46281,48.87006,48.92559,49.2588,49.31433,49.44391,49.70307,49.96223,50.20288,50.83226,50.75822,50.73971,51.07291,50.68417,50.8878,51.221,51.03589,51.0544,50.33246,49.29582,45.63057,45.0382,43.61282,43.05748,41.52104,40.651,39.65139,39.00349,38.05941,37.91132,37.70769,37.24491,36.76361,36.13422,35.72697,34.83843,34.15351,33.87584,33.20943,32.76515,32.00619,31.2102,30.76592,29.9144,False,False,False,False,False,False,False,False,False,False,False,False,False,False,False,False,False,False,False,False,False,False,False,False,False,False,False,False,False,False,False,False,False,False,False,False,False,False,False,False,False,False,False,False,False,False,False,False,False,False,False,False,False,False,False,False,False,False,False,False,False,False,False,False,False,False,False,False,False,False,False,False,False,False,False,False,False,False,False,False,False,False,False,False,False,False,False,False,False,False,False,False,False,False,False,False,False,False,False,False,False,False,False,False,False,False,False,False,False,False,False,False,False,False,False,False,False,False,False,False,False,False,False,False,False,False,False,False,False,False,False,False,False,False,False,False,False,False,False,False,False,False,False,False,False,False,False,False,False,False,False,False,False,False,False,False,False,False,False,False,False,False,False,False,False,False,False,False,False,False,False,False,False,False,False,False,False,False,False,False,False,False,False,False,False,False,False,False,False,False,False,False,False,False,False,False,False,False,False,False,False,False,False,False,False,False,False,False,False,False,False,False,False,False,False,False,False,False,False,False,False,False,False,False,False,False,False,False,False,False,False,False,False,False,False,False,False,False,False,False,False,False,False,False,False,False,False,False,False,False,False,False,False,False,False,False,False,False,False,False,False,False,False,False,False,False,False,False,False,False,False,False,False,False,False,False,False,False,False,False,False,False,False,False,False,False,False,False,False,False,False,False,False,False,False,False,False,False,False,False,False,False,False,False,False,False,False,False,False,False,False,False,False,False,False,False,False,False,False,False,False,False,False,False,False,False,False,False,False,False,False,False,False,False,False,False,False,False,False,False,False,False,False,False,False,False,False,False,False,False,False,False,False,False,False,False,True,False,False,False
2019,29.37757,28.56307,28.26689,27.21174,27.02662,27.02662,26.48979,26.30468,26.30468,26.30468,25.97147,25.74934,25.5272,25.5272,25.5272,25.5272,25.5272,25.47167,24.8793,25.54571,25.45315,25.43464,26.26766,26.84151,27.56345,27.74857,28.82223,29.7478,30.91401,32.41344,33.41305,33.83881,34.41267,35.19014,35.74549,36.06018,36.4119,36.76361,36.85617,36.9117,37.18937,37.87429,37.54109,37.65216,38.0409,38.11494,38.31857,38.09643,38.09643,38.09643,37.94834,37.57811,37.87429,37.41151,37.87429,37.85578,37.78174,37.18937,37.11533,37.00426,37.00426,37.13384,37.15235,37.15235,36.98575,36.85617,36.78212,36.50445,35.89358,35.83804,35.57888,35.07908,34.26457,33.80179,33.80179,33.80179,33.39454,33.19091,33.15389,33.15389,32.78366,33.09836,33.07985,32.6726,32.30237,32.00619,32.08023,31.72851,31.63596,31.22871,30.67337,29.98844,29.52566,29.35906,29.2665,28.71116,False,False,True,False,False,False,False,False,False,False,False,False,False,False,False,False,False,False,False,False,False,False,False,False,False,False,False,False,False,False,False,False,False,False,False,False,False,False,False,False,False,False,False,False,False,False,False,False,False,False,False,False,False,False,False,False,False,False,False,False,False,False,False,False,False,False,False,False,False,False,False,False,False,False,False,False,False,False,False,False,False,False,False,False,False,False,False,False,False,False,False,False,False,False,False,False,False,False,False,False,False,False,False,False,False,False,False,False,False,False,False,False,False,False,False,False,False,False,False,False,False,False,False,False,False,False,False,False,False,False,False,False,False,False,False,False,False,False,False,False,False,False,False,False,False,False,False,False,False,False,False,False,False,False,False,False,False,False,False,False,False,False,False,False,False,False,False,False,False,False,False,False,False,False,False,False,False,False,False,False,False,False,False,False,False,False,False,False,False,False,False,False,False,False,False,False,False,False,False,False,False,False,False,False,False,False,False,False,False,False,False,False,False,False,False,False,False,False,False,False,False,False,False,False,False,False,False,False,False,False,False,False,False,False,False,False,False,False,False,False,False,False,False,False,False,False,False,False,False,False,False,False,False,False,False,False,False,False,False,False,False,False,False,False,False,False,False,False,False,False,False,False,False,False,False,False,False,False,False,False,False,False,False,False,False,False,False,False,False,False,False,False,False,False,False,False,False,False,False,False,False,False,False,False,False,False,False,False,False,False,False,False,False,False,False,False,False,False,False,False,False,False,False,False,False,False,False,False,False,False,False,False,False,False,False,False,False,False,False,False,False,False,False,False,False,False,False,False,False,False,False,False,False,False,False,False,False,False,False,False
2019,28.71116,28.13731,27.43387,27.24876,27.24876,26.6564,26.41575,26.24914,25.74934,25.80487,25.80487,25.80487,25.73083,25.194,25.194,25.194,25.194,24.95335,24.52759,24.43503,25.06442,25.13846,25.13846,25.63827,26.06403,26.47128,26.47128,26.63788,27.37834,27.50792,27.93368,28.06326,28.63711,29.37757,29.96993,30.43272,31.04359,31.3768,31.85809,31.96916,32.58004,32.58004,33.09836,33.35752,33.83881,33.89435,33.96839,34.28309,34.35713,34.43118,34.43118,34.4682,34.54225,34.65331,35.20866,35.26419,35.26419,35.33823,35.48633,35.63442,36.06018,35.98613,35.59739,35.81953,35.74549,35.74549,35.94911,36.04167,36.15274,36.02316,36.2638,36.72659,36.17125,36.5785,36.59701,36.37487,36.24529,36.31934,36.31934,36.31934,36.7451,36.37487,36.7451,36.18976,36.0972,36.04167,35.65293,35.65293,35.13461,35.48633,34.6348,34.06095,33.54263,32.93175,32.37641,31.85809,False,False,False,False,False,False,False,False,False,False,False,False,False,False,True,False,False,False,False,False,False,False,False,False,False,False,False,False,False,False,False,False,False,False,False,False,False,False,False,False,False,False,False,False,False,False,False,False,False,False,False,False,False,False,False,False,False,False,False,False,False,False,False,False,False,False,False,False,False,False,False,False,False,False,False,False,False,False,False,False,False,False,False,False,False,False,False,False,False,False,False,False,False,False,False,False,False,False,False,False,False,False,False,False,False,False,False,False,False,False,False,False,False,False,False,False,False,False,False,False,False,False,False,False,False,False,False,False,False,False,False,False,False,False,False,False,False,False,False,False,False,False,False,False,False,False,False,False,False,False,False,False,False,False,False,False,False,False,False,False,False,False,False,False,False,False,False,False,False,False,False,False,False,False,False,False,False,False,False,False,False,False,False,False,False,False,False,False,False,False,False,False,False,False,False,False,False,False,False,False,False,False,False,False,False,False,False,False,False,False,False,False,False,False,False,False,False,False,False,False,False,False,False,False,False,False,False,False,False,False,False,False,False,False,False,False,False,False,False,False,False,False,False,False,False,False,False,False,False,False,False,False,False,False,False,False,False,False,False,False,False,False,False,False,False,False,False,False,False,False,False,False,False,False,False,False,False,False,False,False,False,False,False,False,False,False,False,False,False,False,False,False,False,False,False,False,False,False,False,False,False,False,False,False,False,False,False,False,False,False,False,False,False,False,False,False,False,False,False,False,False,False,False,False,False,False,False,False,False,False,False,False,False,False,False,False,False,False,False,False,False,False,False,False,False,False,False,False,False,False,False,False,False,False,False,False,False,False,False,False
2019,31.26573,30.83997,30.34016,29.7478,29.59971,29.13692,29.13692,28.41498,28.32242,28.32242,27.65601,27.6375,27.52643,27.06365,26.91555,26.91555,26.60086,26.43426,26.5083,26.15659,26.15659,26.15659,26.69342,26.76746,27.19323,27.10067,27.52643,27.6375,28.08177,28.60009,29.24799,29.67375,30.46974,30.87699,30.87699,32.08023,32.93175,33.1724,33.67221,33.89435,34.59778,35.22717,35.20866,35.4493,36.2638,36.22678,36.30083,36.68957,36.78212,36.65254,36.65254,36.81915,37.28193,37.15235,36.80063,36.80063,36.68957,36.68957,36.70808,36.7451,36.72659,36.80063,37.33746,37.54109,37.30044,37.63365,37.61514,37.85578,38.0409,38.13345,38.3741,38.11494,38.15197,38.30006,38.26303,38.26303,37.91132,37.63365,37.63365,37.393,36.81915,36.63403,36.44892,36.54147,35.74549,35.65293,35.48633,34.87545,34.22755,34.13499,33.41305,33.02431,32.00619,31.48787,30.85848,30.21058,False,False,False,False,False,False,False,False,False,False,False,False,False,False,False,False,False,False,False,False,False,False,False,False,False,False,True,False,False,False,False,False,False,False,False,False,False,False,False,False,False,False,False,False,False,False,False,False,False,False,False,False,False,False,False,False,False,False,False,False,False,False,False,False,False,False,False,False,False,False,False,False,False,False,False,False,False,False,False,False,False,False,False,False,False,False,False,False,False,False,False,False,False,False,False,False,False,False,False,False,False,False,False,False,False,False,False,False,False,False,False,False,False,False,False,False,False,False,False,False,False,False,False,False,False,False,False,False,False,False,False,False,False,False,False,False,False,False,False,False,False,False,False,False,False,False,False,False,False,False,False,False,False,False,False,False,False,False,False,False,False,False,False,False,False,False,False,False,False,False,False,False,False,False,False,False,False,False,False,False,False,False,False,False,False,False,False,False,False,False,False,False,False,False,False,False,False,False,False,False,False,False,False,False,False,False,False,False,False,False,False,False,False,False,False,False,False,False,False,False,False,False,False,False,False,False,False,False,False,False,False,False,False,False,False,False,False,False,False,False,False,False,False,False,False,False,False,False,False,False,False,False,False,False,False,False,False,False,False,False,False,False,False,False,False,False,False,False,False,False,False,False,False,False,False,False,False,False,False,False,False,False,False,False,False,False,False,False,False,False,False,False,False,False,False,False,False,False,False,False,False,False,False,False,False,False,False,False,False,False,False,False,False,False,False,False,False,False,False,False,False,False,False,False,False,False,False,False,False,False,False,False,False,False,False,False,False,False,False,False,False,False,False,False,False,False,False,False,False,False,False,False,False,False,False,False,False,False,False,False
2019,29.59971,29.2665,28.82223,28.26689,28.21135,27.91517,27.60048,27.60048,27.24876,26.9896,26.9896,26.52682,26.36021,26.45277,26.37872,26.37872,26.37872,26.37872,26.37872,26.37872,26.37872,26.91555,27.19323,27.52643,28.87776,29.89589,30.93253,32.08023,33.8203,35.04205,36.35636,37.48556,38.65177,39.15158,40.20673,40.66951,41.37295,41.81722,42.57619,42.96493,44.03859,44.37179,44.57542,45.18629,45.26034,45.70461,45.64908,45.81568,46.24144,45.98228,46.25995,46.09335,46.13037,46.31549,46.13037,45.96377,46.07484,46.0193,45.88972,45.37141,45.61205,45.70461,45.18629,45.16778,44.90862,44.14965,43.90901,43.35366,42.94641,42.61321,42.52065,41.89127,40.1512,39.31818,39.35521,39.6699,38.83689,38.00387,37.76323,37.68918,37.48556,37.46704,37.26342,37.24491,36.81915,36.54147,35.46781,35.2827,34.57927,34.09797,33.74626,33.24645,32.65408,31.89512,31.17317,30.96955,False,False,False,False,False,False,False,False,False,False,False,False,False,False,False,False,False,False,False,False,False,False,False,False,False,False,False,False,False,False,False,False,False,False,False,False,False,False,True,False,False,False,False,False,False,False,False,False,False,False,False,False,False,False,False,False,False,False,False,False,False,False,False,False,False,False,False,False,False,False,False,False,False,False,False,False,False,False,False,False,False,False,False,False,False,False,False,False,False,False,False,False,False,False,False,False,False,False,False,False,False,False,False,False,False,False,False,False,False,False,False,False,False,False,False,False,False,False,False,False,False,False,False,False,False,False,False,False,False,False,False,False,False,False,False,False,False,False,False,False,False,False,False,False,False,False,False,False,False,False,False,False,False,False,False,False,False,False,False,False,False,False,False,False,False,False,False,False,False,False,False,False,False,False,False,False,False,False,False,False,False,False,False,False,False,False,False,False,False,False,False,False,False,False,False,False,False,False,False,False,False,False,False,False,False,False,False,False,False,False,False,False,False,False,False,False,False,False,False,False,False,False,False,False,False,False,False,False,False,False,False,False,False,False,False,False,False,False,False,False,False,False,False,False,False,False,False,False,False,False,False,False,False,False,False,False,False,False,False,False,False,False,False,False,False,False,False,False,False,False,False,False,False,False,False,False,False,False,False,False,False,False,False,False,False,False,False,False,False,False,False,False,False,False,False,False,False,False,False,False,False,False,False,False,False,False,False,False,False,False,False,False,False,False,False,False,False,False,False,False,False,False,False,False,False,False,False,False,False,False,False,False,False,False,False,False,False,False,False,False,False,False,False,False,False,False,False,False,False,False,False,False,False,False,False,False,False,False,False,False
2019,30.26612,29.98844,29.52566,29.00734,28.91478,28.91478,28.65562,28.10028,28.10028,28.10028,27.67452,27.48941,27.48941,27.48941,27.48941,27.48941,26.74895,26.71193,26.71193,26.71193,27.34132,27.4709,27.39685,27.4709,29.9144,30.04398,30.63634,32.96878,34.91247,36.07869,37.30044,38.98498,39.37372,39.92906,40.41035,40.8176,41.03974,41.15081,41.31741,41.52104,42.26149,42.26149,42.4281,42.77981,43.18706,43.13153,43.39069,44.11263,44.37179,44.26072,43.96454,44.74202,44.63095,44.63095,45.01969,45.01969,44.63095,44.59393,44.57542,44.5569,45.00118,45.14927,45.11225,44.72351,44.57542,44.64946,44.44584,43.39069,42.96493,42.13191,42.00233,41.53955,40.24375,39.89204,39.87352,39.70692,39.17009,38.83689,38.48517,38.76284,38.6888,38.24452,38.24452,38.15197,37.54109,36.98575,36.18976,35.91209,35.35675,34.96801,34.54225,34.02393,32.98729,32.43195,31.61745,30.98806,False,False,False,False,False,False,False,False,False,False,False,False,False,False,False,False,False,False,False,False,False,False,False,False,False,False,False,False,False,False,False,False,False,False,False,False,False,False,False,False,False,False,False,False,False,False,False,False,False,False,True,False,False,False,False,False,False,False,False,False,False,False,False,False,False,False,False,False,False,False,False,False,False,False,False,False,False,False,False,False,False,False,False,False,False,False,False,False,False,False,False,False,False,False,False,False,False,False,False,False,False,False,False,False,False,False,False,False,False,False,False,False,False,False,False,False,False,False,False,False,False,False,False,False,False,False,False,False,False,False,False,False,False,False,False,False,False,False,False,False,False,False,False,False,False,False,False,False,False,False,False,False,False,False,False,False,False,False,False,False,False,False,False,False,False,False,False,False,False,False,False,False,False,False,False,False,False,False,False,False,False,False,False,False,False,False,False,False,False,False,False,False,False,False,False,False,False,False,False,False,False,False,False,False,False,False,False,False,False,False,False,False,False,False,False,False,False,False,False,False,False,False,False,False,False,False,False,False,False,False,False,False,False,False,False,False,False,False,False,False,False,False,False,False,False,False,False,False,False,False,False,False,False,False,False,False,False,False,False,False,False,False,False,False,False,False,False,False,False,False,False,False,False,False,False,False,False,False,False,False,False,False,False,False,False,False,False,False,False,False,False,False,False,False,False,False,False,False,False,False,False,False,False,False,False,False,False,False,False,False,False,False,False,False,False,False,False,False,False,False,False,False,False,False,False,False,False,False,False,False,False,False,False,False,False,False,False,False,False,False,False,False,False,False,False,False,False,False,False,False,False,False,False,False,False,False,False,False,False,False
2019,30.28463,29.93291,29.67375,29.24799,29.24799,28.91478,28.48902,28.48902,28.35944,27.74857,27.74857,27.58196,26.9896,26.9896,26.9896,26.9896,26.9896,26.9896,26.61937,26.37872,26.86002,27.13769,27.43387,28.30391,29.19245,30.15505,30.76592,31.76554,34.07946,35.63442,37.41151,38.18899,39.46627,40.1512,40.87314,41.35444,42.03936,42.55768,42.9279,42.98344,44.13114,44.51988,44.2237,44.59393,45.07522,44.72351,45.18629,45.96377,46.09335,45.90824,46.13037,46.13037,46.13037,46.13037,45.61205,45.48247,45.63057,46.0193,45.87121,45.92675,45.76014,46.05633,46.55613,46.35251,46.74125,46.75976,46.79678,46.96338,46.20442,45.96377,45.66759,44.96416,43.27962,42.5947,42.63172,42.39107,41.63211,40.92867,40.16971,40.13268,39.72543,39.79948,39.26265,39.05902,38.52219,38.28155,38.02239,37.46704,36.81915,36.48594,35.81953,35.09759,34.13499,33.19091,32.37641,31.56191,False,False,False,False,False,False,False,False,False,False,False,False,False,False,False,False,False,False,False,False,False,False,False,False,False,False,False,False,False,False,False,False,False,False,False,False,False,False,False,False,False,False,False,False,False,False,False,False,False,False,False,False,False,False,False,False,False,False,False,False,False,False,True,False,False,False,False,False,False,False,False,False,False,False,False,False,False,False,False,False,False,False,False,False,False,False,False,False,False,False,False,False,False,False,False,False,False,False,False,False,False,False,False,False,False,False,False,False,False,False,False,False,False,False,False,False,False,False,False,False,False,False,False,False,False,False,False,False,False,False,False,False,False,False,False,False,False,False,False,False,False,False,False,False,False,False,False,False,False,False,False,False,False,False,False,False,False,False,False,False,False,False,False,False,False,False,False,False,False,False,False,False,False,False,False,False,False,False,False,False,False,False,False,False,False,False,False,False,False,False,False,False,False,False,False,False,False,False,False,False,False,False,False,False,False,False,False,False,False,False,False,False,False,False,False,False,False,False,False,False,False,False,False,False,False,False,False,False,False,False,False,False,False,False,False,False,False,False,False,False,False,False,False,False,False,False,False,False,False,False,False,False,False,False,False,False,False,False,False,False,False,False,False,False,False,False,False,False,False,False,False,False,False,False,False,False,False,False,False,False,False,False,False,False,False,False,False,False,False,False,False,False,False,False,False,False,False,False,False,False,False,False,False,False,False,False,False,False,False,False,False,False,False,False,False,False,False,False,False,False,False,False,False,False,False,False,False,False,False,False,False,False,False,False,False,False,False,False,False,False,False,False,False,False,False,False,False,False,False,False,False,False,False,False,False,False,False,False,False,False
2019,30.76592,30.04398,30.04398,29.84035,29.30352,29.15543,28.87776,28.47051,28.452,27.76708,27.76708,27.52643,27.08216,27.08216,27.08216,27.08216,27.08216,27.08216,27.08216,27.08216,27.02662,27.02662,27.41536,27.89666,29.39608,30.45123,30.74741,32.0247,33.87584,35.33823,36.96724,37.87429,39.5033,40.78058,40.91016,41.50253,42.31703,42.7613,42.74279,43.15004,43.81645,44.02007,44.02007,44.2237,44.29775,44.29775,44.24221,44.26072,44.74202,44.98267,44.98267,45.46396,45.46396,45.24183,45.2048,45.22331,45.14927,45.63057,45.83419,45.63057,45.63057,45.50099,45.48247,45.29736,45.59354,45.92675,45.90824,45.53801,45.38992,44.77904,44.74202,44.46435,42.29852,41.63211,41.40997,41.35444,40.68803,40.3178,39.76246,39.52181,39.48479,39.48479,39.1886,38.8554,38.2075,37.89281,37.44853,36.80063,36.2638,35.98613,36.20827,35.35675,34.35713,33.80179,32.65408,32.15428,False,False,False,False,False,False,False,False,False,False,False,False,False,False,False,False,False,False,False,False,False,False,False,False,False,False,False,False,False,False,False,False,False,False,False,False,False,False,False,False,False,False,False,False,False,False,False,False,False,False,False,False,False,False,False,False,False,False,False,False,False,False,False,False,False,False,False,False,False,False,False,False,False,False,True,False,False,False,False,False,False,False,False,False,False,False,False,False,False,False,False,False,False,False,False,False,False,False,False,False,False,False,False,False,False,False,False,False,False,False,False,False,False,False,False,False,False,False,False,False,False,False,False,False,False,False,False,False,False,False,False,False,False,False,False,False,False,False,False,False,False,False,False,False,False,False,False,False,False,False,False,False,False,False,False,False,False,False,False,False,False,False,False,False,False,False,False,False,False,False,False,False,False,False,False,False,False,False,False,False,False,False,False,False,False,False,False,False,False,False,False,False,False,False,False,False,False,False,False,False,False,False,False,False,False,False,False,False,False,False,False,False,False,False,False,False,False,False,False,False,False,False,False,False,False,False,False,False,False,False,False,False,False,False,False,False,False,False,False,False,False,False,False,False,False,False,False,False,False,False,False,False,False,False,False,False,False,False,False,False,False,False,False,False,False,False,False,False,False,False,False,False,False,False,False,False,False,False,False,False,False,False,False,False,False,False,False,False,False,False,False,False,False,False,False,False,False,False,False,False,False,False,False,False,False,False,False,False,False,False,False,False,False,False,False,False,False,False,False,False,False,False,False,False,False,False,False,False,False,False,False,False,False,False,False,False,False,False,False,False,False,False,False,False,False,False,False,False,False,False,False,False,False,False,False,False,False,False,False,False
2019,31.13615,30.50676,29.9144,29.9144,29.61822,29.28501,29.0999,28.452,27.8041,27.8041,27.8041,27.48941,26.97109,26.97109,26.97109,26.97109,26.97109,26.97109,26.97109,26.97109,27.39685,27.69303,27.74857,28.41498,29.58119,30.59932,31.33978,31.80256,34.02393,35.72697,36.72659,38.44815,38.92944,39.55883,39.92906,40.44738,41.2989,41.52104,41.52104,41.59508,42.18745,42.79832,43.29813,43.46473,43.52027,44.07561,44.50137,45.40843,45.50099,45.61205,46.334,46.38953,46.75976,46.81529,46.88934,47.35212,47.40766,47.64831,47.40766,46.79678,46.87083,47.11148,47.24106,47.01892,46.77827,46.75976,47.00041,47.20403,46.09335,45.22331,44.16817,43.2426,41.70615,41.18783,41.07676,40.85463,39.76246,39.35521,38.48517,38.28155,37.5596,37.07831,36.43041,36.13422,35.72697,35.57888,35.48633,34.78289,34.44969,33.91286,33.32049,32.91324,32.33939,32.1913,31.63596,31.04359,False,False,False,False,False,False,False,False,False,False,False,False,False,False,False,False,False,False,False,False,False,False,False,False,False,False,False,False,False,False,False,False,False,False,False,False,False,False,False,False,False,False,False,False,False,False,False,False,False,False,False,False,False,False,False,False,False,False,False,False,False,False,False,False,False,False,False,False,False,False,False,False,False,False,False,False,False,False,False,False,False,False,False,False,False,True,False,False,False,False,False,False,False,False,False,False,False,False,False,False,False,False,False,False,False,False,False,False,False,False,False,False,False,False,False,False,False,False,False,False,False,False,False,False,False,False,False,False,False,False,False,False,False,False,False,False,False,False,False,False,False,False,False,False,False,False,False,False,False,False,False,False,False,False,False,False,False,False,False,False,False,False,False,False,False,False,False,False,False,False,False,False,False,False,False,False,False,False,False,False,False,False,False,False,False,False,False,False,False,False,False,False,False,False,False,False,False,False,False,False,False,False,False,False,False,False,False,False,False,False,False,False,False,False,False,False,False,False,False,False,False,False,False,False,False,False,False,False,False,False,False,False,False,False,False,False,False,False,False,False,False,False,False,False,False,False,False,False,False,False,False,False,False,False,False,False,False,False,False,False,False,False,False,False,False,False,False,False,False,False,False,False,False,False,False,False,False,False,False,False,False,False,False,False,False,False,False,False,False,False,False,False,False,False,False,False,False,False,False,False,False,False,False,False,False,False,False,False,False,False,False,False,False,False,False,False,False,False,False,False,False,False,False,False,False,False,False,False,False,False,False,False,False,False,False,False,False,False,False,False,False,False,False,False,False,False,False,False,False,False,False,False,False,False,False,False,False,False,False,False
2019,30.50676,29.58119,29.41459,28.9333,28.72967,28.13731,28.13731,27.58196,27.41536,27.13769,26.52682,26.19361,26.19361,26.19361,26.19361,26.58235,25.98999,25.95296,25.13846,25.13846,25.54571,25.74934,25.74934,25.74934,26.54533,26.52682,26.52682,27.71154,27.76708,28.26689,27.76708,28.21135,28.76669,29.28501,30.21058,31.33978,31.80256,32.37641,32.61706,32.85771,33.85732,33.9869,34.44969,34.54225,34.78289,35.00503,35.4493,35.764,36.70808,36.76361,36.72659,36.76361,37.30044,37.41151,38.05941,38.50368,37.83727,37.87429,37.43002,37.68918,37.33746,37.00426,36.65254,37.07831,37.24491,37.37449,38.11494,38.13345,37.92983,37.98536,37.41151,37.31895,36.7451,36.85617,36.68957,36.68957,36.37487,36.06018,35.85655,35.52335,35.52335,35.35675,35.04205,34.50522,34.20904,33.56114,33.57965,33.57965,33.41305,32.96878,32.3579,31.48787,31.33978,31.61745,31.13615,30.74741,False,False,False,False,False,False,False,False,False,False,False,False,False,False,False,False,False,False,False,False,False,False,False,False,False,False,False,False,False,False,False,False,False,False,False,False,False,False,False,False,False,False,False,False,False,False,False,False,False,False,False,False,False,False,False,False,False,False,False,False,False,False,False,False,False,False,False,False,False,False,False,False,False,False,False,False,False,False,False,False,False,False,False,False,False,False,False,False,False,False,False,False,False,False,False,False,False,True,False,False,False,False,False,False,False,False,False,False,False,False,False,False,False,False,False,False,False,False,False,False,False,False,False,False,False,False,False,False,False,False,False,False,False,False,False,False,False,False,False,False,False,False,False,False,False,False,False,False,False,False,False,False,False,False,False,False,False,False,False,False,False,False,False,False,False,False,False,False,False,False,False,False,False,False,False,False,False,False,False,False,False,False,False,False,False,False,False,False,False,False,False,False,False,False,False,False,False,False,False,False,False,False,False,False,False,False,False,False,False,False,False,False,False,False,False,False,False,False,False,False,False,False,False,False,False,False,False,False,False,False,False,False,False,False,False,False,False,False,False,False,False,False,False,False,False,False,False,False,False,False,False,False,False,False,False,False,False,False,False,False,False,False,False,False,False,False,False,False,False,False,False,False,False,False,False,False,False,False,False,False,False,False,False,False,False,False,False,False,False,False,False,False,False,False,False,False,False,False,False,False,False,False,False,False,False,False,False,False,False,False,False,False,False,False,False,False,False,False,False,False,False,False,False,False,False,False,False,False,False,False,False,False,False,False,False,False,False,False,False,False,False,False,False,False,False,False,False,False,False,False,False,False,False,False,False,False,False,False,False,False
2019,30.34016,29.7478,29.11841,28.26689,27.82261,26.91555,26.60086,26.60086,26.36021,25.93445,25.63827,25.41613,25.32358,25.0459,24.65717,24.65717,24.65717,24.34247,23.97224,23.97224,24.30545,24.63865,24.63865,24.7127,25.3606,25.3606,25.3606,25.3606,25.80487,26.19361,26.19361,26.19361,26.56384,27.3228,27.67452,28.24837,28.82223,29.19245,29.13692,29.4331,30.11802,30.54379,30.52527,30.19207,30.63634,30.91401,30.7289,30.95104,31.09913,31.04359,31.2102,31.11764,31.2102,31.28424,31.98767,31.45084,31.43233,31.08062,30.85848,30.95104,30.98806,31.2102,31.56191,31.35829,31.11764,31.09913,31.32126,31.41382,31.35829,31.85809,32.22832,32.00619,31.74703,31.93214,31.65447,32.04321,31.93214,31.82107,31.95065,32.3579,32.17279,32.00619,32.28386,31.72851,31.11764,31.19168,30.67337,30.30314,30.28463,29.65524,29.65524,29.17394,28.72967,28.21135,27.52643,26.87853,False,False,False,False,False,False,False,False,False,False,False,False,False,False,False,False,False,False,False,False,False,False,False,False,False,False,False,False,False,False,False,False,False,False,False,False,False,False,False,False,False,False,False,False,False,False,False,False,False,False,False,False,False,False,False,False,False,False,False,False,False,False,False,False,False,False,False,False,False,False,False,False,False,False,False,False,False,False,False,False,False,False,False,False,False,False,False,False,False,False,False,False,False,False,False,False,False,False,False,False,False,False,False,False,False,False,False,False,False,True,False,False,False,False,False,False,False,False,False,False,False,False,False,False,False,False,False,False,False,False,False,False,False,False,False,False,False,False,False,False,False,False,False,False,False,False,False,False,False,False,False,False,False,False,False,False,False,False,False,False,False,False,False,False,False,False,False,False,False,False,False,False,False,False,False,False,False,False,False,False,False,False,False,False,False,False,False,False,False,False,False,False,False,False,False,False,False,False,False,False,False,False,False,False,False,False,False,False,False,False,False,False,False,False,False,False,False,False,False,False,False,False,False,False,False,False,False,False,False,False,False,False,False,False,False,False,False,False,False,False,False,False,False,False,False,False,False,False,False,False,False,False,False,False,False,False,False,False,False,False,False,False,False,False,False,False,False,False,False,False,False,False,False,False,False,False,False,False,False,False,False,False,False,False,False,False,False,False,False,False,False,False,False,False,False,False,False,False,False,False,False,False,False,False,False,False,False,False,False,False,False,False,False,False,False,False,False,False,False,False,False,False,False,False,False,False,False,False,False,False,False,False,False,False,False,False,False,False,False,False,False,False,False,False,False,False,False,False,False,False,False,False,False,False,False,False,False,False,False,False
2019,26.37872,26.08254,26.08254,25.32358,25.08293,25.30506,24.86079,24.69419,24.69419,24.5461,23.99076,23.69457,23.78713,23.30583,23.71308,23.71308,23.71308,23.71308,23.71308,23.71308,23.71308,23.71308,23.71308,24.47205,25.71231,26.76746,27.45238,28.35944,30.22909,31.52489,31.98767,32.82069,33.80179,34.50522,34.96801,35.09759,35.85655,36.5785,37.04128,37.65216,38.42964,39.28116,38.98498,39.92906,40.74356,40.74356,40.50291,40.72505,40.87314,40.85463,41.28039,41.4655,41.63211,41.44699,41.50253,41.79871,42.16894,41.87275,41.4655,41.26188,41.40997,41.53955,41.7802,41.74317,41.33592,41.2989,41.50253,41.53955,41.37295,40.94718,40.9657,40.89165,39.57734,38.76284,39.09605,39.13307,38.3741,37.393,36.68957,36.68957,36.68957,36.68957,36.33785,36.0972,35.41228,34.91247,34.24606,33.94988,33.43156,33.1724,32.63557,31.58042,30.96955,30.26612,30.09951,29.35906,False,False,False,False,False,False,False,False,False,False,False,False,False,False,False,False,False,False,False,False,False,False,False,False,False,False,False,False,False,False,False,False,False,False,False,False,False,False,False,False,False,False,False,False,False,False,False,False,False,False,False,False,False,False,False,False,False,False,False,False,False,False,False,False,False,False,False,False,False,False,False,False,False,False,False,False,False,False,False,False,False,False,False,False,False,False,False,False,False,False,False,False,False,False,False,False,False,False,False,False,False,False,False,False,False,False,False,False,False,False,False,False,False,False,False,False,False,False,False,False,False,True,False,False,False,False,False,False,False,False,False,False,False,False,False,False,False,False,False,False,False,False,False,False,False,False,False,False,False,False,False,False,False,False,False,False,False,False,False,False,False,False,False,False,False,False,False,False,False,False,False,False,False,False,False,False,False,False,False,False,False,False,False,False,False,False,False,False,False,False,False,False,False,False,False,False,False,False,False,False,False,False,False,False,False,False,False,False,False,False,False,False,False,False,False,False,False,False,False,False,False,False,False,False,False,False,False,False,False,False,False,False,False,False,False,False,False,False,False,False,False,False,False,False,False,False,False,False,False,False,False,False,False,False,False,False,False,False,False,False,False,False,False,False,False,False,False,False,False,False,False,False,False,False,False,False,False,False,False,False,False,False,False,False,False,False,False,False,False,False,False,False,False,False,False,False,False,False,False,False,False,False,False,False,False,False,False,False,False,False,False,False,False,False,False,False,False,False,False,False,False,False,False,False,False,False,False,False,False,False,False,False,False,False,False,False,False,False,False,False,False,False,False,False,False,False,False,False,False,False,False,False,False,False,False,False,False,False,False,False
2019,28.82223,28.2854,28.10028,27.78559,27.3228,26.76746,26.24914,26.48979,26.08254,26.13808,25.71231,25.71231,25.06442,24.99037,24.99037,24.99037,24.99037,24.99037,24.99037,24.99037,24.93484,25.58273,25.74934,26.28617,27.54494,28.19284,28.89627,29.96993,31.59893,33.04282,33.91286,34.22755,35.20866,36.13422,36.37487,37.46704,38.3741,39.022,39.79948,39.89204,40.59547,41.37295,41.15081,41.2989,41.37295,42.02084,41.81722,42.40958,42.85386,43.44622,43.35366,43.37218,43.55729,44.00156,44.33477,44.16817,44.16817,44.0571,44.13114,44.53839,44.76053,44.59393,44.66797,44.64946,44.8716,44.81606,45.0382,45.40843,44.74202,44.76053,44.44584,43.96454,42.31703,41.61359,41.68764,41.40997,40.66951,40.11417,39.81799,39.37372,39.20711,38.83689,38.35559,37.89281,37.68918,37.11533,36.85617,36.2638,35.61591,34.96801,34.19053,34.13499,32.78366,32.00619,31.87661,31.45084,False,False,False,False,False,False,False,False,False,False,False,False,False,False,False,False,False,False,False,False,False,False,False,False,False,False,False,False,False,False,False,False,False,False,False,False,False,False,False,False,False,False,False,False,False,False,False,False,False,False,False,False,False,False,False,False,False,False,False,False,False,False,False,False,False,False,False,False,False,False,False,False,False,False,False,False,False,False,False,False,False,False,False,False,False,False,False,False,False,False,False,False,False,False,False,False,False,False,False,False,False,False,False,False,False,False,False,False,False,False,False,False,False,False,False,False,False,False,False,False,False,False,False,False,False,False,False,False,False,False,False,False,False,True,False,False,False,False,False,False,False,False,False,False,False,False,False,False,False,False,False,False,False,False,False,False,False,False,False,False,False,False,False,False,False,False,False,False,False,False,False,False,False,False,False,False,False,False,False,False,False,False,False,False,False,False,False,False,False,False,False,False,False,False,False,False,False,False,False,False,False,False,False,False,False,False,False,False,False,False,False,False,False,False,False,False,False,False,False,False,False,False,False,False,False,False,False,False,False,False,False,False,False,False,False,False,False,False,False,False,False,False,False,False,False,False,False,False,False,False,False,False,False,False,False,False,False,False,False,False,False,False,False,False,False,False,False,False,False,False,False,False,False,False,False,False,False,False,False,False,False,False,False,False,False,False,False,False,False,False,False,False,False,False,False,False,False,False,False,False,False,False,False,False,False,False,False,False,False,False,False,False,False,False,False,False,False,False,False,False,False,False,False,False,False,False,False,False,False,False,False,False,False,False,False,False,False,False,False,False,False,False,False,False,False,False,False,False,False,False,False,False,False,False,False,False,False,False,False,False
2019,31.58042,30.59932,29.98844,29.47013,28.76669,28.10028,27.48941,27.02662,27.02662,27.02662,26.73044,26.19361,25.91594,26.0085,25.84189,25.80487,25.61976,25.49018,25.43464,25.08293,25.50869,25.5272,26.08254,26.74895,27.54494,28.56307,29.11841,30.34016,31.93214,32.91324,34.04244,34.57927,35.13461,35.96762,36.4119,36.37487,36.85617,36.83766,37.30044,37.92983,38.79986,39.15158,39.20711,39.11456,39.8365,39.91055,40.02162,39.6699,39.8365,39.85501,40.07715,40.33631,40.4844,39.79948,39.79948,39.68841,39.87352,39.8365,39.98459,40.41035,39.8365,39.89204,39.65139,39.31818,39.55883,40.11417,40.18822,40.8176,40.39184,39.8365,39.59585,39.11456,37.35598,36.67105,36.2638,36.07869,35.50484,35.1161,34.69034,34.72736,35.02354,34.81992,34.41267,33.69072,33.19091,32.56153,32.06172,31.5434,31.24722,30.98806,30.7289,29.82184,28.56307,28.32242,27.87815,27.39685,False,False,False,False,False,False,False,False,False,False,False,False,False,False,False,False,False,False,False,False,False,False,False,False,False,False,False,False,False,False,False,False,False,False,False,False,False,False,False,False,False,False,False,False,False,False,False,False,False,False,False,False,False,False,False,False,False,False,False,False,False,False,False,False,False,False,False,False,False,False,False,False,False,False,False,False,False,False,False,False,False,False,False,False,False,False,False,False,False,False,False,False,False,False,False,False,False,False,False,False,False,False,False,False,False,False,False,False,False,False,False,False,False,False,False,False,False,False,False,False,False,False,False,False,False,False,False,False,False,False,False,False,False,False,False,False,False,False,False,False,False,False,False,False,False,True,False,False,False,False,False,False,False,False,False,False,False,False,False,False,False,False,False,False,False,False,False,False,False,False,False,False,False,False,False,False,False,False,False,False,False,False,False,False,False,False,False,False,False,False,False,False,False,False,False,False,False,False,False,False,False,False,False,False,False,False,False,False,False,False,False,False,False,False,False,False,False,False,False,False,False,False,False,False,False,False,False,False,False,False,False,False,False,False,False,False,False,False,False,False,False,False,False,False,False,False,False,False,False,False,False,False,False,False,False,False,False,False,False,False,False,False,False,False,False,False,False,False,False,False,False,False,False,False,False,False,False,False,False,False,False,False,False,False,False,False,False,False,False,False,False,False,False,False,False,False,False,False,False,False,False,False,False,False,False,False,False,False,False,False,False,False,False,False,False,False,False,False,False,False,False,False,False,False,False,False,False,False,False,False,False,False,False,False,False,False,False,False,False,False,False,False,False,False,False,False,False,False,False,False,False,False,False,False,False,False,False,False,False,False
2019,26.87853,26.76746,25.87892,25.45315,25.26804,25.21251,25.21251,24.69419,24.47205,24.30545,23.65755,23.65755,24.04629,24.30545,24.30545,23.58351,23.49095,23.49095,23.49095,23.49095,23.49095,23.8982,24.13885,25.11995,25.98999,26.48979,27.10067,27.95219,29.80333,31.04359,31.43233,32.30237,33.24645,33.8203,34.11648,34.8014,35.85655,36.04167,36.4119,36.89319,37.41151,37.63365,37.81876,38.15197,38.46666,38.22601,38.35559,38.28155,38.79986,38.42964,38.6888,38.74433,38.67028,38.55922,39.04051,39.55883,39.59585,39.92906,39.54032,39.29967,38.94795,39.1886,38.96647,39.05902,38.92944,39.1886,39.1886,39.33669,38.70731,38.5407,38.22601,37.41151,35.68995,35.59739,35.30121,35.22717,34.8014,34.32011,33.76477,33.9869,33.52412,33.11687,32.8392,32.65408,32.0247,32.0247,31.45084,31.3768,31.24722,30.76592,30.43272,30.17356,29.2665,28.65562,28.24837,27.65601,False,False,False,False,False,False,False,False,False,False,False,False,False,False,False,False,False,False,False,False,False,False,False,False,False,False,False,False,False,False,False,False,False,False,False,False,False,False,False,False,False,False,False,False,False,False,False,False,False,False,False,False,False,False,False,False,False,False,False,False,False,False,False,False,False,False,False,False,False,False,False,False,False,False,False,False,False,False,False,False,False,False,False,False,False,False,False,False,False,False,False,False,False,False,False,False,False,False,False,False,False,False,False,False,False,False,False,False,False,False,False,False,False,False,False,False,False,False,False,False,False,False,False,False,False,False,False,False,False,False,False,False,False,False,False,False,False,False,False,False,False,False,False,False,False,False,False,False,False,False,False,False,False,False,False,False,False,True,False,False,False,False,False,False,False,False,False,False,False,False,False,False,False,False,False,False,False,False,False,False,False,False,False,False,False,False,False,False,False,False,False,False,False,False,False,False,False,False,False,False,False,False,False,False,False,False,False,False,False,False,False,False,False,False,False,False,False,False,False,False,False,False,False,False,False,False,False,False,False,False,False,False,False,False,False,False,False,False,False,False,False,False,False,False,False,False,False,False,False,False,False,False,False,False,False,False,False,False,False,False,False,False,False,False,False,False,False,False,False,False,False,False,False,False,False,False,False,False,False,False,False,False,False,False,False,False,False,False,False,False,False,False,False,False,False,False,False,False,False,False,False,False,False,False,False,False,False,False,False,False,False,False,False,False,False,False,False,False,False,False,False,False,False,False,False,False,False,False,False,False,False,False,False,False,False,False,False,False,False,False,False,False,False,False,False,False,False,False,False,False,False,False,False,False,False,False,False,False,False,False
2019,27.54494,27.11918,26.36021,26.10105,26.10105,25.56422,25.3606,24.7127,24.7127,24.7127,24.43503,24.10182,24.10182,24.10182,24.10182,24.10182,23.86118,23.86118,23.86118,23.86118,24.32396,24.52759,24.60163,25.28655,26.10105,26.67491,27.48941,28.2854,30.34016,31.74703,32.3579,33.50561,34.09797,35.00503,35.63442,36.30083,36.33785,36.96724,37.65216,38.28155,38.33708,38.81838,39.07753,39.022,39.04051,39.37372,39.81799,40.33631,40.76207,40.16971,40.22524,40.28077,40.46589,40.24375,39.81799,39.81799,40.39184,40.50291,41.02123,40.61398,40.24375,40.46589,40.53993,40.29929,40.24375,39.91055,40.0031,39.79948,39.39223,39.1886,38.83689,38.50368,37.02277,36.30083,35.65293,35.50484,34.8014,34.61629,34.13499,34.69034,34.20904,34.07946,33.78328,33.1724,32.76515,32.91324,32.33939,32.76515,32.00619,31.35829,30.96955,30.17356,29.93291,29.58119,29.48864,29.30352,False,False,False,False,False,False,False,False,False,False,False,False,False,False,False,False,False,False,False,False,False,False,False,False,False,False,False,False,False,False,False,False,False,False,False,False,False,False,False,False,False,False,False,False,False,False,False,False,False,False,False,False,False,False,False,False,False,False,False,False,False,False,False,False,False,False,False,False,False,False,False,False,False,False,False,False,False,False,False,False,False,False,False,False,False,False,False,False,False,False,False,False,False,False,False,False,False,False,False,False,False,False,False,False,False,False,False,False,False,False,False,False,False,False,False,False,False,False,False,False,False,False,False,False,False,False,False,False,False,False,False,False,False,False,False,False,False,False,False,False,False,False,False,False,False,False,False,False,False,False,False,False,False,False,False,False,False,False,False,False,False,False,False,False,False,False,False,False,False,True,False,False,False,False,False,False,False,False,False,False,False,False,False,False,False,False,False,False,False,False,False,False,False,False,False,False,False,False,False,False,False,False,False,False,False,False,False,False,False,False,False,False,False,False,False,False,False,False,False,False,False,False,False,False,False,False,False,False,False,False,False,False,False,False,False,False,False,False,False,False,False,False,False,False,False,False,False,False,False,False,False,False,False,False,False,False,False,False,False,False,False,False,False,False,False,False,False,False,False,False,False,False,False,False,False,False,False,False,False,False,False,False,False,False,False,False,False,False,False,False,False,False,False,False,False,False,False,False,False,False,False,False,False,False,False,False,False,False,False,False,False,False,False,False,False,False,False,False,False,False,False,False,False,False,False,False,False,False,False,False,False,False,False,False,False,False,False,False,False,False,False,False,False,False,False,False,False,False,False,False,False,False,False,False,False,False,False,False,False,False
2019,28.84074,28.30391,27.69303,27.11918,27.08216,26.61937,26.1751,25.65678,25.10144,25.10144,25.10144,24.63865,25.08293,24.60163,24.67568,24.37949,24.37949,24.37949,24.37949,24.37949,24.15736,23.99076,23.95373,24.62014,24.99037,24.99037,25.47167,25.65678,26.3417,26.84151,27.04513,27.61899,28.34093,28.85925,29.52566,30.26612,31.0621,31.65447,32.11725,32.48748,32.80218,33.11687,33.20943,33.87584,33.87584,33.96839,34.72736,34.57927,34.69034,34.6348,34.6348,34.69034,34.43118,34.22755,34.41267,34.33862,34.6348,34.8014,35.20866,35.20866,35.22717,35.20866,34.98652,34.96801,34.52373,34.4682,34.81992,34.69034,34.76438,34.70885,34.9495,34.91247,34.57927,34.48671,34.6348,34.83843,34.50522,34.54225,34.76438,34.6348,34.6348,34.76438,34.72736,34.61629,34.02393,34.00542,33.96839,33.96839,33.59816,33.32049,32.69111,32.54302,31.59893,31.24722,30.91401,30.11802,False,False,False,False,False,False,False,False,False,False,False,False,False,False,False,False,False,False,False,False,False,False,False,False,False,False,False,False,False,False,False,False,False,False,False,False,False,False,False,False,False,False,False,False,False,False,False,False,False,False,False,False,False,False,False,False,False,False,False,False,False,False,False,False,False,False,False,False,False,False,False,False,False,False,False,False,False,False,False,False,False,False,False,False,False,False,False,False,False,False,False,False,False,False,False,False,False,False,False,False,False,False,False,False,False,False,False,False,False,False,False,False,False,False,False,False,False,False,False,False,False,False,False,False,False,False,False,False,False,False,False,False,False,False,False,False,False,False,False,False,False,False,False,False,False,False,False,False,False,False,False,False,False,False,False,False,False,False,False,False,False,False,False,False,False,False,False,False,False,False,False,False,False,False,False,False,False,False,False,False,False,True,False,False,False,False,False,False,False,False,False,False,False,False,False,False,False,False,False,False,False,False,False,False,False,False,False,False,False,False,False,False,False,False,False,False,False,False,False,False,False,False,False,False,False,False,False,False,False,False,False,False,False,False,False,False,False,False,False,False,False,False,False,False,False,False,False,False,False,False,False,False,False,False,False,False,False,False,False,False,False,False,False,False,False,False,False,False,False,False,False,False,False,False,False,False,False,False,False,False,False,False,False,False,False,False,False,False,False,False,False,False,False,False,False,False,False,False,False,False,False,False,False,False,False,False,False,False,False,False,False,False,False,False,False,False,False,False,False,False,False,False,False,False,False,False,False,False,False,False,False,False,False,False,False,False,False,False,False,False,False,False,False,False,False,False,False,False,False,False,False,False,False,False,False,False,False,False,False,False
2019,29.71077,29.13692,28.24837,27.85964,27.4709,27.19323,26.84151,27.23025,26.6564,26.32319,25.61976,25.49018,25.13846,25.13846,25.13846,25.13846,25.13846,25.13846,25.13846,25.13846,25.13846,25.13846,25.13846,25.26804,25.26804,25.41613,25.61976,26.06403,26.5083,26.6564,26.97109,27.78559,28.13731,28.58158,29.02585,29.48864,29.96993,30.7289,31.3768,32.17279,32.58004,32.93175,33.13538,33.52412,33.78328,34.07946,33.93137,34.19053,34.52373,34.43118,34.20904,34.69034,34.85694,34.93098,35.39377,35.31972,35.15312,35.07908,35.07908,34.52373,34.81992,35.24568,35.30121,35.37526,35.41228,35.39377,35.02354,35.59739,35.98613,35.87506,36.2638,36.07869,35.59739,35.9306,35.89358,35.85655,35.89358,35.68995,35.68995,35.68995,35.52335,35.39377,35.30121,35.24568,35.24568,34.8014,34.33862,34.39415,33.70923,33.11687,32.91324,32.3579,31.74703,31.15466,30.48825,29.54417,False,False,False,False,False,False,False,False,False,False,False,False,False,False,False,False,False,False,False,False,False,False,False,False,False,False,False,False,False,False,False,False,False,False,False,False,False,False,False,False,False,False,False,False,False,False,False,False,False,False,False,False,False,False,False,False,False,False,False,False,False,False,False,False,False,False,False,False,False,False,False,False,False,False,False,False,False,False,False,False,False,False,False,False,False,False,False,False,False,False,False,False,False,False,False,False,False,False,False,False,False,False,False,False,False,False,False,False,False,False,False,False,False,False,False,False,False,False,False,False,False,False,False,False,False,False,False,False,False,False,False,False,False,False,False,False,False,False,False,False,False,False,False,False,False,False,False,False,False,False,False,False,False,False,False,False,False,False,False,False,False,False,False,False,False,False,False,False,False,False,False,False,False,False,False,False,False,False,False,False,False,False,False,False,False,False,False,False,False,False,False,False,False,True,False,False,False,False,False,False,False,False,False,False,False,False,False,False,False,False,False,False,False,False,False,False,False,False,False,False,False,False,False,False,False,False,False,False,False,False,False,False,False,False,False,False,False,False,False,False,False,False,False,False,False,False,False,False,False,False,False,False,False,False,False,False,False,False,False,False,False,False,False,False,False,False,False,False,False,False,False,False,False,False,False,False,False,False,False,False,False,False,False,False,False,False,False,False,False,False,False,False,False,False,False,False,False,False,False,False,False,False,False,False,False,False,False,False,False,False,False,False,False,False,False,False,False,False,False,False,False,False,False,False,False,False,False,False,False,False,False,False,False,False,False,False,False,False,False,False,False,False,False,False,False,False,False,False,False,False,False,False,False,False,False,False,False,False,False,False
2019,28.9333,28.60009,28.08177,28.08177,27.48941,27.26727,26.43426,26.32319,26.43426,26.43426,25.93445,26.45277,26.26766,25.80487,25.32358,25.0459,25.0459,25.32358,25.71231,26.26766,26.26766,26.26766,26.26766,26.91555,28.21135,29.0999,30.11802,31.30275,33.37603,35.07908,36.54147,37.63365,38.41112,39.15158,39.6699,40.1512,41.00272,41.31741,41.89127,42.50214,42.96493,43.72389,44.16817,44.35328,44.48286,44.59393,44.92713,45.22331,45.0382,44.96416,44.8716,44.42733,44.59393,44.74202,45.40843,44.8716,45.11225,44.76053,44.81606,44.72351,44.77904,45.18629,45.16778,44.85309,44.42733,44.20519,44.11263,44.24221,44.51988,44.14965,43.79794,42.7613,40.91016,40.33631,39.8365,40.09566,39.15158,38.41112,38.24452,38.24452,38.00387,37.61514,37.43002,36.94873,36.55999,35.85655,35.35675,34.93098,34.24606,33.59816,33.13538,32.58004,31.85809,31.24722,31.02508,30.37718,False,False,False,False,False,False,False,False,False,False,False,False,False,False,False,False,False,False,False,False,False,False,False,False,False,False,False,False,False,False,False,False,False,False,False,False,False,False,False,False,False,False,False,False,False,False,False,False,False,False,False,False,False,False,False,False,False,False,False,False,False,False,False,False,False,False,False,False,False,False,False,False,False,False,False,False,False,False,False,False,False,False,False,False,False,False,False,False,False,False,False,False,False,False,False,False,False,False,False,False,False,False,False,False,False,False,False,False,False,False,False,False,False,False,False,False,False,False,False,False,False,False,False,False,False,False,False,False,False,False,False,False,False,False,False,False,False,False,False,False,False,False,False,False,False,False,False,False,False,False,False,False,False,False,False,False,False,False,False,False,False,False,False,False,False,False,False,False,False,False,False,False,False,False,False,False,False,False,False,False,False,False,False,False,False,False,False,False,False,False,False,False,False,False,False,False,False,False,False,False,False,False,False,False,False,True,False,False,False,False,False,False,False,False,False,False,False,False,False,False,False,False,False,False,False,False,False,False,False,False,False,False,False,False,False,False,False,False,False,False,False,False,False,False,False,False,False,False,False,False,False,False,False,False,False,False,False,False,False,False,False,False,False,False,False,False,False,False,False,False,False,False,False,False,False,False,False,False,False,False,False,False,False,False,False,False,False,False,False,False,False,False,False,False,False,False,False,False,False,False,False,False,False,False,False,False,False,False,False,False,False,False,False,False,False,False,False,False,False,False,False,False,False,False,False,False,False,False,False,False,False,False,False,False,False,False,False,False,False,False,False,False,False,False,False,False,False,False,False,False,False,False,False,False,False,False,False,False,False,False
2019,29.71077,29.2665,28.63711,28.54456,28.54456,28.11879,27.8041,27.71154,27.19323,27.19323,27.19323,26.63788,26.54533,26.54533,26.54533,26.54533,26.54533,26.54533,26.54533,26.54533,26.52682,27.13769,27.54494,28.34093,29.22948,30.39569,31.22871,32.32088,34.17202,35.83804,37.24491,38.09643,38.92944,39.96608,40.4844,40.87314,41.1323,42.13191,42.57619,43.16855,43.90901,44.31626,44.64946,44.76053,44.53839,44.46435,44.35328,44.03859,43.66836,44.00156,44.76053,44.14965,44.13114,43.55729,43.59431,43.59431,43.5758,43.61282,43.89049,43.89049,42.9279,42.72428,42.61321,42.57619,42.15042,42.24298,41.96531,41.87275,41.22486,41.16932,40.52142,39.87352,38.42964,37.83727,37.48556,37.30044,36.9117,36.63403,36.54147,36.48594,35.74549,35.74549,35.00503,34.91247,33.85732,33.50561,32.87622,32.5245,31.59893,31.2102,30.93253,30.46974,29.80333,29.15543,28.74818,28.08177,False,False,False,False,False,False,False,False,False,False,False,False,False,False,False,False,False,False,False,False,False,False,False,False,False,False,False,False,False,False,False,False,False,False,False,False,False,False,False,False,False,False,False,False,False,False,False,False,False,False,False,False,False,False,False,False,False,False,False,False,False,False,False,False,False,False,False,False,False,False,False,False,False,False,False,False,False,False,False,False,False,False,False,False,False,False,False,False,False,False,False,False,False,False,False,False,False,False,False,False,False,False,False,False,False,False,False,False,False,False,False,False,False,False,False,False,False,False,False,False,False,False,False,False,False,False,False,False,False,False,False,False,False,False,False,False,False,False,False,False,False,False,False,False,False,False,False,False,False,False,False,False,False,False,False,False,False,False,False,False,False,False,False,False,False,False,False,False,False,False,False,False,False,False,False,False,False,False,False,False,False,False,False,False,False,False,False,False,False,False,False,False,False,False,False,False,False,False,False,False,False,False,False,False,False,False,False,False,False,False,False,False,False,False,False,False,False,True,False,False,False,False,False,False,False,False,False,False,False,False,False,False,False,False,False,False,False,False,False,False,False,False,False,False,False,False,False,False,False,False,False,False,False,False,False,False,False,False,False,False,False,False,False,False,False,False,False,False,False,False,False,False,False,False,False,False,False,False,False,False,False,False,False,False,False,False,False,False,False,False,False,False,False,False,False,False,False,False,False,False,False,False,False,False,False,False,False,False,False,False,False,False,False,False,False,False,False,False,False,False,False,False,False,False,False,False,False,False,False,False,False,False,False,False,False,False,False,False,False,False,False,False,False,False,False,False,False,False,False,False,False,False,False,False,False,False,False,False,False,False
2019,27.3228,26.9896,26.9896,26.91555,26.26766,26.26766,26.26766,25.73083,25.65678,25.43464,24.99037,24.99037,24.99037,24.99037,24.99037,24.62014,24.37949,24.37949,24.37949,24.37949,24.80526,25.13846,25.47167,26.15659,26.76746,28.22986,29.39608,29.9144,31.93214,33.13538,33.56114,34.04244,34.83843,35.52335,35.83804,35.9306,36.22678,36.35636,36.83766,37.09682,37.37449,37.63365,37.5596,37.50407,38.05941,37.81876,37.80025,38.2075,38.15197,38.0409,38.0409,38.31857,38.50368,38.26303,38.63326,38.50368,38.59624,38.81838,38.81838,38.48517,38.33708,38.15197,38.07792,37.85578,38.02239,38.02239,38.02239,37.61514,37.48556,37.33746,37.2264,37.05979,36.02316,35.78251,35.81953,36.30083,35.78251,35.19014,34.87545,35.35675,35.24568,34.81992,34.17202,34.04244,33.94988,33.19091,33.07985,32.69111,32.04321,31.80256,31.17317,30.5623,30.04398,29.65524,29.0999,28.58158,False,False,False,False,False,False,False,False,False,False,False,False,False,False,False,False,False,False,False,False,False,False,False,False,False,False,False,False,False,False,False,False,False,False,False,False,False,False,False,False,False,False,False,False,False,False,False,False,False,False,False,False,False,False,False,False,False,False,False,False,False,False,False,False,False,False,False,False,False,False,False,False,False,False,False,False,False,False,False,False,False,False,False,False,False,False,False,False,False,False,False,False,False,False,False,False,False,False,False,False,False,False,False,False,False,False,False,False,False,False,False,False,False,False,False,False,False,False,False,False,False,False,False,False,False,False,False,False,False,False,False,False,False,False,False,False,False,False,False,False,False,False,False,False,False,False,False,False,False,False,False,False,False,False,False,False,False,False,False,False,False,False,False,False,False,False,False,False,False,False,False,False,False,False,False,False,False,False,False,False,False,False,False,False,False,False,False,False,False,False,False,False,False,False,False,False,False,False,False,False,False,False,False,False,False,False,False,False,False,False,False,False,False,False,False,False,False,False,False,False,False,False,False,False,False,False,False,False,False,True,False,False,False,False,False,False,False,False,False,False,False,False,False,False,False,False,False,False,False,False,False,False,False,False,False,False,False,False,False,False,False,False,False,False,False,False,False,False,False,False,False,False,False,False,False,False,False,False,False,False,False,False,False,False,False,False,False,False,False,False,False,False,False,False,False,False,False,False,False,False,False,False,False,False,False,False,False,False,False,False,False,False,False,False,False,False,False,False,False,False,False,False,False,False,False,False,False,False,False,False,False,False,False,False,False,False,False,False,False,False,False,False,False,False,False,False,False,False,False,False,False,False,False,False,False,False,False,False,False,False
2019,28.08177,27.60048,27.02662,26.52682,26.24914,25.6938,25.54571,25.54571,25.54571,24.93484,24.82377,24.82377,24.82377,24.12034,23.99076,23.99076,23.99076,24.41652,24.60163,24.60163,24.91632,25.45315,25.82338,26.08254,27.17471,27.85964,28.52604,29.21097,31.43233,32.85771,33.76477,34.43118,35.1161,35.764,35.87506,36.18976,36.39338,36.83766,36.9117,37.18937,37.96685,38.09643,37.78174,37.33746,37.48556,37.48556,37.92983,37.67067,38.09643,38.09643,38.09643,37.78174,37.96685,38.13345,38.65177,38.67028,38.61475,38.30006,38.05941,38.02239,37.76323,37.87429,37.78174,37.91132,37.78174,37.393,37.33746,37.68918,37.20788,36.98575,36.80063,35.91209,35.17163,34.91247,34.98652,35.04205,34.19053,33.85732,33.56114,33.63519,33.63519,33.37603,32.85771,32.85771,32.32088,32.09874,32.08023,31.50638,30.80295,30.26612,29.71077,29.21097,28.60009,28.04475,27.87815,27.58196,False,False,False,False,False,False,False,False,False,False,False,False,False,False,False,False,False,False,False,False,False,False,False,False,False,False,False,False,False,False,False,False,False,False,False,False,False,False,False,False,False,False,False,False,False,False,False,False,False,False,False,False,False,False,False,False,False,False,False,False,False,False,False,False,False,False,False,False,False,False,False,False,False,False,False,False,False,False,False,False,False,False,False,False,False,False,False,False,False,False,False,False,False,False,False,False,False,False,False,False,False,False,False,False,False,False,False,False,False,False,False,False,False,False,False,False,False,False,False,False,False,False,False,False,False,False,False,False,False,False,False,False,False,False,False,False,False,False,False,False,False,False,False,False,False,False,False,False,False,False,False,False,False,False,False,False,False,False,False,False,False,False,False,False,False,False,False,False,False,False,False,False,False,False,False,False,False,False,False,False,False,False,False,False,False,False,False,False,False,False,False,False,False,False,False,False,False,False,False,False,False,False,False,False,False,False,False,False,False,False,False,False,False,False,False,False,False,False,False,False,False,False,False,False,False,False,False,False,False,False,False,False,False,False,False,False,False,False,False,False,False,True,False,False,False,False,False,False,False,False,False,False,False,False,False,False,False,False,False,False,False,False,False,False,False,False,False,False,False,False,False,False,False,False,False,False,False,False,False,False,False,False,False,False,False,False,False,False,False,False,False,False,False,False,False,False,False,False,False,False,False,False,False,False,False,False,False,False,False,False,False,False,False,False,False,False,False,False,False,False,False,False,False,False,False,False,False,False,False,False,False,False,False,False,False,False,False,False,False,False,False,False,False,False,False,False,False,False,False,False,False,False,False,False,False,False,False,False,False,False
2019,26.9896,26.89704,26.36021,26.36021,25.76785,25.61976,24.99037,24.99037,24.99037,24.99037,24.84228,24.52759,24.19438,23.95373,23.67606,24.10182,24.10182,23.4169,23.37988,24.0648,24.19438,24.19438,24.58312,24.99037,25.74934,26.61937,27.60048,28.54456,30.081,31.35829,32.09874,32.59855,33.24645,33.96839,34.72736,34.78289,35.07908,35.33823,35.31972,35.57888,36.02316,36.65254,36.44892,36.28232,36.83766,36.48594,36.48594,36.68957,36.76361,36.72659,36.85617,36.85617,36.68957,36.65254,36.20827,36.0972,36.20827,36.44892,36.85617,37.393,37.41151,37.28193,36.76361,36.2638,36.13422,36.11571,36.68957,36.50445,35.9306,36.02316,35.96762,35.4493,34.17202,33.56114,33.78328,33.46858,33.30198,32.85771,32.72813,32.58004,32.46897,32.46897,32.08023,31.87661,31.28424,31.19168,30.69188,30.58081,30.22909,29.65524,29.13692,29.08139,28.60009,28.02624,27.30429,27.24876,False,False,False,False,False,False,False,False,False,False,False,False,False,False,False,False,False,False,False,False,False,False,False,False,False,False,False,False,False,False,False,False,False,False,False,False,False,False,False,False,False,False,False,False,False,False,False,False,False,False,False,False,False,False,False,False,False,False,False,False,False,False,False,False,False,False,False,False,False,False,False,False,False,False,False,False,False,False,False,False,False,False,False,False,False,False,False,False,False,False,False,False,False,False,False,False,False,False,False,False,False,False,False,False,False,False,False,False,False,False,False,False,False,False,False,False,False,False,False,False,False,False,False,False,False,False,False,False,False,False,False,False,False,False,False,False,False,False,False,False,False,False,False,False,False,False,False,False,False,False,False,False,False,False,False,False,False,False,False,False,False,False,False,False,False,False,False,False,False,False,False,False,False,False,False,False,False,False,False,False,False,False,False,False,False,False,False,False,False,False,False,False,False,False,False,False,False,False,False,False,False,False,False,False,False,False,False,False,False,False,False,False,False,False,False,False,False,False,False,False,False,False,False,False,False,False,False,False,False,False,False,False,False,False,False,False,False,False,False,False,False,False,False,False,False,False,False,False,False,False,False,False,False,True,False,False,False,False,False,False,False,False,False,False,False,False,False,False,False,False,False,False,False,False,False,False,False,False,False,False,False,False,False,False,False,False,False,False,False,False,False,False,False,False,False,False,False,False,False,False,False,False,False,False,False,False,False,False,False,False,False,False,False,False,False,False,False,False,False,False,False,False,False,False,False,False,False,False,False,False,False,False,False,False,False,False,False,False,False,False,False,False,False,False,False,False,False,False,False,False,False,False,False,False,False,False,False,False,False,False
2019,26.89704,26.43426,26.28617,25.80487,25.80487,25.26804,25.10144,25.0459,24.36098,24.36098,24.36098,23.97224,23.71308,23.71308,23.71308,23.71308,23.71308,23.71308,23.71308,23.21328,23.47244,23.58351,23.50946,23.82415,23.82415,24.21289,24.58312,24.80526,25.74934,25.87892,25.91594,26.73044,27.45238,28.06326,28.19284,28.60009,29.19245,29.24799,29.59971,29.52566,29.93291,30.081,30.13654,30.67337,30.8955,30.83997,31.33978,31.61745,31.59893,31.3768,31.46936,31.2102,31.35829,31.3768,31.30275,31.50638,31.30275,31.39531,31.52489,30.7289,30.80295,30.76592,30.78443,30.91401,31.00657,30.63634,31.15466,30.98806,31.26573,31.50638,31.41382,31.50638,31.48787,32.04321,32.45046,32.13577,31.93214,32.0247,31.93214,32.28386,31.95065,31.74703,31.59893,31.5434,31.5434,31.78405,32.1913,31.08062,30.54379,30.54379,30.2476,29.58119,29.4331,28.74818,28.30391,27.43387,False,False,False,False,False,False,False,False,False,False,False,False,False,False,False,False,False,False,False,False,False,False,False,False,False,False,False,False,False,False,False,False,False,False,False,False,False,False,False,False,False,False,False,False,False,False,False,False,False,False,False,False,False,False,False,False,False,False,False,False,False,False,False,False,False,False,False,False,False,False,False,False,False,False,False,False,False,False,False,False,False,False,False,False,False,False,False,False,False,False,False,False,False,False,False,False,False,False,False,False,False,False,False,False,False,False,False,False,False,False,False,False,False,False,False,False,False,False,False,False,False,False,False,False,False,False,False,False,False,False,False,False,False,False,False,False,False,False,False,False,False,False,False,False,False,False,False,False,False,False,False,False,False,False,False,False,False,False,False,False,False,False,False,False,False,False,False,False,False,False,False,False,False,False,False,False,False,False,False,False,False,False,False,False,False,False,False,False,False,False,False,False,False,False,False,False,False,False,False,False,False,False,False,False,False,False,False,False,False,False,False,False,False,False,False,False,False,False,False,False,False,False,False,False,False,False,False,False,False,False,False,False,False,False,False,False,False,False,False,False,False,False,False,False,False,False,False,False,False,False,False,False,False,False,False,False,False,False,False,False,False,False,False,False,False,True,False,False,False,False,False,False,False,False,False,False,False,False,False,False,False,False,False,False,False,False,False,False,False,False,False,False,False,False,False,False,False,False,False,False,False,False,False,False,False,False,False,False,False,False,False,False,False,False,False,False,False,False,False,False,False,False,False,False,False,False,False,False,False,False,False,False,False,False,False,False,False,False,False,False,False,False,False,False,False,False,False,False,False,False,False,False,False,False,False,False,False,False,False,False
2019,27.04513,26.80449,26.73044,25.50869,25.41613,24.8793,24.69419,24.69419,24.26843,24.02778,24.02778,23.43541,23.0837,23.12072,22.65794,22.69496,22.49133,22.97263,23.13923,23.13923,23.13923,23.13923,23.13923,23.39839,23.80564,23.80564,24.2314,24.47205,24.47205,24.89781,24.60163,25.17548,25.82338,25.98999,26.36021,26.80449,27.78559,28.19284,28.19284,28.56307,29.02585,29.0999,29.54417,30.21058,30.32165,30.32165,30.5623,30.48825,30.58081,30.76592,30.74741,30.71039,30.74741,30.93253,30.93253,31.08062,31.04359,31.00657,30.71039,30.98806,31.08062,30.61783,30.74741,30.65485,30.80295,31.08062,30.93253,30.98806,30.96955,30.95104,30.93253,31.02508,31.02508,31.09913,31.17317,31.58042,31.30275,30.93253,30.78443,31.3768,31.30275,31.30275,31.08062,31.09913,30.32165,30.30314,30.15505,29.63673,29.35906,28.89627,28.34093,27.98921,27.28578,27.21174,26.78597,25.97147,False,False,False,False,False,False,False,False,False,False,False,False,False,False,False,False,False,False,False,False,False,False,False,False,False,False,False,False,False,False,False,False,False,False,False,False,False,False,False,False,False,False,False,False,False,False,False,False,False,False,False,False,False,False,False,False,False,False,False,False,False,False,False,False,False,False,False,False,False,False,False,False,False,False,False,False,False,False,False,False,False,False,False,False,False,False,False,False,False,False,False,False,False,False,False,False,False,False,False,False,False,False,False,False,False,False,False,False,False,False,False,False,False,False,False,False,False,False,False,False,False,False,False,False,False,False,False,False,False,False,False,False,False,False,False,False,False,False,False,False,False,False,False,False,False,False,False,False,False,False,False,False,False,False,False,False,False,False,False,False,False,False,False,False,False,False,False,False,False,False,False,False,False,False,False,False,False,False,False,False,False,False,False,False,False,False,False,False,False,False,False,False,False,False,False,False,False,False,False,False,False,False,False,False,False,False,False,False,False,False,False,False,False,False,False,False,False,False,False,False,False,False,False,False,False,False,False,False,False,False,False,False,False,False,False,False,False,False,False,False,False,False,False,False,False,False,False,False,False,False,False,False,False,False,False,False,False,False,False,False,False,False,False,False,False,False,False,False,False,False,False,False,False,False,False,False,False,True,False,False,False,False,False,False,False,False,False,False,False,False,False,False,False,False,False,False,False,False,False,False,False,False,False,False,False,False,False,False,False,False,False,False,False,False,False,False,False,False,False,False,False,False,False,False,False,False,False,False,False,False,False,False,False,False,False,False,False,False,False,False,False,False,False,False,False,False,False,False,False,False,False,False,False,False,False,False,False,False,False,False
2019,25.74934,25.194,25.08293,24.50907,24.43503,24.43503,24.43503,23.99076,23.80564,23.80564,23.80564,23.80564,23.47244,23.0837,23.0837,23.0837,23.0837,23.0837,23.0837,23.34286,23.75011,23.75011,23.75011,24.04629,25.41613,26.76746,27.52643,27.8041,29.41459,30.65485,31.63596,32.5245,33.26496,33.85732,34.70885,34.59778,35.19014,35.46781,35.68995,35.85655,36.81915,37.28193,36.9117,37.2264,37.04128,37.2264,37.76323,37.85578,37.89281,38.50368,38.48517,37.80025,37.70769,37.68918,37.85578,38.11494,38.3741,38.22601,38.35559,38.07792,38.02239,37.91132,37.70769,37.54109,37.393,37.43002,36.93021,37.04128,36.7451,36.61552,36.24529,35.83804,34.02393,33.46858,33.22794,33.39454,32.72813,32.22832,32.26534,32.30237,32.0247,31.76554,31.24722,31.11764,30.59932,30.06249,29.65524,29.2665,28.58158,28.06326,27.8041,27.39685,26.71193,25.91594,25.5272,24.8793,False,False,False,False,False,False,False,False,False,False,False,False,False,False,False,False,False,False,False,False,False,False,False,False,False,False,False,False,False,False,False,False,False,False,False,False,False,False,False,False,False,False,False,False,False,False,False,False,False,False,False,False,False,False,False,False,False,False,False,False,False,False,False,False,False,False,False,False,False,False,False,False,False,False,False,False,False,False,False,False,False,False,False,False,False,False,False,False,False,False,False,False,False,False,False,False,False,False,False,False,False,False,False,False,False,False,False,False,False,False,False,False,False,False,False,False,False,False,False,False,False,False,False,False,False,False,False,False,False,False,False,False,False,False,False,False,False,False,False,False,False,False,False,False,False,False,False,False,False,False,False,False,False,False,False,False,False,False,False,False,False,False,False,False,False,False,False,False,False,False,False,False,False,False,False,False,False,False,False,False,False,False,False,False,False,False,False,False,False,False,False,False,False,False,False,False,False,False,False,False,False,False,False,False,False,False,False,False,False,False,False,False,False,False,False,False,False,False,False,False,False,False,False,False,False,False,False,False,False,False,False,False,False,False,False,False,False,False,False,False,False,False,False,False,False,False,False,False,False,False,False,False,False,False,False,False,False,False,False,False,False,False,False,False,False,False,False,False,False,False,False,False,False,False,False,False,False,False,False,False,False,False,False,False,False,False,False,False,False,True,False,False,False,False,False,False,False,False,False,False,False,False,False,False,False,False,False,False,False,False,False,False,False,False,False,False,False,False,False,False,False,False,False,False,False,False,False,False,False,False,False,False,False,False,False,False,False,False,False,False,False,False,False,False,False,False,False,False,False,False,False,False,False,False,False,False,False,False,False,False
2019,24.82377,24.80526,24.15736,24.04629,23.52797,23.52797,23.19477,22.88007,23.21328,23.49095,23.15774,22.88007,22.84305,22.2692,22.69496,22.75049,22.89858,22.75049,22.25069,22.25069,22.88007,23.58351,23.71308,23.86118,25.0459,25.97147,26.89704,27.61899,29.0999,30.43272,31.00657,31.93214,32.48748,33.35752,33.83881,34.09797,34.81992,35.15312,35.35675,35.89358,36.37487,36.59701,37.33746,37.46704,38.17048,38.74433,38.70731,38.70731,38.70731,39.31818,39.22563,39.17009,39.26265,39.35521,39.98459,39.87352,40.83612,40.59547,40.42887,40.28077,40.04013,39.92906,40.11417,39.98459,39.79948,39.72543,39.8365,39.87352,39.54032,39.54032,39.15158,38.70731,37.18937,36.15274,35.96762,35.59739,35.52335,34.9495,34.91247,34.74587,34.74587,34.72736,34.13499,33.72774,33.20943,32.61706,32.20981,31.80256,31.15466,30.59932,30.15505,29.61822,28.98883,28.58158,28.11879,27.78559,False,False,False,False,False,False,False,False,False,False,False,False,False,False,False,False,False,False,False,False,False,False,False,False,False,False,False,False,False,False,False,False,False,False,False,False,False,False,False,False,False,False,False,False,False,False,False,False,False,False,False,False,False,False,False,False,False,False,False,False,False,False,False,False,False,False,False,False,False,False,False,False,False,False,False,False,False,False,False,False,False,False,False,False,False,False,False,False,False,False,False,False,False,False,False,False,False,False,False,False,False,False,False,False,False,False,False,False,False,False,False,False,False,False,False,False,False,False,False,False,False,False,False,False,False,False,False,False,False,False,False,False,False,False,False,False,False,False,False,False,False,False,False,False,False,False,False,False,False,False,False,False,False,False,False,False,False,False,False,False,False,False,False,False,False,False,False,False,False,False,False,False,False,False,False,False,False,False,False,False,False,False,False,False,False,False,False,False,False,False,False,False,False,False,False,False,False,False,False,False,False,False,False,False,False,False,False,False,False,False,False,False,False,False,False,False,False,False,False,False,False,False,False,False,False,False,False,False,False,False,False,False,False,False,False,False,False,False,False,False,False,False,False,False,False,False,False,False,False,False,False,False,False,False,False,False,False,False,False,False,False,False,False,False,False,False,False,False,False,False,False,False,False,False,False,False,False,False,False,False,False,False,False,False,False,False,False,False,False,False,False,False,False,False,False,False,False,False,False,False,False,True,False,False,False,False,False,False,False,False,False,False,False,False,False,False,False,False,False,False,False,False,False,False,False,False,False,False,False,False,False,False,False,False,False,False,False,False,False,False,False,False,False,False,False,False,False,False,False,False,False,False,False,False,False,False,False,False,False,False
2019,26.97109,26.823,26.26766,26.08254,25.54571,25.06442,24.8793,24.80526,24.7127,24.58312,24.47205,24.13885,23.91671,23.99076,23.8982,23.36137,23.36137,23.97224,24.04629,24.04629,24.04629,24.50907,24.69419,25.00888,26.26766,27.3228,28.06326,29.21097,31.08062,32.45046,33.39454,33.83881,34.96801,35.63442,36.52296,37.59662,37.92983,38.3741,39.022,39.46627,39.59585,40.11417,40.13268,40.4844,40.70654,40.53993,40.52142,40.85463,41.48401,41.48401,41.44699,40.91016,40.98421,41.40997,41.40997,41.90978,42.16894,42.16894,42.5947,42.00233,41.83573,41.33592,41.02123,40.74356,40.42887,40.4844,40.4844,40.07715,39.91055,40.04013,39.26265,38.98498,37.81876,37.26342,37.41151,37.31895,36.67105,36.00464,35.68995,36.0972,35.37526,35.15312,34.87545,34.81992,34.17202,33.6537,33.24645,33.19091,32.54302,31.89512,31.5434,30.54379,30.13654,29.76631,29.24799,28.48902,False,False,False,False,False,False,False,False,False,False,False,False,False,False,False,False,False,False,False,False,False,False,False,False,False,False,False,False,False,False,False,False,False,False,False,False,False,False,False,False,False,False,False,False,False,False,False,False,False,False,False,False,False,False,False,False,False,False,False,False,False,False,False,False,False,False,False,False,False,False,False,False,False,False,False,False,False,False,False,False,False,False,False,False,False,False,False,False,False,False,False,False,False,False,False,False,False,False,False,False,False,False,False,False,False,False,False,False,False,False,False,False,False,False,False,False,False,False,False,False,False,False,False,False,False,False,False,False,False,False,False,False,False,False,False,False,False,False,False,False,False,False,False,False,False,False,False,False,False,False,False,False,False,False,False,False,False,False,False,False,False,False,False,False,False,False,False,False,False,False,False,False,False,False,False,False,False,False,False,False,False,False,False,False,False,False,False,False,False,False,False,False,False,False,False,False,False,False,False,False,False,False,False,False,False,False,False,False,False,False,False,False,False,False,False,False,False,False,False,False,False,False,False,False,False,False,False,False,False,False,False,False,False,False,False,False,False,False,False,False,False,False,False,False,False,False,False,False,False,False,False,False,False,False,False,False,False,False,False,False,False,False,False,False,False,False,False,False,False,False,False,False,False,False,False,False,False,False,False,False,False,False,False,False,False,False,False,False,False,False,False,False,False,False,False,False,False,False,False,False,False,False,False,False,False,False,False,False,False,False,False,False,True,False,False,False,False,False,False,False,False,False,False,False,False,False,False,False,False,False,False,False,False,False,False,False,False,False,False,False,False,False,False,False,False,False,False,False,False,False,False,False,False,False,False,False,False,False,False,False
2019,27.71154,26.87853,26.87853,26.87853,26.3417,26.26766,25.97147,25.63827,25.5272,25.58273,25.65678,25.65678,24.8793,24.8793,24.8793,24.8793,24.8793,24.8793,24.47205,24.78675,25.17548,25.63827,25.63827,26.43426,27.30429,27.98921,29.19245,30.11802,31.85809,33.37603,34.72736,35.13461,35.98613,37.02277,37.96685,38.00387,38.33708,38.18899,38.78135,39.15158,39.59585,40.20673,40.63249,40.78058,41.22486,41.35444,41.35444,41.24337,42.35405,42.22447,42.07638,41.7802,41.90978,42.18745,42.39107,42.37256,42.66874,42.20596,41.85424,41.44699,41.33592,41.42848,41.1323,41.40997,41.72466,41.7802,41.76169,42.18745,41.89127,41.63211,40.79909,39.91055,38.3741,37.92983,37.92983,37.92983,37.20788,36.50445,36.46743,36.31934,36.18976,35.81953,35.41228,35.35675,34.59778,34.4682,33.8203,33.69072,33.20943,33.04282,32.46897,31.65447,31.50638,30.78443,30.04398,29.54417,False,False,False,False,False,False,False,False,False,False,False,False,False,False,False,False,False,False,False,False,False,False,False,False,False,False,False,False,False,False,False,False,False,False,False,False,False,False,False,False,False,False,False,False,False,False,False,False,False,False,False,False,False,False,False,False,False,False,False,False,False,False,False,False,False,False,False,False,False,False,False,False,False,False,False,False,False,False,False,False,False,False,False,False,False,False,False,False,False,False,False,False,False,False,False,False,False,False,False,False,False,False,False,False,False,False,False,False,False,False,False,False,False,False,False,False,False,False,False,False,False,False,False,False,False,False,False,False,False,False,False,False,False,False,False,False,False,False,False,False,False,False,False,False,False,False,False,False,False,False,False,False,False,False,False,False,False,False,False,False,False,False,False,False,False,False,False,False,False,False,False,False,False,False,False,False,False,False,False,False,False,False,False,False,False,False,False,False,False,False,False,False,False,False,False,False,False,False,False,False,False,False,False,False,False,False,False,False,False,False,False,False,False,False,False,False,False,False,False,False,False,False,False,False,False,False,False,False,False,False,False,False,False,False,False,False,False,False,False,False,False,False,False,False,False,False,False,False,False,False,False,False,False,False,False,False,False,False,False,False,False,False,False,False,False,False,False,False,False,False,False,False,False,False,False,False,False,False,False,False,False,False,False,False,False,False,False,False,False,False,False,False,False,False,False,False,False,False,False,False,False,False,False,False,False,False,False,False,False,False,False,False,False,False,False,False,False,False,False,False,False,False,False,False,True,False,False,False,False,False,False,False,False,False,False,False,False,False,False,False,False,False,False,False,False,False,False,False,False,False,False,False,False,False,False,False,False,False,False,False
2019,28.80372,28.41498,28.41498,27.71154,27.17471,26.91555,26.91555,26.39724,26.21212,26.11956,25.5272,25.5272,25.32358,24.7127,25.02739,25.3606,25.3606,25.50869,25.67529,25.3606,25.56422,25.6938,26.24914,27.02662,28.08177,28.89627,29.85886,30.61783,32.17279,33.72774,34.56076,35.50484,36.39338,36.89319,37.09682,37.44853,38.2075,38.79986,38.79986,39.37372,40.41035,40.89165,40.79909,40.83612,41.24337,41.90978,41.96531,42.18745,42.79832,42.52065,42.72428,42.79832,42.79832,42.90939,43.02046,43.61282,43.42771,43.76092,43.59431,43.59431,43.48324,43.55729,43.68687,43.64985,43.31664,43.39069,43.42771,43.26111,43.13153,42.83535,42.40958,41.48401,39.63288,38.8554,38.92944,38.74433,37.96685,37.35598,37.28193,37.26342,37.02277,37.04128,36.68957,36.4119,35.9306,35.74549,35.59739,35.09759,34.07946,33.70923,33.24645,32.93175,32.46897,32.15428,31.39531,31.15466,False,False,False,False,False,False,True,False,False,False,False,False,False,False,False,False,False,False,False,False,False,False,False,False,False,False,False,False,False,False,False,False,False,False,False,False,False,False,False,False,False,False,False,False,False,False,False,False,False,False,False,False,False,False,False,False,False,False,False,False,False,False,False,False,False,False,False,False,False,False,False,False,False,False,False,False,False,False,False,False,False,False,False,False,False,False,False,False,False,False,False,False,False,False,False,False,False,False,False,False,False,False,False,False,False,False,False,False,False,False,False,False,False,False,False,False,False,False,False,False,False,False,False,False,False,False,False,False,False,False,False,False,False,False,False,False,False,False,False,False,False,False,False,False,False,False,False,False,False,False,False,False,False,False,False,False,False,False,False,False,False,False,False,False,False,False,False,False,False,False,False,False,False,False,False,False,False,False,False,False,False,False,False,False,False,False,False,False,False,False,False,False,False,False,False,False,False,False,False,False,False,False,False,False,False,False,False,False,False,False,False,False,False,False,False,False,False,False,False,False,False,False,False,False,False,False,False,False,False,False,False,False,False,False,False,False,False,False,False,False,False,False,False,False,False,False,False,False,False,False,False,False,False,False,False,False,False,False,False,False,False,False,False,False,False,False,False,False,False,False,False,False,False,False,False,False,False,False,False,False,False,False,False,False,False,False,False,False,False,False,False,False,False,False,False,False,False,False,False,False,False,False,False,False,False,False,False,False,False,False,False,False,False,False,False,False,False,False,False,False,False,False,False,False,False,False,False,False,False,False,False,False,False,False,False,False,False,False,False,False,False,False,False,False,False,False,False,False,False,False,False,False,False,False,False,False,False,False,False,False
2019,31.09913,30.35867,29.69226,29.63673,29.04436,28.7852,27.98921,27.52643,27.54494,27.43387,27.26727,26.80449,26.69342,26.19361,26.19361,26.19361,26.19361,26.19361,26.06403,25.82338,25.80487,25.80487,26.10105,26.63788,26.95258,27.24876,27.35983,27.30429,27.73006,28.08177,28.82223,28.97032,29.41459,30.00696,30.83997,31.09913,32.00619,32.46897,32.61706,33.09836,34.20904,35.30121,35.1161,35.61591,36.02316,36.37487,36.4119,36.24529,36.17125,36.15274,36.15274,35.74549,35.83804,36.20827,36.37487,36.18976,36.80063,36.76361,36.44892,36.22678,36.33785,36.35636,36.18976,35.85655,35.87506,35.85655,35.80102,35.50484,35.63442,35.52335,35.83804,35.59739,35.04205,35.00503,34.9495,34.91247,34.85694,35.26419,34.87545,35.04205,34.91247,34.81992,34.72736,34.76438,34.70885,34.76438,34.33862,33.8203,33.28347,32.76515,32.80218,32.54302,32.04321,32.04321,31.65447,30.96955,False,False,False,False,False,False,False,False,False,False,False,False,False,False,False,False,False,False,True,False,False,False,False,False,False,False,False,False,False,False,False,False,False,False,False,False,False,False,False,False,False,False,False,False,False,False,False,False,False,False,False,False,False,False,False,False,False,False,False,False,False,False,False,False,False,False,False,False,False,False,False,False,False,False,False,False,False,False,False,False,False,False,False,False,False,False,False,False,False,False,False,False,False,False,False,False,False,False,False,False,False,False,False,False,False,False,False,False,False,False,False,False,False,False,False,False,False,False,False,False,False,False,False,False,False,False,False,False,False,False,False,False,False,False,False,False,False,False,False,False,False,False,False,False,False,False,False,False,False,False,False,False,False,False,False,False,False,False,False,False,False,False,False,False,False,False,False,False,False,False,False,False,False,False,False,False,False,False,False,False,False,False,False,False,False,False,False,False,False,False,False,False,False,False,False,False,False,False,False,False,False,False,False,False,False,False,False,False,False,False,False,False,False,False,False,False,False,False,False,False,False,False,False,False,False,False,False,False,False,False,False,False,False,False,False,False,False,False,False,False,False,False,False,False,False,False,False,False,False,False,False,False,False,False,False,False,False,False,False,False,False,False,False,False,False,False,False,False,False,False,False,False,False,False,False,False,False,False,False,False,False,False,False,False,False,False,False,False,False,False,False,False,False,False,False,False,False,False,False,False,False,False,False,False,False,False,False,False,False,False,False,False,False,False,False,False,False,False,False,False,False,False,False,False,False,False,False,False,False,False,False,False,False,False,False,False,False,False,False,False,False,False,False,False,False,False,False,False,False,False,False,False,False,False,False,False,False,False,False,False
2019,30.48825,29.80333,29.45161,28.87776,28.85925,28.21135,28.21135,27.52643,27.43387,27.43387,27.43387,27.08216,26.823,26.823,26.61937,25.5272,25.93445,25.93445,25.93445,25.93445,25.93445,25.93445,25.93445,26.28617,26.63788,27.00811,27.13769,26.95258,27.23025,27.30429,28.10028,28.19284,28.97032,29.48864,30.13654,30.59932,31.50638,32.0247,33.4871,33.22794,33.70923,33.72774,33.78328,33.94988,34.4682,34.8014,34.89396,35.09759,35.06056,35.50484,35.52335,35.54186,35.65293,35.87506,35.35675,35.39377,35.81953,36.02316,36.02316,36.02316,36.11571,36.28232,36.46743,36.70808,36.76361,36.67105,36.59701,36.76361,36.7451,36.94873,37.04128,37.28193,36.7451,36.83766,36.80063,37.07831,36.59701,36.24529,36.24529,36.65254,36.24529,36.24529,36.11571,36.13422,35.59739,35.46781,35.46781,34.81992,34.19053,33.57965,33.1724,32.45046,31.76554,31.35829,30.98806,30.41421,False,False,False,False,False,False,False,False,False,False,False,False,False,False,False,False,False,False,False,False,False,False,False,False,False,False,False,False,False,False,True,False,False,False,False,False,False,False,False,False,False,False,False,False,False,False,False,False,False,False,False,False,False,False,False,False,False,False,False,False,False,False,False,False,False,False,False,False,False,False,False,False,False,False,False,False,False,False,False,False,False,False,False,False,False,False,False,False,False,False,False,False,False,False,False,False,False,False,False,False,False,False,False,False,False,False,False,False,False,False,False,False,False,False,False,False,False,False,False,False,False,False,False,False,False,False,False,False,False,False,False,False,False,False,False,False,False,False,False,False,False,False,False,False,False,False,False,False,False,False,False,False,False,False,False,False,False,False,False,False,False,False,False,False,False,False,False,False,False,False,False,False,False,False,False,False,False,False,False,False,False,False,False,False,False,False,False,False,False,False,False,False,False,False,False,False,False,False,False,False,False,False,False,False,False,False,False,False,False,False,False,False,False,False,False,False,False,False,False,False,False,False,False,False,False,False,False,False,False,False,False,False,False,False,False,False,False,False,False,False,False,False,False,False,False,False,False,False,False,False,False,False,False,False,False,False,False,False,False,False,False,False,False,False,False,False,False,False,False,False,False,False,False,False,False,False,False,False,False,False,False,False,False,False,False,False,False,False,False,False,False,False,False,False,False,False,False,False,False,False,False,False,False,False,False,False,False,False,False,False,False,False,False,False,False,False,False,False,False,False,False,False,False,False,False,False,False,False,False,False,False,False,False,False,False,False,False,False,False,False,False,False,False,False,False,False,False,False,False,False,False,False,False,False,False,False,False,False,False,False
2019,29.93291,29.58119,28.95181,28.63711,28.08177,27.82261,27.41536,26.93407,26.6564,26.6564,26.6564,26.6564,26.6564,25.84189,25.80487,25.80487,25.80487,25.80487,26.15659,25.97147,25.95296,26.36021,26.6564,27.28578,28.71116,29.4331,30.71039,31.67298,33.32049,34.52373,35.59739,36.93021,37.96685,39.13307,39.48479,39.8365,40.651,40.9657,41.28039,42.52065,42.87237,42.87237,43.16855,43.46473,43.46473,43.89049,44.14965,44.5569,44.705,44.74202,44.64946,44.46435,44.79755,44.61244,44.74202,44.72351,44.76053,44.98267,45.26034,45.46396,45.35289,45.40843,44.8716,44.8716,44.63095,44.26072,44.03859,44.14965,44.16817,44.0571,43.50176,42.5947,40.68803,39.98459,39.92906,39.72543,38.89242,38.2075,38.28155,38.07792,37.96685,37.96685,37.83727,37.15235,36.83766,36.4119,35.24568,35.24568,34.65331,33.63519,33.09836,32.72813,32.0247,31.5434,30.96955,30.39569,False,False,False,False,False,False,False,False,False,False,False,False,False,False,False,False,False,False,False,False,False,False,False,False,False,False,False,False,False,False,False,False,False,False,False,False,False,False,False,False,False,False,True,False,False,False,False,False,False,False,False,False,False,False,False,False,False,False,False,False,False,False,False,False,False,False,False,False,False,False,False,False,False,False,False,False,False,False,False,False,False,False,False,False,False,False,False,False,False,False,False,False,False,False,False,False,False,False,False,False,False,False,False,False,False,False,False,False,False,False,False,False,False,False,False,False,False,False,False,False,False,False,False,False,False,False,False,False,False,False,False,False,False,False,False,False,False,False,False,False,False,False,False,False,False,False,False,False,False,False,False,False,False,False,False,False,False,False,False,False,False,False,False,False,False,False,False,False,False,False,False,False,False,False,False,False,False,False,False,False,False,False,False,False,False,False,False,False,False,False,False,False,False,False,False,False,False,False,False,False,False,False,False,False,False,False,False,False,False,False,False,False,False,False,False,False,False,False,False,False,False,False,False,False,False,False,False,False,False,False,False,False,False,False,False,False,False,False,False,False,False,False,False,False,False,False,False,False,False,False,False,False,False,False,False,False,False,False,False,False,False,False,False,False,False,False,False,False,False,False,False,False,False,False,False,False,False,False,False,False,False,False,False,False,False,False,False,False,False,False,False,False,False,False,False,False,False,False,False,False,False,False,False,False,False,False,False,False,False,False,False,False,False,False,False,False,False,False,False,False,False,False,False,False,False,False,False,False,False,False,False,False,False,False,False,False,False,False,False,False,False,False,False,False,False,False,False,False,False,False,False,False,False,False,False,False,False,False,False,False
2019,29.87738,29.52566,29.35906,28.71116,28.71116,27.98921,27.82261,27.91517,27.71154,27.34132,26.84151,26.9896,26.80449,26.52682,26.823,26.84151,26.04552,26.04552,26.04552,26.04552,26.39724,27.06365,27.4709,28.00773,28.91478,29.76631,30.7289,31.56191,33.37603,35.35675,36.35636,36.98575,38.24452,38.6888,39.24414,39.54032,40.04013,40.55845,40.70654,40.18822,40.33631,40.63249,40.85463,41.42848,42.02084,42.05787,42.18745,42.52065,42.4281,42.4281,42.55768,42.50214,42.87237,43.31664,43.94603,44.61244,45.38992,45.33438,45.42694,45.53801,45.48247,45.37141,45.37141,45.81568,45.13076,44.3903,44.24221,43.76092,43.37218,42.90939,42.55768,42.61321,41.50253,40.59547,40.59547,40.02162,39.68841,39.39223,39.05902,39.35521,39.09605,39.022,38.52219,38.17048,37.54109,36.78212,35.96762,35.65293,34.98652,34.67182,34.00542,33.26496,32.30237,32.20981,31.43233,30.74741,False,False,False,False,False,False,False,False,False,False,False,False,False,False,False,False,False,False,False,False,False,False,False,False,False,False,False,False,False,False,False,False,False,False,False,False,False,False,False,False,False,False,False,False,False,False,False,False,False,False,False,False,False,False,True,False,False,False,False,False,False,False,False,False,False,False,False,False,False,False,False,False,False,False,False,False,False,False,False,False,False,False,False,False,False,False,False,False,False,False,False,False,False,False,False,False,False,False,False,False,False,False,False,False,False,False,False,False,False,False,False,False,False,False,False,False,False,False,False,False,False,False,False,False,False,False,False,False,False,False,False,False,False,False,False,False,False,False,False,False,False,False,False,False,False,False,False,False,False,False,False,False,False,False,False,False,False,False,False,False,False,False,False,False,False,False,False,False,False,False,False,False,False,False,False,False,False,False,False,False,False,False,False,False,False,False,False,False,False,False,False,False,False,False,False,False,False,False,False,False,False,False,False,False,False,False,False,False,False,False,False,False,False,False,False,False,False,False,False,False,False,False,False,False,False,False,False,False,False,False,False,False,False,False,False,False,False,False,False,False,False,False,False,False,False,False,False,False,False,False,False,False,False,False,False,False,False,False,False,False,False,False,False,False,False,False,False,False,False,False,False,False,False,False,False,False,False,False,False,False,False,False,False,False,False,False,False,False,False,False,False,False,False,False,False,False,False,False,False,False,False,False,False,False,False,False,False,False,False,False,False,False,False,False,False,False,False,False,False,False,False,False,False,False,False,False,False,False,False,False,False,False,False,False,False,False,False,False,False,False,False,False,False,False,False,False,False,False,False,False,False,False,False,False,False,False,False,False,False,False
2019,30.15505,29.7478,29.17394,29.02585,28.39647,28.43349,28.26689,27.67452,27.60048,27.60048,27.08216,26.97109,26.97109,26.97109,26.97109,26.74895,26.32319,26.5083,26.52682,26.30468,26.67491,27.19323,27.52643,28.41498,29.65524,30.19207,30.85848,31.74703,34.06095,35.35675,36.4119,37.70769,38.63326,39.61436,40.39184,41.1323,41.70615,42.26149,42.90939,43.26111,43.81645,44.68648,44.81606,45.42694,45.77866,46.07484,45.79717,45.5195,46.09335,45.94526,46.05633,46.96338,46.94487,47.1485,47.25957,47.09296,46.9819,46.27846,45.5195,44.68648,44.35328,44.0571,43.44622,42.90939,42.66874,42.22447,42.4281,42.55768,42.00233,41.65062,41.2989,40.9657,39.92906,39.33669,39.11456,39.22563,38.57773,38.11494,38.67028,38.92944,38.55922,38.13345,37.11533,36.37487,35.74549,35.00503,34.00542,33.63519,32.54302,31.95065,31.2102,30.50676,29.41459,28.69265,28.08177,27.89666,False,False,False,False,False,False,False,False,False,False,False,False,False,False,False,False,False,False,False,False,False,False,False,False,False,False,False,False,False,False,False,False,False,False,False,False,False,False,False,False,False,False,False,False,False,False,False,False,False,False,False,False,False,False,False,False,False,False,False,False,False,False,False,False,False,False,True,False,False,False,False,False,False,False,False,False,False,False,False,False,False,False,False,False,False,False,False,False,False,False,False,False,False,False,False,False,False,False,False,False,False,False,False,False,False,False,False,False,False,False,False,False,False,False,False,False,False,False,False,False,False,False,False,False,False,False,False,False,False,False,False,False,False,False,False,False,False,False,False,False,False,False,False,False,False,False,False,False,False,False,False,False,False,False,False,False,False,False,False,False,False,False,False,False,False,False,False,False,False,False,False,False,False,False,False,False,False,False,False,False,False,False,False,False,False,False,False,False,False,False,False,False,False,False,False,False,False,False,False,False,False,False,False,False,False,False,False,False,False,False,False,False,False,False,False,False,False,False,False,False,False,False,False,False,False,False,False,False,False,False,False,False,False,False,False,False,False,False,False,False,False,False,False,False,False,False,False,False,False,False,False,False,False,False,False,False,False,False,False,False,False,False,False,False,False,False,False,False,False,False,False,False,False,False,False,False,False,False,False,False,False,False,False,False,False,False,False,False,False,False,False,False,False,False,False,False,False,False,False,False,False,False,False,False,False,False,False,False,False,False,False,False,False,False,False,False,False,False,False,False,False,False,False,False,False,False,False,False,False,False,False,False,False,False,False,False,False,False,False,False,False,False,False,False,False,False,False,False,False,False,False,False,False,False,False,False,False,False,False,False
2019,27.21174,26.61937,26.28617,25.91594,25.47167,25.32358,25.30506,24.69419,24.65717,24.65717,24.65717,24.62014,23.82415,23.82415,23.82415,23.82415,23.82415,23.82415,23.43541,23.19477,24.02778,24.32396,24.32396,25.00888,26.02701,26.97109,27.50792,28.13731,30.2476,31.26573,31.78405,32.72813,33.11687,33.80179,34.09797,34.09797,34.39415,35.04205,34.91247,35.1161,35.78251,35.52335,35.89358,36.48594,36.68957,36.24529,36.39338,36.61552,36.63403,35.89358,36.33785,36.17125,36.04167,36.30083,36.68957,36.63403,36.67105,36.52296,36.72659,36.93021,36.7451,36.44892,35.85655,35.54186,35.57888,36.04167,35.74549,35.46781,35.22717,35.15312,34.93098,35.04205,34.09797,33.35752,33.41305,33.1724,32.72813,32.72813,32.54302,32.54302,32.54302,31.96916,32.20981,31.78405,31.2102,30.87699,30.59932,30.46974,29.84035,29.22948,29.08139,28.54456,27.87815,27.60048,27.30429,26.86002,False,False,False,False,False,False,False,False,False,False,False,False,False,False,False,False,False,False,False,False,False,False,False,False,False,False,False,False,False,False,False,False,False,False,False,False,False,False,False,False,False,False,False,False,False,False,False,False,False,False,False,False,False,False,False,False,False,False,False,False,False,False,False,False,False,False,False,False,False,False,False,False,False,False,False,False,False,False,True,False,False,False,False,False,False,False,False,False,False,False,False,False,False,False,False,False,False,False,False,False,False,False,False,False,False,False,False,False,False,False,False,False,False,False,False,False,False,False,False,False,False,False,False,False,False,False,False,False,False,False,False,False,False,False,False,False,False,False,False,False,False,False,False,False,False,False,False,False,False,False,False,False,False,False,False,False,False,False,False,False,False,False,False,False,False,False,False,False,False,False,False,False,False,False,False,False,False,False,False,False,False,False,False,False,False,False,False,False,False,False,False,False,False,False,False,False,False,False,False,False,False,False,False,False,False,False,False,False,False,False,False,False,False,False,False,False,False,False,False,False,False,False,False,False,False,False,False,False,False,False,False,False,False,False,False,False,False,False,False,False,False,False,False,False,False,False,False,False,False,False,False,False,False,False,False,False,False,False,False,False,False,False,False,False,False,False,False,False,False,False,False,False,False,False,False,False,False,False,False,False,False,False,False,False,False,False,False,False,False,False,False,False,False,False,False,False,False,False,False,False,False,False,False,False,False,False,False,False,False,False,False,False,False,False,False,False,False,False,False,False,False,False,False,False,False,False,False,False,False,False,False,False,False,False,False,False,False,False,False,False,False,False,False,False,False,False,False,False,False,False,False,False,False,False,False,False,False,False,False,False
2019,26.28617,25.58273,25.32358,25.32358,25.06442,24.7127,24.7127,24.7127,24.7127,23.97224,23.97224,23.97224,23.97224,23.97224,23.63904,23.30583,23.30583,23.30583,23.30583,23.78713,24.19438,24.60163,24.60163,25.34209,26.08254,26.9896,27.6375,28.35944,30.02547,31.45084,32.13577,32.93175,34.07946,34.72736,35.43079,35.9306,36.5785,37.2264,37.7262,38.44815,38.87391,39.022,39.24414,39.41074,39.5033,39.72543,39.91055,40.53993,40.39184,40.4844,41.18783,41.26188,41.02123,41.39146,41.33592,41.61359,41.57657,41.89127,42.05787,41.92829,42.15042,42.35405,42.33554,42.7613,42.68725,42.02084,42.68725,42.55768,42.4281,42.15042,42.16894,41.40997,39.52181,38.91093,38.94795,38.61475,37.92983,37.59662,37.43002,37.80025,37.393,36.98575,36.65254,36.59701,36.39338,35.98613,35.87506,35.48633,34.59778,34.13499,33.39454,33.45007,32.85771,32.74664,31.69149,31.43233,False,False,False,False,False,False,False,False,False,False,False,False,False,False,False,False,False,False,False,False,False,False,False,False,False,False,False,False,False,False,False,False,False,False,False,False,False,False,False,False,False,False,False,False,False,False,False,False,False,False,False,False,False,False,False,False,False,False,False,False,False,False,False,False,False,False,False,False,False,False,False,False,False,False,False,False,False,False,False,False,False,False,False,False,False,False,False,False,False,True,False,False,False,False,False,False,False,False,False,False,False,False,False,False,False,False,False,False,False,False,False,False,False,False,False,False,False,False,False,False,False,False,False,False,False,False,False,False,False,False,False,False,False,False,False,False,False,False,False,False,False,False,False,False,False,False,False,False,False,False,False,False,False,False,False,False,False,False,False,False,False,False,False,False,False,False,False,False,False,False,False,False,False,False,False,False,False,False,False,False,False,False,False,False,False,False,False,False,False,False,False,False,False,False,False,False,False,False,False,False,False,False,False,False,False,False,False,False,False,False,False,False,False,False,False,False,False,False,False,False,False,False,False,False,False,False,False,False,False,False,False,False,False,False,False,False,False,False,False,False,False,False,False,False,False,False,False,False,False,False,False,False,False,False,False,False,False,False,False,False,False,False,False,False,False,False,False,False,False,False,False,False,False,False,False,False,False,False,False,False,False,False,False,False,False,False,False,False,False,False,False,False,False,False,False,False,False,False,False,False,False,False,False,False,False,False,False,False,False,False,False,False,False,False,False,False,False,False,False,False,False,False,False,False,False,False,False,False,False,False,False,False,False,False,False,False,False,False,False,False,False,False,False,False,False,False,False,False,False,False,False,False,False,False,False,False,False,False,False,False
2019,30.39569,30.02547,29.78482,29.30352,29.30352,28.56307,28.02624,28.15582,27.84112,27.58196,27.21174,26.87853,26.87853,26.87853,26.87853,26.87853,26.28617,26.13808,26.13808,26.13808,26.13808,26.1751,26.86002,26.86002,27.56345,27.69303,27.87815,28.2854,28.71116,28.76669,29.45161,29.41459,29.67375,29.78482,30.081,30.17356,30.34016,30.61783,31.2102,31.43233,32.37641,32.11725,32.00619,31.89512,32.50599,32.91324,32.69111,32.82069,34.06095,33.70923,34.20904,34.33862,34.78289,34.44969,34.15351,34.07946,33.6537,34.02393,34.02393,33.83881,33.56114,33.4871,33.59816,33.89435,33.74626,34.22755,34.15351,34.61629,34.54225,34.61629,34.91247,35.00503,35.00503,35.30121,35.63442,35.35675,35.65293,35.56037,35.80102,35.94911,35.48633,35.26419,35.39377,34.98652,34.91247,34.43118,34.35713,34.32011,33.52412,32.85771,32.50599,32.00619,31.5434,31.08062,30.65485,29.93291,False,False,False,False,False,False,False,False,False,False,False,False,False,False,False,False,False,False,False,False,False,False,False,False,False,False,False,False,False,False,False,False,False,False,False,False,False,False,False,False,False,False,False,False,False,False,False,False,False,False,False,False,False,False,False,False,False,False,False,False,False,False,False,False,False,False,False,False,False,False,False,False,False,False,False,False,False,False,False,False,False,False,False,False,False,False,False,False,False,False,False,False,False,False,False,False,False,False,False,False,False,True,False,False,False,False,False,False,False,False,False,False,False,False,False,False,False,False,False,False,False,False,False,False,False,False,False,False,False,False,False,False,False,False,False,False,False,False,False,False,False,False,False,False,False,False,False,False,False,False,False,False,False,False,False,False,False,False,False,False,False,False,False,False,False,False,False,False,False,False,False,False,False,False,False,False,False,False,False,False,False,False,False,False,False,False,False,False,False,False,False,False,False,False,False,False,False,False,False,False,False,False,False,False,False,False,False,False,False,False,False,False,False,False,False,False,False,False,False,False,False,False,False,False,False,False,False,False,False,False,False,False,False,False,False,False,False,False,False,False,False,False,False,False,False,False,False,False,False,False,False,False,False,False,False,False,False,False,False,False,False,False,False,False,False,False,False,False,False,False,False,False,False,False,False,False,False,False,False,False,False,False,False,False,False,False,False,False,False,False,False,False,False,False,False,False,False,False,False,False,False,False,False,False,False,False,False,False,False,False,False,False,False,False,False,False,False,False,False,False,False,False,False,False,False,False,False,False,False,False,False,False,False,False,False,False,False,False,False,False,False,False,False,False,False,False,False,False,False,False,False,False,False,False,False,False,False,False,False,False
2019,29.71077,29.2665,29.08139,28.34093,28.24837,27.39685,26.823,26.823,26.823,26.73044,25.98999,25.67529,25.3606,25.3606,25.3606,25.3606,25.3606,25.3606,25.13846,25.02739,25.02739,25.02739,25.02739,25.194,25.87892,25.87892,25.87892,26.19361,26.52682,27.08216,27.08216,27.43387,28.10028,28.6186,28.9333,29.45161,30.32165,30.76592,31.15466,31.5434,31.85809,32.33939,32.58004,33.19091,33.63519,34.20904,33.8203,34.33862,34.43118,34.52373,34.87545,35.00503,35.1161,35.59739,35.764,35.85655,35.764,35.80102,36.11571,36.28232,36.18976,36.20827,36.65254,36.70808,36.46743,36.54147,36.33785,36.43041,36.7451,36.98575,37.57811,37.68918,37.17086,37.48556,37.46704,37.31895,37.31895,37.44853,37.92983,37.67067,37.63365,37.2264,37.20788,37.20788,36.80063,36.48594,36.18976,35.80102,34.9495,34.26457,34.15351,33.78328,33.02431,32.58004,32.09874,31.26573,False,False,False,False,False,False,False,False,False,False,False,False,False,False,False,False,False,False,False,False,False,False,False,False,False,False,False,False,False,False,False,False,False,False,False,False,False,False,False,False,False,False,False,False,False,False,False,False,False,False,False,False,False,False,False,False,False,False,False,False,False,False,False,False,False,False,False,False,False,False,False,False,False,False,False,False,False,False,False,False,False,False,False,False,False,False,False,False,False,False,False,False,False,False,False,False,False,False,False,False,False,False,False,False,False,False,False,False,False,False,False,False,False,True,False,False,False,False,False,False,False,False,False,False,False,False,False,False,False,False,False,False,False,False,False,False,False,False,False,False,False,False,False,False,False,False,False,False,False,False,False,False,False,False,False,False,False,False,False,False,False,False,False,False,False,False,False,False,False,False,False,False,False,False,False,False,False,False,False,False,False,False,False,False,False,False,False,False,False,False,False,False,False,False,False,False,False,False,False,False,False,False,False,False,False,False,False,False,False,False,False,False,False,False,False,False,False,False,False,False,False,False,False,False,False,False,False,False,False,False,False,False,False,False,False,False,False,False,False,False,False,False,False,False,False,False,False,False,False,False,False,False,False,False,False,False,False,False,False,False,False,False,False,False,False,False,False,False,False,False,False,False,False,False,False,False,False,False,False,False,False,False,False,False,False,False,False,False,False,False,False,False,False,False,False,False,False,False,False,False,False,False,False,False,False,False,False,False,False,False,False,False,False,False,False,False,False,False,False,False,False,False,False,False,False,False,False,False,False,False,False,False,False,False,False,False,False,False,False,False,False,False,False,False,False,False,False,False,False,False,False,False,False,False,False,False,False,False,False,False
2019,30.54379,30.13654,29.7478,29.37757,29.37757,28.74818,28.74818,28.74818,28.11879,27.85964,27.19323,27.19323,26.91555,26.58235,26.58235,26.11956,25.97147,25.97147,25.97147,26.13808,26.6564,26.89704,27.37834,27.52643,28.35944,29.19245,30.39569,31.19168,33.20943,35.00503,35.78251,36.94873,38.63326,38.89242,39.29967,40.13268,40.72505,40.9657,40.9657,40.98421,41.53955,42.00233,42.1134,42.26149,42.57619,42.57619,42.96493,43.2426,43.13153,43.39069,43.33515,42.61321,42.63172,42.68725,42.94641,43.18706,43.05748,43.16855,42.77981,42.68725,42.89088,42.79832,42.46512,42.55768,42.20596,42.29852,41.90978,41.72466,41.53955,41.37295,41.05825,40.28077,38.52219,37.98536,37.98536,37.92983,37.28193,36.98575,36.87468,36.87468,36.33785,36.5785,36.07869,35.96762,35.31972,34.85694,33.91286,33.46858,33.13538,32.72813,32.1913,31.5434,30.91401,30.69188,30.26612,29.54417,False,False,False,False,False,False,False,False,False,False,False,False,False,False,False,False,False,False,False,False,False,False,False,False,False,False,False,False,False,False,False,False,False,False,False,False,False,False,False,False,False,False,False,False,False,False,False,False,False,False,False,False,False,False,False,False,False,False,False,False,False,False,False,False,False,False,False,False,False,False,False,False,False,False,False,False,False,False,False,False,False,False,False,False,False,False,False,False,False,False,False,False,False,False,False,False,False,False,False,False,False,False,False,False,False,False,False,False,False,False,False,False,False,False,False,False,False,False,False,False,False,False,False,False,False,True,False,False,False,False,False,False,False,False,False,False,False,False,False,False,False,False,False,False,False,False,False,False,False,False,False,False,False,False,False,False,False,False,False,False,False,False,False,False,False,False,False,False,False,False,False,False,False,False,False,False,False,False,False,False,False,False,False,False,False,False,False,False,False,False,False,False,False,False,False,False,False,False,False,False,False,False,False,False,False,False,False,False,False,False,False,False,False,False,False,False,False,False,False,False,False,False,False,False,False,False,False,False,False,False,False,False,False,False,False,False,False,False,False,False,False,False,False,False,False,False,False,False,False,False,False,False,False,False,False,False,False,False,False,False,False,False,False,False,False,False,False,False,False,False,False,False,False,False,False,False,False,False,False,False,False,False,False,False,False,False,False,False,False,False,False,False,False,False,False,False,False,False,False,False,False,False,False,False,False,False,False,False,False,False,False,False,False,False,False,False,False,False,False,False,False,False,False,False,False,False,False,False,False,False,False,False,False,False,False,False,False,False,False,False,False,False,False,False,False,False,False,False,False,False,False,False,False,False,False,False,False,False,False,False
2019,29.08139,28.71116,28.56307,27.98921,27.78559,27.30429,26.71193,26.71193,26.71193,26.71193,26.32319,26.80449,26.26766,26.13808,26.13808,26.13808,26.10105,25.47167,26.11956,26.36021,26.39724,26.84151,27.00811,27.9707,28.87776,29.87738,30.96955,31.65447,33.72774,34.9495,35.50484,36.89319,37.87429,39.022,39.65139,39.85501,40.66951,41.52104,41.4655,41.81722,42.24298,43.13153,43.53878,43.68687,43.79794,43.52027,43.13153,43.07599,43.63134,43.70538,43.70538,44.11263,44.14965,44.59393,44.79755,44.98267,45.26034,45.26034,45.11225,44.94564,45.05671,45.44545,45.50099,45.26034,45.27885,45.18629,45.27885,45.59354,45.18629,44.48286,44.33477,43.61282,41.83573,41.28039,40.89165,40.92867,40.13268,39.76246,39.81799,39.61436,39.68841,39.63288,38.91093,38.8554,37.76323,37.02277,35.98613,35.31972,34.78289,33.67221,32.85771,31.93214,31.28424,30.63634,29.96993,29.54417,False,False,False,False,False,False,False,False,False,False,False,False,False,False,False,False,False,False,False,False,False,False,False,False,False,False,False,False,False,False,False,False,False,False,False,False,False,False,False,False,False,False,False,False,False,False,False,False,False,False,False,False,False,False,False,False,False,False,False,False,False,False,False,False,False,False,False,False,False,False,False,False,False,False,False,False,False,False,False,False,False,False,False,False,False,False,False,False,False,False,False,False,False,False,False,False,False,False,False,False,False,False,False,False,False,False,False,False,False,False,False,False,False,False,False,False,False,False,False,False,False,False,False,False,False,False,False,False,False,False,False,False,False,False,False,False,False,True,False,False,False,False,False,False,False,False,False,False,False,False,False,False,False,False,False,False,False,False,False,False,False,False,False,False,False,False,False,False,False,False,False,False,False,False,False,False,False,False,False,False,False,False,False,False,False,False,False,False,False,False,False,False,False,False,False,False,False,False,False,False,False,False,False,False,False,False,False,False,False,False,False,False,False,False,False,False,False,False,False,False,False,False,False,False,False,False,False,False,False,False,False,False,False,False,False,False,False,False,False,False,False,False,False,False,False,False,False,False,False,False,False,False,False,False,False,False,False,False,False,False,False,False,False,False,False,False,False,False,False,False,False,False,False,False,False,False,False,False,False,False,False,False,False,False,False,False,False,False,False,False,False,False,False,False,False,False,False,False,False,False,False,False,False,False,False,False,False,False,False,False,False,False,False,False,False,False,False,False,False,False,False,False,False,False,False,False,False,False,False,False,False,False,False,False,False,False,False,False,False,False,False,False,False,False,False,False,False,False,False,False,False,False,False,False,False,False,False,False,False,False
2019,28.7852,28.48902,27.9707,27.65601,27.60048,26.80449,26.80449,26.80449,26.80449,26.67491,26.19361,26.19361,25.87892,25.58273,25.58273,25.00888,24.93484,25.194,24.97186,24.97186,25.37911,25.71231,26.26766,26.45277,27.89666,28.80372,29.61822,30.43272,32.33939,33.74626,34.33862,35.37526,36.39338,36.96724,37.18937,37.04128,37.18937,37.54109,37.393,37.80025,37.92983,37.96685,38.41112,38.57773,38.63326,38.67028,38.76284,38.39261,38.87391,39.05902,39.13307,39.07753,38.83689,38.91093,39.07753,39.04051,38.87391,39.04051,38.52219,38.52219,38.67028,38.6888,38.5407,38.26303,38.87391,38.79986,38.48517,38.44815,38.07792,37.5596,37.54109,37.41151,36.33785,35.85655,35.85655,35.9306,35.02354,34.81992,34.69034,34.72736,34.48671,34.48671,33.96839,33.61668,33.02431,32.70962,32.48748,32.30237,31.46936,31.19168,30.45123,30.081,29.65524,28.89627,28.82223,28.452,False,False,False,False,False,False,False,False,False,False,False,False,False,False,False,False,False,False,False,False,False,False,False,False,False,False,False,False,False,False,False,False,False,False,False,False,False,False,False,False,False,False,False,False,False,False,False,False,False,False,False,False,False,False,False,False,False,False,False,False,False,False,False,False,False,False,False,False,False,False,False,False,False,False,False,False,False,False,False,False,False,False,False,False,False,False,False,False,False,False,False,False,False,False,False,False,False,False,False,False,False,False,False,False,False,False,False,False,False,False,False,False,False,False,False,False,False,False,False,False,False,False,False,False,False,False,False,False,False,False,False,False,False,False,False,False,False,False,False,False,False,False,False,False,False,False,False,False,False,True,False,False,False,False,False,False,False,False,False,False,False,False,False,False,False,False,False,False,False,False,False,False,False,False,False,False,False,False,False,False,False,False,False,False,False,False,False,False,False,False,False,False,False,False,False,False,False,False,False,False,False,False,False,False,False,False,False,False,False,False,False,False,False,False,False,False,False,False,False,False,False,False,False,False,False,False,False,False,False,False,False,False,False,False,False,False,False,False,False,False,False,False,False,False,False,False,False,False,False,False,False,False,False,False,False,False,False,False,False,False,False,False,False,False,False,False,False,False,False,False,False,False,False,False,False,False,False,False,False,False,False,False,False,False,False,False,False,False,False,False,False,False,False,False,False,False,False,False,False,False,False,False,False,False,False,False,False,False,False,False,False,False,False,False,False,False,False,False,False,False,False,False,False,False,False,False,False,False,False,False,False,False,False,False,False,False,False,False,False,False,False,False,False,False,False,False,False,False,False,False,False,False,False,False,False,False,False,False,False,False
2019,27.76708,27.76708,27.19323,27.02662,26.76746,26.36021,26.37872,26.04552,25.91594,25.74934,25.30506,25.30506,25.30506,25.30506,25.30506,25.30506,25.30506,24.86079,24.91632,25.24953,24.99037,25.73083,26.06403,26.67491,27.87815,28.9333,30.06249,30.71039,32.65408,34.37564,35.06056,35.98613,36.89319,37.67067,38.2075,38.09643,38.74433,39.07753,39.13307,39.44776,39.81799,40.28077,40.85463,40.63249,40.92867,40.74356,41.39146,41.22486,41.52104,42.16894,42.24298,42.24298,42.72428,42.5947,42.61321,42.7613,43.2426,43.52027,43.20557,43.50176,43.16855,42.98344,42.96493,43.20557,42.89088,43.13153,42.94641,42.61321,41.89127,41.2989,40.91016,40.3178,38.94795,38.6888,38.6888,38.48517,37.83727,37.26342,37.04128,36.93021,37.2264,36.9117,35.35675,34.15351,33.35752,32.74664,32.6726,32.04321,31.50638,31.2102,30.06249,29.72929,29.35906,29.13692,28.69265,28.2854,False,False,False,False,False,False,False,False,False,False,False,False,False,False,False,False,False,False,False,False,False,False,False,False,False,False,False,False,False,False,False,False,False,False,False,False,False,False,False,False,False,False,False,False,False,False,False,False,False,False,False,False,False,False,False,False,False,False,False,False,False,False,False,False,False,False,False,False,False,False,False,False,False,False,False,False,False,False,False,False,False,False,False,False,False,False,False,False,False,False,False,False,False,False,False,False,False,False,False,False,False,False,False,False,False,False,False,False,False,False,False,False,False,False,False,False,False,False,False,False,False,False,False,False,False,False,False,False,False,False,False,False,False,False,False,False,False,False,False,False,False,False,False,False,False,False,False,False,False,False,False,False,False,False,False,False,False,False,False,False,False,True,False,False,False,False,False,False,False,False,False,False,False,False,False,False,False,False,False,False,False,False,False,False,False,False,False,False,False,False,False,False,False,False,False,False,False,False,False,False,False,False,False,False,False,False,False,False,False,False,False,False,False,False,False,False,False,False,False,False,False,False,False,False,False,False,False,False,False,False,False,False,False,False,False,False,False,False,False,False,False,False,False,False,False,False,False,False,False,False,False,False,False,False,False,False,False,False,False,False,False,False,False,False,False,False,False,False,False,False,False,False,False,False,False,False,False,False,False,False,False,False,False,False,False,False,False,False,False,False,False,False,False,False,False,False,False,False,False,False,False,False,False,False,False,False,False,False,False,False,False,False,False,False,False,False,False,False,False,False,False,False,False,False,False,False,False,False,False,False,False,False,False,False,False,False,False,False,False,False,False,False,False,False,False,False,False,False,False,False,False,False,False,False,False,False,False,False,False,False
2019,27.76708,27.4709,27.3228,26.86002,26.67491,26.19361,25.54571,25.08293,25.194,25.194,24.60163,24.50907,24.43503,24.36098,24.36098,24.36098,24.36098,24.36098,24.36098,24.36098,24.5461,25.10144,25.10144,25.56422,26.60086,27.48941,28.452,29.06288,30.7289,31.72851,33.0058,33.69072,34.39415,34.65331,35.07908,35.24568,35.89358,36.4119,36.28232,36.37487,36.85617,37.11533,37.18937,37.67067,37.87429,37.87429,37.54109,37.85578,37.87429,38.05941,38.3741,38.02239,37.98536,38.6888,38.63326,38.98498,39.39223,39.37372,38.92944,38.76284,38.61475,38.28155,38.05941,38.48517,38.46666,38.07792,38.18899,38.22601,37.94834,37.61514,37.43002,36.96724,35.54186,35.00503,34.48671,34.70885,34.09797,33.63519,33.87584,33.41305,33.09836,33.09836,32.70962,32.6726,32.82069,32.33939,31.83958,31.61745,30.82146,30.63634,30.13654,29.82184,29.08139,28.54456,28.15582,28.15582,False,False,False,False,False,False,False,False,False,False,False,False,False,False,False,False,False,False,False,False,False,False,False,False,False,False,False,False,False,False,False,False,False,False,False,False,False,False,False,False,False,False,False,False,False,False,False,False,False,False,False,False,False,False,False,False,False,False,False,False,False,False,False,False,False,False,False,False,False,False,False,False,False,False,False,False,False,False,False,False,False,False,False,False,False,False,False,False,False,False,False,False,False,False,False,False,False,False,False,False,False,False,False,False,False,False,False,False,False,False,False,False,False,False,False,False,False,False,False,False,False,False,False,False,False,False,False,False,False,False,False,False,False,False,False,False,False,False,False,False,False,False,False,False,False,False,False,False,False,False,False,False,False,False,False,False,False,False,False,False,False,False,False,False,False,False,False,False,False,False,False,False,False,True,False,False,False,False,False,False,False,False,False,False,False,False,False,False,False,False,False,False,False,False,False,False,False,False,False,False,False,False,False,False,False,False,False,False,False,False,False,False,False,False,False,False,False,False,False,False,False,False,False,False,False,False,False,False,False,False,False,False,False,False,False,False,False,False,False,False,False,False,False,False,False,False,False,False,False,False,False,False,False,False,False,False,False,False,False,False,False,False,False,False,False,False,False,False,False,False,False,False,False,False,False,False,False,False,False,False,False,False,False,False,False,False,False,False,False,False,False,False,False,False,False,False,False,False,False,False,False,False,False,False,False,False,False,False,False,False,False,False,False,False,False,False,False,False,False,False,False,False,False,False,False,False,False,False,False,False,False,False,False,False,False,False,False,False,False,False,False,False,False,False,False,False,False,False,False,False,False,False,False,False,False,False,False,False,False,False
2019,27.74857,27.45238,26.87853,26.74895,26.13808,25.98999,25.37911,25.37911,25.37911,25.37911,24.80526,24.52759,24.52759,24.52759,24.52759,24.52759,24.52759,24.39801,23.86118,23.86118,24.34247,24.49056,25.0459,25.24953,25.47167,25.93445,25.93445,26.15659,26.63788,27.45238,27.85964,28.452,29.02585,29.35906,29.4331,29.58119,30.43272,30.65485,31.35829,31.56191,31.5434,32.20981,32.15428,32.15428,32.6726,32.45046,32.45046,32.61706,32.63557,32.6726,32.65408,32.48748,32.37641,32.43195,32.69111,32.76515,32.61706,32.54302,32.80218,32.76515,32.74664,32.74664,32.80218,32.87622,32.58004,32.50599,32.74664,33.07985,32.96878,33.20943,33.20943,33.43156,33.0058,33.32049,33.15389,33.6537,33.6537,33.45007,33.4871,33.52412,33.43156,33.24645,32.96878,33.15389,32.69111,32.39492,32.59855,32.33939,31.5434,31.48787,31.33978,30.69188,30.48825,29.85886,29.61822,29.32203,False,False,False,False,False,False,False,False,False,False,False,False,False,False,False,False,False,False,False,False,False,False,False,False,False,False,False,False,False,False,False,False,False,False,False,False,False,False,False,False,False,False,False,False,False,False,False,False,False,False,False,False,False,False,False,False,False,False,False,False,False,False,False,False,False,False,False,False,False,False,False,False,False,False,False,False,False,False,False,False,False,False,False,False,False,False,False,False,False,False,False,False,False,False,False,False,False,False,False,False,False,False,False,False,False,False,False,False,False,False,False,False,False,False,False,False,False,False,False,False,False,False,False,False,False,False,False,False,False,False,False,False,False,False,False,False,False,False,False,False,False,False,False,False,False,False,False,False,False,False,False,False,False,False,False,False,False,False,False,False,False,False,False,False,False,False,False,False,False,False,False,False,False,False,False,False,False,False,False,False,False,False,False,False,False,True,False,False,False,False,False,False,False,False,False,False,False,False,False,False,False,False,False,False,False,False,False,False,False,False,False,False,False,False,False,False,False,False,False,False,False,False,False,False,False,False,False,False,False,False,False,False,False,False,False,False,False,False,False,False,False,False,False,False,False,False,False,False,False,False,False,False,False,False,False,False,False,False,False,False,False,False,False,False,False,False,False,False,False,False,False,False,False,False,False,False,False,False,False,False,False,False,False,False,False,False,False,False,False,False,False,False,False,False,False,False,False,False,False,False,False,False,False,False,False,False,False,False,False,False,False,False,False,False,False,False,False,False,False,False,False,False,False,False,False,False,False,False,False,False,False,False,False,False,False,False,False,False,False,False,False,False,False,False,False,False,False,False,False,False,False,False,False,False,False,False,False,False,False,False
2019,28.69265,28.06326,27.4709,27.1562,27.1562,26.58235,26.48979,25.95296,25.86041,25.86041,25.71231,25.21251,25.0459,25.0459,25.0459,25.0459,24.73121,24.41652,24.41652,24.41652,24.41652,24.41652,24.41652,24.84228,25.73083,26.08254,26.08254,26.23063,26.86002,26.86002,27.13769,27.52643,27.52643,27.69303,28.30391,28.58158,29.13692,29.35906,29.35906,29.78482,30.15505,30.09951,30.081,30.081,30.32165,30.69188,30.69188,30.69188,30.69188,30.8955,31.19168,30.95104,31.04359,31.24722,31.26573,31.2102,31.09913,31.30275,31.15466,31.32126,31.32126,30.96955,31.11764,30.95104,31.41382,31.22871,31.35829,31.26573,31.74703,31.71,31.39531,31.63596,31.33978,31.46936,31.98767,31.89512,32.04321,32.09874,32.0247,32.1913,32.0247,31.74703,31.43233,31.39531,30.93253,30.65485,30.46974,30.02547,29.35906,29.19245,28.65562,28.39647,27.87815,27.1562,27.1562,26.6564,False,False,False,False,False,False,False,False,False,False,False,False,False,False,False,False,False,False,False,False,False,False,False,False,False,False,False,False,False,False,False,False,False,False,False,False,False,False,False,False,False,False,False,False,False,False,False,False,False,False,False,False,False,False,False,False,False,False,False,False,False,False,False,False,False,False,False,False,False,False,False,False,False,False,False,False,False,False,False,False,False,False,False,False,False,False,False,False,False,False,False,False,False,False,False,False,False,False,False,False,False,False,False,False,False,False,False,False,False,False,False,False,False,False,False,False,False,False,False,False,False,False,False,False,False,False,False,False,False,False,False,False,False,False,False,False,False,False,False,False,False,False,False,False,False,False,False,False,False,False,False,False,False,False,False,False,False,False,False,False,False,False,False,False,False,False,False,False,False,False,False,False,False,False,False,False,False,False,False,False,False,False,False,False,False,False,False,False,False,False,False,False,False,False,False,False,False,True,False,False,False,False,False,False,False,False,False,False,False,False,False,False,False,False,False,False,False,False,False,False,False,False,False,False,False,False,False,False,False,False,False,False,False,False,False,False,False,False,False,False,False,False,False,False,False,False,False,False,False,False,False,False,False,False,False,False,False,False,False,False,False,False,False,False,False,False,False,False,False,False,False,False,False,False,False,False,False,False,False,False,False,False,False,False,False,False,False,False,False,False,False,False,False,False,False,False,False,False,False,False,False,False,False,False,False,False,False,False,False,False,False,False,False,False,False,False,False,False,False,False,False,False,False,False,False,False,False,False,False,False,False,False,False,False,False,False,False,False,False,False,False,False,False,False,False,False,False,False,False,False,False,False,False,False,False,False,False,False,False,False
2019,25.95296,25.71231,25.30506,24.8793,24.8793,24.58312,24.19438,24.19438,24.19438,24.19438,23.45393,23.36137,23.36137,23.36137,23.36137,23.36137,22.84305,23.39839,23.52797,23.52797,23.52797,24.0648,24.30545,24.67568,26.10105,26.74895,27.17471,28.06326,29.32203,30.46974,31.46936,32.69111,33.41305,34.09797,34.50522,34.4682,34.74587,34.54225,34.81992,35.02354,35.70846,35.56037,36.07869,36.0972,36.02316,35.98613,35.98613,36.30083,36.67105,36.50445,36.7451,37.05979,36.72659,36.65254,36.52296,36.65254,37.05979,36.5785,36.2638,36.15274,36.24529,36.0972,36.17125,35.70846,35.85655,35.96762,36.24529,35.65293,35.22717,35.19014,34.9495,35.17163,34.00542,33.0058,33.02431,33.22794,33.54263,33.07985,33.07985,32.87622,32.26534,32.26534,32.26534,31.82107,31.08062,30.39569,30.04398,29.71077,29.35906,28.63711,28.35944,27.85964,27.50792,27.04513,26.74895,26.32319,False,False,False,False,False,False,False,False,False,False,False,False,False,False,False,False,False,False,False,False,False,False,False,False,False,False,False,False,False,False,False,False,False,False,False,False,False,False,False,False,False,False,False,False,False,False,False,False,False,False,False,False,False,False,False,False,False,False,False,False,False,False,False,False,False,False,False,False,False,False,False,False,False,False,False,False,False,False,False,False,False,False,False,False,False,False,False,False,False,False,False,False,False,False,False,False,False,False,False,False,False,False,False,False,False,False,False,False,False,False,False,False,False,False,False,False,False,False,False,False,False,False,False,False,False,False,False,False,False,False,False,False,False,False,False,False,False,False,False,False,False,False,False,False,False,False,False,False,False,False,False,False,False,False,False,False,False,False,False,False,False,False,False,False,False,False,False,False,False,False,False,False,False,False,False,False,False,False,False,False,False,False,False,False,False,False,False,False,False,False,False,False,False,False,False,False,False,False,False,False,False,False,False,False,False,False,False,False,False,True,False,False,False,False,False,False,False,False,False,False,False,False,False,False,False,False,False,False,False,False,False,False,False,False,False,False,False,False,False,False,False,False,False,False,False,False,False,False,False,False,False,False,False,False,False,False,False,False,False,False,False,False,False,False,False,False,False,False,False,False,False,False,False,False,False,False,False,False,False,False,False,False,False,False,False,False,False,False,False,False,False,False,False,False,False,False,False,False,False,False,False,False,False,False,False,False,False,False,False,False,False,False,False,False,False,False,False,False,False,False,False,False,False,False,False,False,False,False,False,False,False,False,False,False,False,False,False,False,False,False,False,False,False,False,False,False,False,False,False,False,False,False,False,False,False,False,False,False,False,False
2019,25.95296,25.63827,25.54571,25.02739,25.02739,24.63865,24.26843,24.26843,24.26843,24.26843,24.00927,23.50946,23.47244,23.47244,23.47244,23.47244,23.47244,23.47244,23.47244,23.47244,23.91671,24.13885,24.13885,24.69419,25.39762,26.32319,27.37834,28.24837,30.081,31.41382,32.37641,33.1724,33.54263,34.41267,34.93098,35.2827,36.63403,36.87468,36.78212,37.20788,37.89281,38.39261,38.31857,38.61475,38.76284,38.67028,39.28116,38.94795,38.76284,38.76284,38.76284,38.89242,38.78135,39.33669,39.04051,39.04051,39.42925,39.24414,38.79986,39.022,39.31818,39.31818,39.04051,39.07753,39.09605,38.76284,38.91093,38.79986,38.72582,38.30006,37.94834,37.5596,35.96762,35.67144,35.48633,35.57888,35.06056,35.02354,34.85694,34.70885,34.65331,34.32011,33.61668,33.24645,32.65408,32.20981,32.0247,32.0247,31.22871,30.26612,29.9144,29.02585,28.69265,28.11879,27.93368,27.34132,False,False,False,False,False,False,False,False,False,False,False,False,False,False,False,False,False,False,False,False,False,False,False,False,False,False,False,False,False,False,False,False,False,False,False,False,False,False,False,False,False,False,False,False,False,False,False,False,False,False,False,False,False,False,False,False,False,False,False,False,False,False,False,False,False,False,False,False,False,False,False,False,False,False,False,False,False,False,False,False,False,False,False,False,False,False,False,False,False,False,False,False,False,False,False,False,False,False,False,False,False,False,False,False,False,False,False,False,False,False,False,False,False,False,False,False,False,False,False,False,False,False,False,False,False,False,False,False,False,False,False,False,False,False,False,False,False,False,False,False,False,False,False,False,False,False,False,False,False,False,False,False,False,False,False,False,False,False,False,False,False,False,False,False,False,False,False,False,False,False,False,False,False,False,False,False,False,False,False,False,False,False,False,False,False,False,False,False,False,False,False,False,False,False,False,False,False,False,False,False,False,False,False,False,False,False,False,False,False,False,False,False,False,False,False,False,False,False,False,False,False,True,False,False,False,False,False,False,False,False,False,False,False,False,False,False,False,False,False,False,False,False,False,False,False,False,False,False,False,False,False,False,False,False,False,False,False,False,False,False,False,False,False,False,False,False,False,False,False,False,False,False,False,False,False,False,False,False,False,False,False,False,False,False,False,False,False,False,False,False,False,False,False,False,False,False,False,False,False,False,False,False,False,False,False,False,False,False,False,False,False,False,False,False,False,False,False,False,False,False,False,False,False,False,False,False,False,False,False,False,False,False,False,False,False,False,False,False,False,False,False,False,False,False,False,False,False,False,False,False,False,False,False,False,False,False,False,False,False,False
2019,26.54533,26.52682,26.23063,25.82338,25.82338,25.49018,25.08293,25.08293,24.8793,24.52759,24.49056,24.73121,24.13885,24.13885,24.13885,24.13885,24.13885,24.13885,24.13885,24.13885,23.67606,24.80526,24.91632,25.37911,26.10105,26.84151,27.9707,28.9333,30.69188,32.0247,33.22794,33.63519,34.52373,34.98652,34.91247,35.35675,36.06018,36.50445,36.68957,36.81915,38.15197,39.05902,39.15158,38.8554,39.5033,39.81799,39.39223,40.07715,40.22524,39.81799,40.29929,40.57696,40.61398,40.79909,40.98421,41.24337,40.89165,40.651,40.74356,40.8176,40.63249,40.59547,40.33631,40.57696,40.53993,40.72505,40.76207,40.55845,40.26226,40.29929,39.85501,39.26265,37.92983,37.44853,37.04128,36.89319,36.31934,36.24529,36.24529,35.85655,35.63442,35.09759,34.67182,34.3016,34.3016,33.57965,33.33901,32.89473,31.91363,31.76554,31.19168,30.83997,29.69226,29.04436,28.76669,28.32242,False,False,False,False,False,False,False,False,False,False,False,False,False,False,False,False,False,False,False,False,False,False,False,False,False,False,False,False,False,False,False,False,False,False,False,False,False,False,False,False,False,False,False,False,False,False,False,False,False,False,False,False,False,False,False,False,False,False,False,False,False,False,False,False,False,False,False,False,False,False,False,False,False,False,False,False,False,False,False,False,False,False,False,False,False,False,False,False,False,False,False,False,False,False,False,False,False,False,False,False,False,False,False,False,False,False,False,False,False,False,False,False,False,False,False,False,False,False,False,False,False,False,False,False,False,False,False,False,False,False,False,False,False,False,False,False,False,False,False,False,False,False,False,False,False,False,False,False,False,False,False,False,False,False,False,False,False,False,False,False,False,False,False,False,False,False,False,False,False,False,False,False,False,False,False,False,False,False,False,False,False,False,False,False,False,False,False,False,False,False,False,False,False,False,False,False,False,False,False,False,False,False,False,False,False,False,False,False,False,False,False,False,False,False,False,False,False,False,False,False,False,False,False,False,False,False,False,False,False,False,False,False,False,True,False,False,False,False,False,False,False,False,False,False,False,False,False,False,False,False,False,False,False,False,False,False,False,False,False,False,False,False,False,False,False,False,False,False,False,False,False,False,False,False,False,False,False,False,False,False,False,False,False,False,False,False,False,False,False,False,False,False,False,False,False,False,False,False,False,False,False,False,False,False,False,False,False,False,False,False,False,False,False,False,False,False,False,False,False,False,False,False,False,False,False,False,False,False,False,False,False,False,False,False,False,False,False,False,False,False,False,False,False,False,False,False,False,False,False,False,False,False,False,False,False,False,False,False,False,False
2019,27.43387,26.87853,26.87853,26.28617,26.15659,25.73083,25.32358,24.95335,24.93484,24.93484,24.93484,24.78675,24.30545,24.30545,24.30545,24.30545,24.30545,23.97224,23.87969,24.19438,24.50907,24.86079,24.86079,25.49018,26.37872,27.52643,28.67414,29.30352,31.09913,32.3579,33.28347,33.87584,34.43118,35.02354,36.07869,35.94911,36.28232,36.98575,36.9117,37.393,37.96685,38.42964,38.59624,39.13307,39.1886,39.24414,39.8365,39.91055,39.87352,40.11417,40.20673,40.74356,40.46589,41.1323,41.35444,41.53955,41.9468,41.76169,41.26188,41.02123,41.09528,41.07676,41.33592,40.94718,41.03974,41.03974,41.22486,41.07676,40.70654,40.3178,39.68841,39.17009,37.91132,37.26342,37.11533,36.70808,36.43041,36.0972,35.81953,35.4493,35.67144,35.52335,35.19014,34.65331,34.13499,33.70923,33.32049,33.07985,32.41344,32.08023,31.26573,30.8955,30.17356,29.58119,29.0999,28.84074,False,False,False,False,False,False,False,False,False,False,False,False,False,False,False,False,False,False,False,False,False,False,False,False,False,False,False,False,False,False,False,False,False,False,False,False,False,False,False,False,False,False,False,False,False,False,False,False,False,False,False,False,False,False,False,False,False,False,False,False,False,False,False,False,False,False,False,False,False,False,False,False,False,False,False,False,False,False,False,False,False,False,False,False,False,False,False,False,False,False,False,False,False,False,False,False,False,False,False,False,False,False,False,False,False,False,False,False,False,False,False,False,False,False,False,False,False,False,False,False,False,False,False,False,False,False,False,False,False,False,False,False,False,False,False,False,False,False,False,False,False,False,False,False,False,False,False,False,False,False,False,False,False,False,False,False,False,False,False,False,False,False,False,False,False,False,False,False,False,False,False,False,False,False,False,False,False,False,False,False,False,False,False,False,False,False,False,False,False,False,False,False,False,False,False,False,False,False,False,False,False,False,False,False,False,False,False,False,False,False,False,False,False,False,False,False,False,False,False,False,False,False,False,False,False,False,False,False,False,False,False,False,False,False,False,False,False,False,False,False,False,False,False,False,False,True,False,False,False,False,False,False,False,False,False,False,False,False,False,False,False,False,False,False,False,False,False,False,False,False,False,False,False,False,False,False,False,False,False,False,False,False,False,False,False,False,False,False,False,False,False,False,False,False,False,False,False,False,False,False,False,False,False,False,False,False,False,False,False,False,False,False,False,False,False,False,False,False,False,False,False,False,False,False,False,False,False,False,False,False,False,False,False,False,False,False,False,False,False,False,False,False,False,False,False,False,False,False,False,False,False,False,False,False,False,False,False,False,False,False
2019,27.82261,27.41536,26.87853,26.63788,26.08254,26.08254,25.63827,25.3606,25.3606,25.24953,24.7127,24.7127,24.7127,24.7127,24.7127,24.7127,24.0648,23.93522,24.28694,24.63865,24.63865,25.24953,25.47167,26.0085,26.84151,27.48941,28.67414,29.28501,31.26573,32.45046,33.67221,34.3016,35.06056,35.83804,35.96762,36.4119,37.20788,37.63365,37.83727,38.59624,39.37372,39.92906,39.98459,40.28077,40.02162,39.65139,39.87352,40.26226,40.41035,40.18822,40.44738,40.59547,41.02123,41.48401,41.76169,41.22486,41.07676,41.39146,41.15081,40.98421,40.78058,41.33592,40.92867,40.94718,40.89165,40.78058,40.37333,40.22524,39.70692,39.48479,39.05902,38.87391,37.48556,36.9117,37.00426,37.35598,36.65254,36.46743,36.48594,36.06018,35.52335,35.41228,35.41228,35.06056,34.32011,34.33862,34.06095,33.85732,33.07985,32.5245,31.78405,31.19168,30.46974,29.63673,29.17394,28.97032,False,False,False,False,False,False,False,False,False,False,False,False,False,False,False,False,False,False,False,False,False,False,False,False,False,False,False,False,False,False,False,False,False,False,False,False,False,False,False,False,False,False,False,False,False,False,False,False,False,False,False,False,False,False,False,False,False,False,False,False,False,False,False,False,False,False,False,False,False,False,False,False,False,False,False,False,False,False,False,False,False,False,False,False,False,False,False,False,False,False,False,False,False,False,False,False,False,False,False,False,False,False,False,False,False,False,False,False,False,False,False,False,False,False,False,False,False,False,False,False,False,False,False,False,False,False,False,False,False,False,False,False,False,False,False,False,False,False,False,False,False,False,False,False,False,False,False,False,False,False,False,False,False,False,False,False,False,False,False,False,False,False,False,False,False,False,False,False,False,False,False,False,False,False,False,False,False,False,False,False,False,False,False,False,False,False,False,False,False,False,False,False,False,False,False,False,False,False,False,False,False,False,False,False,False,False,False,False,False,False,False,False,False,False,False,False,False,False,False,False,False,False,False,False,False,False,False,False,False,False,False,False,False,False,False,False,False,False,False,False,False,False,False,False,False,False,False,False,False,False,False,False,False,False,False,False,False,True,False,False,False,False,False,False,False,False,False,False,False,False,False,False,False,False,False,False,False,False,False,False,False,False,False,False,False,False,False,False,False,False,False,False,False,False,False,False,False,False,False,False,False,False,False,False,False,False,False,False,False,False,False,False,False,False,False,False,False,False,False,False,False,False,False,False,False,False,False,False,False,False,False,False,False,False,False,False,False,False,False,False,False,False,False,False,False,False,False,False,False,False,False,False,False,False,False,False,False,False,False,False
2019,28.13731,27.58196,27.60048,27.06365,26.56384,26.30468,26.1751,25.58273,25.58273,25.58273,25.23102,24.80526,24.45354,24.62014,24.04629,24.04629,24.04629,24.04629,24.04629,24.04629,23.75011,24.32396,24.39801,24.74972,24.74972,25.10144,25.5272,25.60125,26.21212,26.823,27.4709,27.41536,27.98921,28.48902,28.85925,29.56268,30.02547,30.46974,30.59932,31.74703,32.09874,32.46897,32.70962,32.91324,33.13538,33.22794,33.39454,33.9869,34.85694,34.76438,35.00503,34.81992,34.81992,35.26419,35.24568,35.37526,35.41228,35.1161,35.43079,35.85655,35.31972,35.13461,35.61591,35.24568,35.06056,35.07908,35.07908,35.07908,35.2827,35.30121,35.41228,35.70846,35.41228,35.61591,35.48633,35.96762,35.96762,35.96762,35.96762,35.96762,35.68995,35.78251,35.4493,35.43079,35.07908,35.09759,34.93098,34.4682,33.85732,33.41305,33.15389,32.87622,32.24683,31.82107,31.00657,30.30314,False,False,False,False,False,False,False,False,False,False,False,False,False,False,False,False,False,False,False,False,False,False,False,False,False,False,False,False,False,False,False,False,False,False,False,False,False,False,False,False,False,False,False,False,False,False,False,False,False,False,False,False,False,False,False,False,False,False,False,False,False,False,False,False,False,False,False,False,False,False,False,False,False,False,False,False,False,False,False,False,False,False,False,False,False,False,False,False,False,False,False,False,False,False,False,False,False,False,False,False,False,False,False,False,False,False,False,False,False,False,False,False,False,False,False,False,False,False,False,False,False,False,False,False,False,False,False,False,False,False,False,False,False,False,False,False,False,False,False,False,False,False,False,False,False,False,False,False,False,False,False,False,False,False,False,False,False,False,False,False,False,False,False,False,False,False,False,False,False,False,False,False,False,False,False,False,False,False,False,False,False,False,False,False,False,False,False,False,False,False,False,False,False,False,False,False,False,False,False,False,False,False,False,False,False,False,False,False,False,False,False,False,False,False,False,False,False,False,False,False,False,False,False,False,False,False,False,False,False,False,False,False,False,False,False,False,False,False,False,False,False,False,False,False,False,False,False,False,False,False,False,False,False,False,False,False,False,False,False,False,False,False,False,False,False,False,False,False,False,True,False,False,False,False,False,False,False,False,False,False,False,False,False,False,False,False,False,False,False,False,False,False,False,False,False,False,False,False,False,False,False,False,False,False,False,False,False,False,False,False,False,False,False,False,False,False,False,False,False,False,False,False,False,False,False,False,False,False,False,False,False,False,False,False,False,False,False,False,False,False,False,False,False,False,False,False,False,False,False,False,False,False,False,False,False,False,False,False,False,False
2019,29.54417,29.21097,29.04436,28.58158,28.43349,27.85964,27.4709,27.08216,27.00811,26.93407,26.26766,26.26766,25.86041,25.65678,25.13846,25.02739,25.02739,25.02739,25.02739,25.02739,25.02739,25.02739,25.02739,25.02739,25.76785,26.04552,26.19361,26.47128,26.95258,27.08216,27.87815,28.10028,28.60009,28.76669,29.21097,29.87738,30.22909,30.93253,31.65447,32.54302,33.6537,33.93137,34.65331,34.93098,35.17163,35.30121,35.72697,36.11571,36.15274,36.28232,36.67105,36.78212,36.35636,36.31934,36.76361,36.52296,36.46743,36.50445,36.43041,36.9117,37.04128,36.72659,36.81915,36.33785,36.2638,35.9306,35.78251,35.52335,35.56037,35.52335,35.35675,35.43079,35.33823,35.57888,36.04167,36.46743,36.31934,36.30083,36.28232,35.98613,35.91209,35.91209,35.57888,35.20866,34.93098,34.35713,33.59816,33.15389,32.65408,32.3579,31.89512,31.69149,31.11764,30.8955,30.26612,29.63673,False,False,False,False,False,False,False,False,False,False,False,False,False,False,False,False,False,False,False,False,False,False,False,False,False,False,False,False,False,False,False,False,False,False,False,False,False,False,False,False,False,False,False,False,False,False,False,False,False,False,False,False,False,False,False,False,False,False,False,False,False,False,False,False,False,False,False,False,False,False,False,False,False,False,False,False,False,False,False,False,False,False,False,False,False,False,False,False,False,False,False,False,False,False,False,False,False,False,False,False,False,False,False,False,False,False,False,False,False,False,False,False,False,False,False,False,False,False,False,False,False,False,False,False,False,False,False,False,False,False,False,False,False,False,False,False,False,False,False,False,False,False,False,False,False,False,False,False,False,False,False,False,False,False,False,False,False,False,False,False,False,False,False,False,False,False,False,False,False,False,False,False,False,False,False,False,False,False,False,False,False,False,False,False,False,False,False,False,False,False,False,False,False,False,False,False,False,False,False,False,False,False,False,False,False,False,False,False,False,False,False,False,False,False,False,False,False,False,False,False,False,False,False,False,False,False,False,False,False,False,False,False,False,False,False,False,False,False,False,False,False,False,False,False,False,False,False,False,False,False,False,False,False,False,False,False,False,False,False,False,False,False,False,False,False,False,False,False,False,False,False,False,False,False,False,False,False,False,False,False,False,True,False,False,False,False,False,False,False,False,False,False,False,False,False,False,False,False,False,False,False,False,False,False,False,False,False,False,False,False,False,False,False,False,False,False,False,False,False,False,False,False,False,False,False,False,False,False,False,False,False,False,False,False,False,False,False,False,False,False,False,False,False,False,False,False,False,False,False,False,False,False,False,False,False,False,False,False,False,False
2019,29.15543,28.48902,28.37795,28.10028,27.65601,27.65601,27.11918,27.02662,26.6564,26.11956,25.54571,25.54571,25.54571,25.84189,25.5272,25.5272,25.5272,25.5272,25.5272,25.5272,25.80487,26.24914,26.58235,27.02662,28.19284,29.37757,30.13654,31.19168,32.70962,33.9869,34.93098,35.35675,36.07869,36.50445,36.72659,36.65254,36.98575,37.15235,37.30044,37.393,37.70769,37.91132,38.2075,38.18899,38.18899,38.13345,38.18899,38.55922,38.8554,38.63326,38.70731,38.81838,39.29967,39.29967,39.24414,39.13307,39.13307,39.70692,39.72543,39.91055,40.02162,40.26226,40.04013,39.76246,39.81799,39.72543,39.52181,39.6699,39.26265,38.96647,38.61475,38.39261,37.02277,36.78212,36.28232,36.43041,36.2638,36.18976,35.98613,35.68995,35.41228,35.22717,34.91247,34.44969,34.20904,33.06133,32.61706,31.96916,31.19168,30.30314,29.85886,29.15543,28.50753,28.30391,27.69303,26.87853,False,False,False,False,False,False,False,False,False,False,False,False,False,False,False,False,False,False,False,False,False,False,False,False,False,False,False,False,False,False,False,False,False,False,False,False,False,False,False,False,False,False,False,False,False,False,False,False,False,False,False,False,False,False,False,False,False,False,False,False,False,False,False,False,False,False,False,False,False,False,False,False,False,False,False,False,False,False,False,False,False,False,False,False,False,False,False,False,False,False,False,False,False,False,False,False,False,False,False,False,False,False,False,False,False,False,False,False,False,False,False,False,False,False,False,False,False,False,False,False,False,False,False,False,False,False,False,False,False,False,False,False,False,False,False,False,False,False,False,False,False,False,False,False,False,False,False,False,False,False,False,False,False,False,False,False,False,False,False,False,False,False,False,False,False,False,False,False,False,False,False,False,False,False,False,False,False,False,False,False,False,False,False,False,False,False,False,False,False,False,False,False,False,False,False,False,False,False,False,False,False,False,False,False,False,False,False,False,False,False,False,False,False,False,False,False,False,False,False,False,False,False,False,False,False,False,False,False,False,False,False,False,False,False,False,False,False,False,False,False,False,False,False,False,False,False,False,False,False,False,False,False,False,False,False,False,False,False,False,False,False,False,False,False,False,False,False,False,False,False,False,False,False,False,False,False,False,False,False,False,False,False,False,False,False,False,False,False,False,False,False,False,False,True,False,False,False,False,False,False,False,False,False,False,False,False,False,False,False,False,False,False,False,False,False,False,False,False,False,False,False,False,False,False,False,False,False,False,False,False,False,False,False,False,False,False,False,False,False,False,False,False,False,False,False,False,False,False,False,False,False,False,False,False,False,False,False,False,False,False
2019,26.5083,26.23063,26.13808,26.02701,25.6938,25.56422,25.47167,24.28694,23.87969,23.87969,23.87969,23.87969,23.87969,23.87969,23.21328,23.21328,23.21328,23.21328,23.60202,23.2503,23.62053,23.91671,24.50907,24.58312,25.65678,26.6564,27.45238,28.17433,30.00696,30.76592,31.45084,32.1913,32.72813,32.87622,33.32049,33.74626,34.24606,34.37564,34.72736,34.91247,35.50484,35.87506,35.87506,36.28232,36.48594,36.28232,36.55999,36.2638,36.52296,36.59701,36.54147,36.55999,36.76361,36.59701,36.52296,36.80063,37.09682,36.98575,37.02277,36.50445,36.87468,36.72659,36.61552,36.81915,37.07831,36.9117,36.89319,36.85617,35.96762,36.18976,35.91209,35.74549,34.41267,33.69072,33.69072,33.69072,33.46858,33.32049,32.78366,33.1724,32.39492,32.3579,32.32088,31.59893,31.24722,30.54379,30.17356,30.13654,29.39608,28.85925,28.26689,27.76708,27.37834,26.87853,26.37872,26.08254,False,False,False,False,False,False,False,False,False,False,False,False,False,False,False,False,False,False,False,False,False,False,False,False,False,False,False,False,False,False,False,False,False,False,False,False,False,False,False,False,False,False,False,False,False,False,False,False,False,False,False,False,False,False,False,False,False,False,False,False,False,False,False,False,False,False,False,False,False,False,False,False,False,False,False,False,False,False,False,False,False,False,False,False,False,False,False,False,False,False,False,False,False,False,False,False,False,False,False,False,False,False,False,False,False,False,False,False,False,False,False,False,False,False,False,False,False,False,False,False,False,False,False,False,False,False,False,False,False,False,False,False,False,False,False,False,False,False,False,False,False,False,False,False,False,False,False,False,False,False,False,False,False,False,False,False,False,False,False,False,False,False,False,False,False,False,False,False,False,False,False,False,False,False,False,False,False,False,False,False,False,False,False,False,False,False,False,False,False,False,False,False,False,False,False,False,False,False,False,False,False,False,False,False,False,False,False,False,False,False,False,False,False,False,False,False,False,False,False,False,False,False,False,False,False,False,False,False,False,False,False,False,False,False,False,False,False,False,False,False,False,False,False,False,False,False,False,False,False,False,False,False,False,False,False,False,False,False,False,False,False,False,False,False,False,False,False,False,False,False,False,False,False,False,False,False,False,False,False,False,False,False,False,False,False,False,False,False,False,False,False,False,False,False,False,False,False,False,False,False,False,False,False,False,True,False,False,False,False,False,False,False,False,False,False,False,False,False,False,False,False,False,False,False,False,False,False,False,False,False,False,False,False,False,False,False,False,False,False,False,False,False,False,False,False,False,False,False,False,False,False,False,False,False,False,False,False,False,False,False
2019,25.13846,24.76823,24.76823,24.37949,23.97224,23.97224,23.97224,23.7316,23.2503,23.2503,22.82454,22.63942,22.63942,22.63942,22.63942,22.63942,22.63942,22.10259,22.50984,22.99114,22.86156,23.54648,23.45393,24.00927,24.93484,25.49018,26.54533,27.35983,29.22948,29.93291,30.41421,30.83997,31.65447,32.33939,32.37641,32.96878,33.32049,33.85732,33.89435,34.17202,34.20904,34.61629,35.07908,35.24568,36.00464,36.98575,36.68957,36.5785,37.05979,36.61552,36.46743,36.98575,36.65254,36.63403,36.43041,36.07869,36.20827,35.96762,35.85655,36.17125,36.20827,36.06018,36.06018,36.43041,36.0972,36.24529,35.80102,35.57888,35.26419,35.54186,35.30121,34.81992,33.9869,33.59816,33.9869,33.83881,33.41305,33.43156,33.57965,33.26496,32.85771,32.43195,32.13577,32.33939,31.50638,31.00657,30.45123,29.98844,29.61822,29.2665,29.00734,28.63711,27.69303,27.3228,26.78597,26.36021,False,False,False,False,False,False,False,False,False,False,False,False,False,False,False,False,False,False,False,False,False,False,False,False,False,False,False,False,False,False,False,False,False,False,False,False,False,False,False,False,False,False,False,False,False,False,False,False,False,False,False,False,False,False,False,False,False,False,False,False,False,False,False,False,False,False,False,False,False,False,False,False,False,False,False,False,False,False,False,False,False,False,False,False,False,False,False,False,False,False,False,False,False,False,False,False,False,False,False,False,False,False,False,False,False,False,False,False,False,False,False,False,False,False,False,False,False,False,False,False,False,False,False,False,False,False,False,False,False,False,False,False,False,False,False,False,False,False,False,False,False,False,False,False,False,False,False,False,False,False,False,False,False,False,False,False,False,False,False,False,False,False,False,False,False,False,False,False,False,False,False,False,False,False,False,False,False,False,False,False,False,False,False,False,False,False,False,False,False,False,False,False,False,False,False,False,False,False,False,False,False,False,False,False,False,False,False,False,False,False,False,False,False,False,False,False,False,False,False,False,False,False,False,False,False,False,False,False,False,False,False,False,False,False,False,False,False,False,False,False,False,False,False,False,False,False,False,False,False,False,False,False,False,False,False,False,False,False,False,False,False,False,False,False,False,False,False,False,False,False,False,False,False,False,False,False,False,False,False,False,False,False,False,False,False,False,False,False,False,False,False,False,False,False,False,False,False,False,False,False,False,False,False,False,False,False,False,False,False,False,False,False,False,False,False,False,True,False,False,False,False,False,False,False,False,False,False,False,False,False,False,False,False,False,False,False,False,False,False,False,False,False,False,False,False,False,False,False,False,False,False,False,False,False,False,False,False,False,False,False
2019,26.02701,25.71231,25.47167,25.13846,24.63865,24.52759,24.52759,24.41652,23.76862,23.86118,23.75011,23.75011,23.34286,23.02816,23.02816,23.02816,23.02816,23.02816,23.02816,23.02816,23.56499,24.08331,24.63865,24.73121,25.86041,26.54533,27.48941,28.54456,30.02547,31.09913,31.78405,32.43195,32.91324,33.61668,34.07946,34.39415,35.17163,35.13461,35.46781,36.24529,36.48594,36.96724,37.11533,37.54109,37.48556,37.68918,37.68918,37.81876,37.57811,37.24491,37.24491,37.65216,37.92983,37.92983,37.92983,38.28155,38.33708,38.57773,38.74433,38.61475,38.2075,38.2075,38.50368,38.65177,38.2075,38.70731,38.41112,38.33708,37.87429,37.5596,36.7451,36.54147,34.98652,34.81992,34.61629,34.52373,34.11648,33.94988,33.85732,34.02393,33.46858,33.11687,32.70962,32.54302,32.37641,31.87661,31.28424,31.15466,30.41421,29.85886,29.41459,28.67414,28.47051,27.82261,27.58196,27.21174,False,False,False,False,False,False,False,False,False,False,False,False,False,False,False,False,False,False,False,False,False,False,False,False,False,False,False,False,False,False,False,False,False,False,False,False,False,False,False,False,False,False,False,False,False,False,False,False,False,False,False,False,False,False,False,False,False,False,False,False,False,False,False,False,False,False,False,False,False,False,False,False,False,False,False,False,False,False,False,False,False,False,False,False,False,False,False,False,False,False,False,False,False,False,False,False,False,False,False,False,False,False,False,False,False,False,False,False,False,False,False,False,False,False,False,False,False,False,False,False,False,False,False,False,False,False,False,False,False,False,False,False,False,False,False,False,False,False,False,False,False,False,False,False,False,False,False,False,False,False,False,False,False,False,False,False,False,False,False,False,False,False,False,False,False,False,False,False,False,False,False,False,False,False,False,False,False,False,False,False,False,False,False,False,False,False,False,False,False,False,False,False,False,False,False,False,False,False,False,False,False,False,False,False,False,False,False,False,False,False,False,False,False,False,False,False,False,False,False,False,False,False,False,False,False,False,False,False,False,False,False,False,False,False,False,False,False,False,False,False,False,False,False,False,False,False,False,False,False,False,False,False,False,False,False,False,False,False,False,False,False,False,False,False,False,False,False,False,False,False,False,False,False,False,False,False,False,False,False,False,False,False,False,False,False,False,False,False,False,False,False,False,False,False,False,False,False,False,False,False,False,False,False,False,False,False,False,False,False,False,False,False,False,False,False,False,False,False,False,False,False,False,False,False,False,False,False,False,True,False,False,False,False,False,False,False,False,False,False,False,False,False,False,False,False,False,False,False,False,False,False,False,False,False,False,False,False,False,False,False
2019,26.43426,25.93445,25.93445,25.37911,25.24953,24.97186,24.41652,24.21289,24.21289,24.21289,23.93522,23.58351,23.58351,23.58351,23.28732,22.93561,22.93561,23.54648,23.63904,23.63904,23.45393,24.15736,24.41652,24.41652,25.41613,26.30468,27.21174,27.98921,29.85886,30.78443,31.45084,32.00619,33.06133,33.91286,34.48671,35.06056,35.74549,36.07869,36.17125,36.98575,37.80025,38.31857,38.26303,38.13345,38.42964,38.57773,38.59624,38.48517,38.74433,39.37372,39.37372,39.42925,39.78097,39.76246,40.39184,40.24375,40.41035,40.52142,40.70654,40.68803,40.39184,40.05864,40.16971,40.3178,40.4844,40.1512,39.92906,39.85501,39.42925,39.41074,39.1886,39.17009,37.50407,36.78212,37.13384,37.15235,37.24491,37.15235,36.98575,37.20788,36.50445,36.44892,35.9306,35.72697,34.96801,34.83843,34.70885,34.26457,33.63519,33.33901,32.8392,31.72851,31.56191,30.93253,30.58081,30.30314,False,False,False,False,False,False,False,False,False,False,False,False,False,False,False,False,False,False,False,False,False,False,False,False,False,False,False,False,False,False,False,False,False,False,False,False,False,False,False,False,False,False,False,False,False,False,False,False,False,False,False,False,False,False,False,False,False,False,False,False,False,False,False,False,False,False,False,False,False,False,False,False,False,False,False,False,False,False,False,False,False,False,False,False,False,False,False,False,False,False,False,False,False,False,False,False,False,False,False,False,False,False,False,False,False,False,False,False,False,False,False,False,False,False,False,False,False,False,False,False,False,False,False,False,False,False,False,False,False,False,False,False,False,False,False,False,False,False,False,False,False,False,False,False,False,False,False,False,False,False,False,False,False,False,False,False,False,False,False,False,False,False,False,False,False,False,False,False,False,False,False,False,False,False,False,False,False,False,False,False,False,False,False,False,False,False,False,False,False,False,False,False,False,False,False,False,False,False,False,False,False,False,False,False,False,False,False,False,False,False,False,False,False,False,False,False,False,False,False,False,False,False,False,False,False,False,False,False,False,False,False,False,False,False,False,False,False,False,False,False,False,False,False,False,False,False,False,False,False,False,False,False,False,False,False,False,False,False,False,False,False,False,False,False,False,False,False,False,False,False,False,False,False,False,False,False,False,False,False,False,False,False,False,False,False,False,False,False,False,False,False,False,False,False,False,False,False,False,False,False,False,False,False,False,False,False,False,False,False,False,False,False,False,False,False,False,False,False,False,False,False,False,False,False,False,False,False,False,False,False,False,False,False,False,False,False,False,False,True,False,False,False,False,False,False,False,False,False,False,False,False,False,False,False,False,False,False,False,False,False
2019,29.32203,28.97032,28.30391,28.30391,28.00773,27.39685,27.02662,27.02662,27.02662,26.43426,26.37872,26.37872,26.08254,25.71231,25.71231,25.71231,25.34209,25.0459,25.0459,24.78675,24.78675,25.13846,25.13846,25.13846,25.23102,25.26804,25.84189,26.41575,27.23025,27.58196,27.26727,27.45238,28.15582,28.37795,28.52604,28.98883,29.22948,29.4331,30.17356,30.95104,31.19168,31.35829,31.71,32.04321,32.06172,31.95065,32.04321,32.20981,32.5245,32.74664,32.91324,33.43156,33.24645,33.67221,33.96839,33.59816,33.37603,33.52412,33.72774,33.26496,32.6726,32.30237,32.04321,31.59893,31.48787,30.95104,30.80295,30.59932,30.59932,30.59932,30.59932,30.58081,30.13654,30.19207,30.21058,30.32165,30.59932,30.65485,30.13654,30.15505,29.85886,29.85886,29.50715,29.50715,28.9333,28.87776,28.67414,28.56307,28.02624,28.02624,27.60048,27.06365,26.80449,26.80449,26.02701,25.54571,False,False,False,False,False,False,False,False,False,False,False,False,False,False,False,False,False,False,False,False,False,False,False,False,False,False,False,False,False,False,False,False,False,False,False,False,False,False,False,False,False,False,False,False,False,False,False,False,False,False,False,False,False,False,False,False,False,False,False,False,False,False,False,False,False,False,False,False,False,False,False,False,False,False,False,False,False,False,False,False,False,False,False,False,False,False,False,False,False,False,False,False,False,False,False,False,False,False,False,False,False,False,False,False,False,False,False,False,False,False,False,False,False,False,False,False,False,False,False,False,False,False,False,False,False,False,False,False,False,False,False,False,False,False,False,False,False,False,False,False,False,False,False,False,False,False,False,False,False,False,False,False,False,False,False,False,False,False,False,False,False,False,False,False,False,False,False,False,False,False,False,False,False,False,False,False,False,False,False,False,False,False,False,False,False,False,False,False,False,False,False,False,False,False,False,False,False,False,False,False,False,False,False,False,False,False,False,False,False,False,False,False,False,False,False,False,False,False,False,False,False,False,False,False,False,False,False,False,False,False,False,False,False,False,False,False,False,False,False,False,False,False,False,False,False,False,False,False,False,False,False,False,False,False,False,False,False,False,False,False,False,False,False,False,False,False,False,False,False,False,False,False,False,False,False,False,False,False,False,False,False,False,False,False,False,False,False,False,False,False,False,False,False,False,False,False,False,False,False,False,False,False,False,False,False,False,False,False,False,False,False,False,False,False,False,False,False,False,False,False,False,False,False,False,False,False,False,False,False,False,False,False,False,False,False,False,False,False,False,False,False,False,False,False,False,False,False,False,False,True,False,False,False,False,False,False,False,False,False,False
2019,25.13846,24.63865,24.63865,24.28694,24.02778,23.54648,23.19477,23.19477,23.19477,23.19477,22.49133,22.36175,22.36175,22.36175,22.36175,22.36175,21.82492,22.01004,21.89897,22.34324,21.89897,21.86195,21.9545,22.04706,22.21366,22.71347,22.71347,23.00965,23.43541,23.71308,24.19438,24.30545,24.97186,25.02739,25.63827,25.82338,26.26766,26.76746,26.87853,27.17471,27.24876,27.26727,27.48941,27.85964,27.93368,28.21135,27.85964,28.37795,28.32242,28.56307,28.89627,28.58158,28.58158,28.9333,28.69265,28.69265,28.54456,28.71116,28.63711,28.63711,28.89627,28.9333,28.97032,28.95181,29.02585,28.63711,28.63711,29.08139,29.30352,28.91478,29.22948,29.32203,29.32203,29.2665,29.48864,29.67375,30.02547,30.02547,29.9144,29.63673,29.24799,28.95181,28.6186,28.65562,28.84074,28.24837,27.85964,27.60048,26.91555,26.6564,26.23063,25.76785,25.34209,24.65717,24.49056,23.93522,False,False,False,False,False,False,False,False,False,False,False,False,False,False,False,False,False,False,False,False,False,False,False,False,False,False,False,False,False,False,False,False,False,False,False,False,False,False,False,False,False,False,False,False,False,False,False,False,False,False,False,False,False,False,False,False,False,False,False,False,False,False,False,False,False,False,False,False,False,False,False,False,False,False,False,False,False,False,False,False,False,False,False,False,False,False,False,False,False,False,False,False,False,False,False,False,False,False,False,False,False,False,False,False,False,False,False,False,False,False,False,False,False,False,False,False,False,False,False,False,False,False,False,False,False,False,False,False,False,False,False,False,False,False,False,False,False,False,False,False,False,False,False,False,False,False,False,False,False,False,False,False,False,False,False,False,False,False,False,False,False,False,False,False,False,False,False,False,False,False,False,False,False,False,False,False,False,False,False,False,False,False,False,False,False,False,False,False,False,False,False,False,False,False,False,False,False,False,False,False,False,False,False,False,False,False,False,False,False,False,False,False,False,False,False,False,False,False,False,False,False,False,False,False,False,False,False,False,False,False,False,False,False,False,False,False,False,False,False,False,False,False,False,False,False,False,False,False,False,False,False,False,False,False,False,False,False,False,False,False,False,False,False,False,False,False,False,False,False,False,False,False,False,False,False,False,False,False,False,False,False,False,False,False,False,False,False,False,False,False,False,False,False,False,False,False,False,False,False,False,False,False,False,False,False,False,False,False,False,False,False,False,False,False,False,False,False,False,False,False,False,False,False,False,False,False,False,False,False,False,False,False,False,False,False,False,False,False,False,False,False,False,False,False,False,False,False,False,False,False,False,False,False,False,False,False,False,True,False,False
2019,23.4169,23.4169,23.4169,22.93561,22.69496,22.69496,22.69496,22.69496,22.45431,22.08408,22.08408,22.08408,22.08408,21.60279,21.41767,21.41767,21.41767,21.69534,21.6213,21.69534,22.02855,22.2692,22.71347,23.0837,23.95373,24.89781,26.02701,26.89704,28.11879,29.02585,29.41459,30.28463,31.00657,31.19168,31.35829,31.69149,32.17279,32.04321,32.61706,32.69111,32.82069,33.24645,33.59816,33.80179,34.06095,33.93137,34.4682,33.8203,34.00542,34.15351,34.24606,34.28309,34.26457,34.43118,34.19053,34.35713,34.20904,34.3016,34.3016,33.59816,33.59816,33.70923,33.6537,33.70923,33.74626,33.43156,33.26496,33.46858,33.11687,32.91324,33.07985,32.76515,32.0247,31.65447,31.69149,31.83958,31.87661,31.65447,31.48787,31.30275,30.87699,30.87699,30.30314,30.21058,29.63673,29.19245,28.97032,28.54456,28.00773,27.45238,26.91555,26.45277,26.21212,25.67529,25.43464,24.78675,False,False,False,False,False,False,False,False,False,False,False,False,False,False,False,False,False,False,False,False,False,False,False,False,False,False,False,False,False,False,False,False,False,False,False,False,False,False,False,False,False,False,False,False,False,False,False,False,False,False,False,False,False,False,False,False,False,False,False,False,False,False,False,False,False,False,False,False,False,False,False,False,False,False,False,False,False,False,False,False,False,False,False,False,False,False,False,False,False,False,False,False,False,False,False,False,False,False,False,False,False,False,False,False,False,False,False,False,False,False,False,False,False,False,False,False,False,False,False,False,False,False,False,False,False,False,False,False,False,False,False,False,False,False,False,False,False,False,False,False,False,False,False,False,False,False,False,False,False,False,False,False,False,False,False,False,False,False,False,False,False,False,False,False,False,False,False,False,False,False,False,False,False,False,False,False,False,False,False,False,False,False,False,False,False,False,False,False,False,False,False,False,False,False,False,False,False,False,False,False,False,False,False,False,False,False,False,False,False,False,False,False,False,False,False,False,False,False,False,False,False,False,False,False,False,False,False,False,False,False,False,False,False,False,False,False,False,False,False,False,False,False,False,False,False,False,False,False,False,False,False,False,False,False,False,False,False,False,False,False,False,False,False,False,False,False,False,False,False,False,False,False,False,False,False,False,False,False,False,False,False,False,False,False,False,False,False,False,False,False,False,False,False,False,False,False,False,False,False,False,False,False,False,False,False,False,False,False,False,False,False,False,False,False,False,False,False,False,False,False,False,False,False,False,False,False,False,False,False,False,False,False,False,False,False,False,False,False,False,False,False,False,False,False,False,False,False,False,False,False,False,False,False,False,False,False,False,False,False,False
2019,24.45354,23.99076,23.99076,23.50946,23.21328,23.06519,22.6024,22.6024,22.6024,22.6024,22.6024,22.6024,22.2692,21.82492,21.82492,21.82492,21.82492,21.82492,21.82492,21.82492,22.63942,22.82454,22.82454,23.15774,24.21289,25.02739,26.21212,27.04513,28.48902,29.37757,29.7478,30.52527,31.15466,31.67298,32.17279,32.39492,32.30237,32.63557,32.65408,33.11687,33.28347,33.63519,33.63519,33.74626,34.41267,34.17202,34.28309,34.8014,34.70885,34.89396,35.20866,35.2827,35.41228,35.89358,35.56037,35.70846,35.15312,35.06056,34.83843,35.00503,35.06056,34.81992,34.85694,35.22717,35.33823,35.22717,35.31972,34.85694,34.65331,34.17202,34.56076,34.44969,33.43156,33.13538,33.1724,33.19091,33.26496,33.20943,32.74664,32.65408,32.11725,31.95065,31.72851,31.63596,30.96955,30.2476,29.93291,29.30352,28.54456,28.30391,27.87815,27.58196,26.89704,26.47128,25.91594,25.50869,False,False,False,False,False,False,False,False,False,False,False,True,False,False,False,False,False,False,False,False,False,False,False,False,False,False,False,False,False,False,False,False,False,False,False,False,False,False,False,False,False,False,False,False,False,False,False,False,False,False,False,False,False,False,False,False,False,False,False,False,False,False,False,False,False,False,False,False,False,False,False,False,False,False,False,False,False,False,False,False,False,False,False,False,False,False,False,False,False,False,False,False,False,False,False,False,False,False,False,False,False,False,False,False,False,False,False,False,False,False,False,False,False,False,False,False,False,False,False,False,False,False,False,False,False,False,False,False,False,False,False,False,False,False,False,False,False,False,False,False,False,False,False,False,False,False,False,False,False,False,False,False,False,False,False,False,False,False,False,False,False,False,False,False,False,False,False,False,False,False,False,False,False,False,False,False,False,False,False,False,False,False,False,False,False,False,False,False,False,False,False,False,False,False,False,False,False,False,False,False,False,False,False,False,False,False,False,False,False,False,False,False,False,False,False,False,False,False,False,False,False,False,False,False,False,False,False,False,False,False,False,False,False,False,False,False,False,False,False,False,False,False,False,False,False,False,False,False,False,False,False,False,False,False,False,False,False,False,False,False,False,False,False,False,False,False,False,False,False,False,False,False,False,False,False,False,False,False,False,False,False,False,False,False,False,False,False,False,False,False,False,False,False,False,False,False,False,False,False,False,False,False,False,False,False,False,False,False,False,False,False,False,False,False,False,False,False,False,False,False,False,False,False,False,False,False,False,False,False,False,False,False,False,False,False,False,False,False,False,False,False,False,False,False,False,False,False,False,False,False,False,False,False,False,False,False,False,False,False,False
2019,25.10144,25.10144,24.34247,24.32396,24.00927,23.52797,23.50946,23.21328,23.21328,23.21328,23.04667,22.36175,22.36175,21.97301,21.75088,21.75088,21.75088,21.75088,22.4358,22.4358,22.56538,23.10221,23.10221,23.56499,24.5461,25.39762,26.30468,27.52643,28.84074,29.76631,30.19207,30.71039,31.72851,32.04321,32.22832,32.76515,32.96878,33.0058,33.07985,33.63519,33.78328,34.33862,34.39415,34.65331,35.2827,35.98613,36.52296,36.30083,36.76361,36.87468,36.87468,36.87468,37.07831,37.07831,37.5596,37.85578,37.85578,37.81876,37.52258,37.63365,37.83727,37.54109,37.54109,37.48556,37.48556,37.52258,36.93021,36.81915,36.46743,36.46743,36.37487,35.52335,34.39415,33.87584,34.02393,34.20904,34.19053,33.6537,33.52412,33.41305,32.82069,32.69111,32.22832,32.30237,31.43233,30.87699,30.87699,30.41421,29.71077,29.19245,28.80372,28.22986,27.54494,27.13769,26.43426,25.76785,False,False,False,False,False,False,False,False,False,False,False,False,False,False,False,False,False,False,False,False,False,False,False,True,False,False,False,False,False,False,False,False,False,False,False,False,False,False,False,False,False,False,False,False,False,False,False,False,False,False,False,False,False,False,False,False,False,False,False,False,False,False,False,False,False,False,False,False,False,False,False,False,False,False,False,False,False,False,False,False,False,False,False,False,False,False,False,False,False,False,False,False,False,False,False,False,False,False,False,False,False,False,False,False,False,False,False,False,False,False,False,False,False,False,False,False,False,False,False,False,False,False,False,False,False,False,False,False,False,False,False,False,False,False,False,False,False,False,False,False,False,False,False,False,False,False,False,False,False,False,False,False,False,False,False,False,False,False,False,False,False,False,False,False,False,False,False,False,False,False,False,False,False,False,False,False,False,False,False,False,False,False,False,False,False,False,False,False,False,False,False,False,False,False,False,False,False,False,False,False,False,False,False,False,False,False,False,False,False,False,False,False,False,False,False,False,False,False,False,False,False,False,False,False,False,False,False,False,False,False,False,False,False,False,False,False,False,False,False,False,False,False,False,False,False,False,False,False,False,False,False,False,False,False,False,False,False,False,False,False,False,False,False,False,False,False,False,False,False,False,False,False,False,False,False,False,False,False,False,False,False,False,False,False,False,False,False,False,False,False,False,False,False,False,False,False,False,False,False,False,False,False,False,False,False,False,False,False,False,False,False,False,False,False,False,False,False,False,False,False,False,False,False,False,False,False,False,False,False,False,False,False,False,False,False,False,False,False,False,False,False,False,False,False,False,False,False,False,False,False,False,False,False,False,False,False,False,False,False,False
2019,25.54571,24.95335,24.91632,24.91632,24.26843,24.10182,24.10182,24.10182,23.52797,23.30583,23.30583,23.30583,23.30583,23.30583,22.93561,22.47282,22.47282,22.47282,22.47282,22.47282,23.26881,23.32435,23.80564,24.21289,24.97186,25.80487,26.84151,27.67452,29.00734,29.96993,30.45123,30.93253,32.04321,32.61706,33.30198,33.57965,34.39415,34.52373,34.4682,35.35675,36.46743,36.52296,36.67105,37.15235,37.61514,37.41151,37.09682,36.5785,36.48594,37.00426,36.72659,37.13384,37.48556,37.48556,37.48556,37.44853,36.87468,36.87468,36.63403,36.50445,36.33785,36.15274,36.13422,36.11571,35.98613,36.0972,35.85655,35.61591,35.54186,35.48633,35.19014,35.24568,34.44969,33.54263,33.45007,33.4871,32.80218,32.76515,32.61706,32.37641,31.85809,31.91363,31.59893,31.59893,31.19168,30.96955,30.2476,29.98844,29.02585,28.60009,28.32242,27.76708,27.13769,26.91555,26.56384,26.06403,False,False,False,False,False,False,False,False,False,False,False,False,False,False,False,False,False,False,False,False,False,False,False,False,False,False,False,False,False,False,False,False,False,False,False,True,False,False,False,False,False,False,False,False,False,False,False,False,False,False,False,False,False,False,False,False,False,False,False,False,False,False,False,False,False,False,False,False,False,False,False,False,False,False,False,False,False,False,False,False,False,False,False,False,False,False,False,False,False,False,False,False,False,False,False,False,False,False,False,False,False,False,False,False,False,False,False,False,False,False,False,False,False,False,False,False,False,False,False,False,False,False,False,False,False,False,False,False,False,False,False,False,False,False,False,False,False,False,False,False,False,False,False,False,False,False,False,False,False,False,False,False,False,False,False,False,False,False,False,False,False,False,False,False,False,False,False,False,False,False,False,False,False,False,False,False,False,False,False,False,False,False,False,False,False,False,False,False,False,False,False,False,False,False,False,False,False,False,False,False,False,False,False,False,False,False,False,False,False,False,False,False,False,False,False,False,False,False,False,False,False,False,False,False,False,False,False,False,False,False,False,False,False,False,False,False,False,False,False,False,False,False,False,False,False,False,False,False,False,False,False,False,False,False,False,False,False,False,False,False,False,False,False,False,False,False,False,False,False,False,False,False,False,False,False,False,False,False,False,False,False,False,False,False,False,False,False,False,False,False,False,False,False,False,False,False,False,False,False,False,False,False,False,False,False,False,False,False,False,False,False,False,False,False,False,False,False,False,False,False,False,False,False,False,False,False,False,False,False,False,False,False,False,False,False,False,False,False,False,False,False,False,False,False,False,False,False,False,False,False,False,False,False,False,False,False,False,False,False,False
2019,25.5272,25.5272,24.97186,24.69419,24.49056,23.87969,23.87969,23.87969,23.87969,23.49095,23.0837,23.0837,23.0837,23.0837,22.4358,22.36175,22.36175,22.36175,22.36175,22.36175,22.93561,23.19477,23.62053,24.41652,25.39762,26.11956,26.91555,27.78559,29.4331,30.22909,30.96955,31.48787,31.98767,32.70962,33.52412,33.56114,34.04244,34.6348,35.30121,34.91247,35.35675,36.11571,36.20827,36.35636,35.91209,36.55999,36.43041,36.37487,36.59701,35.96762,35.59739,35.80102,36.00464,36.04167,36.52296,36.50445,36.50445,36.93021,37.26342,36.98575,36.70808,36.65254,36.5785,36.63403,36.4119,36.06018,35.9306,35.57888,35.72697,35.68995,35.43079,35.37526,34.50522,34.15351,34.19053,34.04244,33.69072,33.69072,33.19091,33.19091,32.58004,32.32088,32.32088,32.32088,31.59893,31.46936,31.17317,30.76592,30.58081,29.93291,29.15543,28.63711,28.30391,27.91517,27.60048,27.1562,False,False,False,False,False,False,False,False,False,False,False,False,False,False,False,False,False,False,False,False,False,False,False,False,False,False,False,False,False,False,False,False,False,False,False,False,False,False,False,False,False,False,False,False,False,False,False,True,False,False,False,False,False,False,False,False,False,False,False,False,False,False,False,False,False,False,False,False,False,False,False,False,False,False,False,False,False,False,False,False,False,False,False,False,False,False,False,False,False,False,False,False,False,False,False,False,False,False,False,False,False,False,False,False,False,False,False,False,False,False,False,False,False,False,False,False,False,False,False,False,False,False,False,False,False,False,False,False,False,False,False,False,False,False,False,False,False,False,False,False,False,False,False,False,False,False,False,False,False,False,False,False,False,False,False,False,False,False,False,False,False,False,False,False,False,False,False,False,False,False,False,False,False,False,False,False,False,False,False,False,False,False,False,False,False,False,False,False,False,False,False,False,False,False,False,False,False,False,False,False,False,False,False,False,False,False,False,False,False,False,False,False,False,False,False,False,False,False,False,False,False,False,False,False,False,False,False,False,False,False,False,False,False,False,False,False,False,False,False,False,False,False,False,False,False,False,False,False,False,False,False,False,False,False,False,False,False,False,False,False,False,False,False,False,False,False,False,False,False,False,False,False,False,False,False,False,False,False,False,False,False,False,False,False,False,False,False,False,False,False,False,False,False,False,False,False,False,False,False,False,False,False,False,False,False,False,False,False,False,False,False,False,False,False,False,False,False,False,False,False,False,False,False,False,False,False,False,False,False,False,False,False,False,False,False,False,False,False,False,False,False,False,False,False,False,False,False,False,False,False,False,False,False,False,False,False,False,False,False,False
2019,26.39724,26.24914,26.02701,25.58273,25.58273,24.84228,24.62014,23.86118,23.86118,23.86118,23.86118,23.76862,23.13923,23.13923,23.13923,23.13923,22.67645,22.52836,22.52836,22.52836,22.769,22.769,22.93561,23.32435,23.4169,23.58351,24.00927,24.58312,25.11995,25.82338,25.82338,25.82338,26.36021,27.04513,27.35983,27.91517,28.47051,28.74818,29.00734,29.98844,30.22909,30.82146,31.08062,31.65447,31.93214,31.85809,31.72851,31.95065,32.20981,32.65408,32.6726,32.58004,33.0058,33.39454,33.07985,33.04282,33.07985,33.22794,33.41305,33.83881,34.06095,33.9869,34.56076,34.41267,33.96839,34.26457,34.33862,34.85694,34.78289,34.50522,34.85694,35.06056,34.37564,34.67182,34.61629,34.41267,35.04205,35.30121,34.87545,34.93098,34.56076,34.19053,34.19053,34.15351,33.69072,33.20943,33.11687,32.95027,32.46897,31.96916,31.85809,31.85809,30.91401,30.46974,29.67375,28.97032,False,False,False,False,False,False,False,False,False,False,False,False,False,False,False,False,False,False,False,False,False,False,False,False,False,False,False,False,False,False,False,False,False,False,False,False,False,False,False,False,False,False,False,False,False,False,False,False,False,False,False,False,False,False,False,False,False,False,False,True,False,False,False,False,False,False,False,False,False,False,False,False,False,False,False,False,False,False,False,False,False,False,False,False,False,False,False,False,False,False,False,False,False,False,False,False,False,False,False,False,False,False,False,False,False,False,False,False,False,False,False,False,False,False,False,False,False,False,False,False,False,False,False,False,False,False,False,False,False,False,False,False,False,False,False,False,False,False,False,False,False,False,False,False,False,False,False,False,False,False,False,False,False,False,False,False,False,False,False,False,False,False,False,False,False,False,False,False,False,False,False,False,False,False,False,False,False,False,False,False,False,False,False,False,False,False,False,False,False,False,False,False,False,False,False,False,False,False,False,False,False,False,False,False,False,False,False,False,False,False,False,False,False,False,False,False,False,False,False,False,False,False,False,False,False,False,False,False,False,False,False,False,False,False,False,False,False,False,False,False,False,False,False,False,False,False,False,False,False,False,False,False,False,False,False,False,False,False,False,False,False,False,False,False,False,False,False,False,False,False,False,False,False,False,False,False,False,False,False,False,False,False,False,False,False,False,False,False,False,False,False,False,False,False,False,False,False,False,False,False,False,False,False,False,False,False,False,False,False,False,False,False,False,False,False,False,False,False,False,False,False,False,False,False,False,False,False,False,False,False,False,False,False,False,False,False,False,False,False,False,False,False,False,False,False,False,False,False,False,False,False,False,False,False,False,False,False,False,False,False
2019,28.54456,28.30391,27.67452,26.91555,26.91555,26.28617,26.08254,25.5272,24.74972,24.74972,24.74972,24.74972,24.74972,24.36098,23.97224,23.97224,23.97224,23.97224,23.97224,23.97224,23.97224,23.97224,23.97224,24.52759,24.86079,24.86079,25.06442,25.58273,26.13808,27.06365,27.13769,27.28578,27.76708,28.34093,28.76669,29.4331,29.93291,30.35867,30.63634,31.02508,31.58042,31.89512,31.76554,32.20981,32.54302,33.50561,33.45007,33.24645,33.41305,33.26496,33.41305,33.63519,33.52412,33.70923,33.4871,33.91286,34.09797,33.80179,33.56114,33.76477,34.15351,34.33862,33.9869,34.26457,34.44969,34.26457,34.24606,34.15351,34.15351,34.15351,34.13499,34.24606,34.8014,34.81992,34.74587,34.87545,34.83843,34.26457,34.26457,34.15351,33.67221,33.52412,33.4871,32.70962,32.17279,31.93214,31.74703,31.13615,30.50676,30.00696,29.85886,29.22948,28.37795,27.82261,27.67452,27.10067,False,False,False,False,False,False,False,False,False,False,False,False,False,False,False,False,False,False,False,False,False,False,False,False,False,False,False,False,False,False,False,False,False,False,False,False,False,False,False,False,False,False,False,False,False,False,False,False,False,False,False,False,False,False,False,False,False,False,False,False,False,False,False,False,False,False,False,False,False,False,False,True,False,False,False,False,False,False,False,False,False,False,False,False,False,False,False,False,False,False,False,False,False,False,False,False,False,False,False,False,False,False,False,False,False,False,False,False,False,False,False,False,False,False,False,False,False,False,False,False,False,False,False,False,False,False,False,False,False,False,False,False,False,False,False,False,False,False,False,False,False,False,False,False,False,False,False,False,False,False,False,False,False,False,False,False,False,False,False,False,False,False,False,False,False,False,False,False,False,False,False,False,False,False,False,False,False,False,False,False,False,False,False,False,False,False,False,False,False,False,False,False,False,False,False,False,False,False,False,False,False,False,False,False,False,False,False,False,False,False,False,False,False,False,False,False,False,False,False,False,False,False,False,False,False,False,False,False,False,False,False,False,False,False,False,False,False,False,False,False,False,False,False,False,False,False,False,False,False,False,False,False,False,False,False,False,False,False,False,False,False,False,False,False,False,False,False,False,False,False,False,False,False,False,False,False,False,False,False,False,False,False,False,False,False,False,False,False,False,False,False,False,False,False,False,False,False,False,False,False,False,False,False,False,False,False,False,False,False,False,False,False,False,False,False,False,False,False,False,False,False,False,False,False,False,False,False,False,False,False,False,False,False,False,False,False,False,False,False,False,False,False,False,False,False,False,False,False,False,False,False,False,False,False,False,False,False,False,False,False
2019,26.87853,26.36021,25.97147,25.5272,25.5272,25.5272,24.84228,23.91671,23.91671,23.91671,23.91671,23.91671,23.91671,23.91671,23.91671,23.91671,23.91671,23.80564,23.30583,23.30583,23.69457,24.10182,24.36098,25.37911,26.10105,27.48941,28.26689,29.08139,30.59932,31.39531,32.13577,32.85771,33.6537,34.20904,34.91247,35.61591,35.98613,36.30083,36.2638,37.02277,37.76323,38.05941,38.30006,38.8554,39.37372,39.79948,40.04013,39.78097,40.52142,40.59547,40.57696,40.57696,40.91016,41.00272,41.09528,41.09528,41.15081,41.07676,41.09528,41.03974,41.24337,40.91016,40.89165,40.83612,40.57696,39.87352,39.57734,39.5033,38.63326,38.09643,38.17048,38.11494,37.18937,36.37487,36.31934,36.63403,35.72697,35.15312,34.59778,34.52373,33.91286,33.59816,33.20943,33.20943,32.30237,31.72851,31.19168,30.93253,30.41421,30.00696,29.35906,28.74818,27.76708,27.60048,27.45238,26.80449,False,False,False,False,False,False,False,False,False,False,False,False,False,False,False,False,False,False,False,False,False,False,False,False,False,False,False,False,False,False,False,False,False,False,False,False,False,False,False,False,False,False,False,False,False,False,False,False,False,False,False,False,False,False,False,False,False,False,False,False,False,False,False,False,False,False,False,False,False,False,False,False,False,False,False,False,False,False,False,False,False,False,True,False,False,False,False,False,False,False,False,False,False,False,False,False,False,False,False,False,False,False,False,False,False,False,False,False,False,False,False,False,False,False,False,False,False,False,False,False,False,False,False,False,False,False,False,False,False,False,False,False,False,False,False,False,False,False,False,False,False,False,False,False,False,False,False,False,False,False,False,False,False,False,False,False,False,False,False,False,False,False,False,False,False,False,False,False,False,False,False,False,False,False,False,False,False,False,False,False,False,False,False,False,False,False,False,False,False,False,False,False,False,False,False,False,False,False,False,False,False,False,False,False,False,False,False,False,False,False,False,False,False,False,False,False,False,False,False,False,False,False,False,False,False,False,False,False,False,False,False,False,False,False,False,False,False,False,False,False,False,False,False,False,False,False,False,False,False,False,False,False,False,False,False,False,False,False,False,False,False,False,False,False,False,False,False,False,False,False,False,False,False,False,False,False,False,False,False,False,False,False,False,False,False,False,False,False,False,False,False,False,False,False,False,False,False,False,False,False,False,False,False,False,False,False,False,False,False,False,False,False,False,False,False,False,False,False,False,False,False,False,False,False,False,False,False,False,False,False,False,False,False,False,False,False,False,False,False,False,False,False,False,False,False,False,False,False,False,False,False,False,False,False,False,False,False,False,False,False
2019,26.41575,26.10105,25.5272,25.3606,25.17548,24.65717,24.65717,24.65717,24.65717,24.39801,24.02778,24.02778,23.52797,23.37988,23.37988,23.37988,23.0837,23.04667,23.04667,23.30583,24.15736,24.15736,24.19438,25.11995,26.10105,26.84151,27.93368,28.63711,30.7289,32.00619,32.6726,33.35752,34.00542,34.37564,34.98652,35.24568,36.07869,36.30083,36.63403,37.11533,38.11494,38.50368,38.05941,37.81876,38.11494,38.13345,38.09643,38.30006,38.96647,38.55922,38.76284,38.76284,38.79986,38.8554,38.76284,38.78135,38.59624,37.94834,38.18899,38.17048,38.18899,37.65216,37.59662,37.63365,37.76323,37.37449,37.13384,36.46743,35.70846,35.17163,35.48633,35.70846,34.89396,34.17202,33.76477,33.80179,33.61668,33.07985,32.54302,32.48748,31.93214,31.82107,31.17317,31.04359,30.58081,29.80333,29.32203,28.87776,28.22986,27.69303,27.26727,26.58235,25.86041,25.65678,25.3606,24.80526,False,False,False,False,False,False,False,False,False,False,False,False,False,False,False,False,False,False,False,False,False,False,False,False,False,False,False,False,False,False,False,False,False,False,False,False,False,False,False,False,False,False,False,False,False,False,False,False,False,False,False,False,False,False,False,False,False,False,False,False,False,False,False,False,False,False,False,False,False,False,False,False,False,False,False,False,False,False,False,False,False,False,False,False,False,False,False,False,False,False,False,False,False,False,True,False,False,False,False,False,False,False,False,False,False,False,False,False,False,False,False,False,False,False,False,False,False,False,False,False,False,False,False,False,False,False,False,False,False,False,False,False,False,False,False,False,False,False,False,False,False,False,False,False,False,False,False,False,False,False,False,False,False,False,False,False,False,False,False,False,False,False,False,False,False,False,False,False,False,False,False,False,False,False,False,False,False,False,False,False,False,False,False,False,False,False,False,False,False,False,False,False,False,False,False,False,False,False,False,False,False,False,False,False,False,False,False,False,False,False,False,False,False,False,False,False,False,False,False,False,False,False,False,False,False,False,False,False,False,False,False,False,False,False,False,False,False,False,False,False,False,False,False,False,False,False,False,False,False,False,False,False,False,False,False,False,False,False,False,False,False,False,False,False,False,False,False,False,False,False,False,False,False,False,False,False,False,False,False,False,False,False,False,False,False,False,False,False,False,False,False,False,False,False,False,False,False,False,False,False,False,False,False,False,False,False,False,False,False,False,False,False,False,False,False,False,False,False,False,False,False,False,False,False,False,False,False,False,False,False,False,False,False,False,False,False,False,False,False,False,False,False,False,False,False,False,False,False,False,False,False,False,False,False,False,False,False,False,False,False
2019,24.24991,24.19438,24.19438,23.4169,23.32435,23.12072,22.69496,22.69496,22.69496,22.65794,22.02855,22.02855,22.02855,22.02855,22.02855,22.02855,21.82492,21.82492,21.82492,21.82492,22.25069,22.71347,23.06519,23.71308,24.50907,25.32358,26.30468,27.48941,29.2665,29.76631,30.09951,30.15505,30.8955,31.61745,31.56191,31.98767,32.76515,32.87622,32.72813,32.80218,33.19091,33.54263,33.87584,33.91286,34.35713,34.54225,34.32011,34.09797,34.78289,34.70885,34.43118,34.96801,34.69034,34.61629,34.78289,34.91247,34.91247,34.56076,34.61629,34.43118,34.20904,34.59778,34.26457,34.22755,34.33862,34.04244,34.11648,33.80179,33.24645,33.04282,33.20943,33.61668,32.8392,32.37641,32.37641,32.41344,32.1913,31.5434,31.2102,31.2102,30.67337,30.63634,30.35867,30.28463,29.82184,29.06288,28.95181,28.24837,27.6375,27.11918,26.823,26.32319,25.56422,24.99037,24.67568,24.15736,False,False,False,False,False,False,False,False,False,False,False,False,False,False,False,False,False,False,False,False,False,False,False,False,False,False,False,False,False,False,False,False,False,False,False,False,False,False,False,False,False,False,False,False,False,False,False,False,False,False,False,False,False,False,False,False,False,False,False,False,False,False,False,False,False,False,False,False,False,False,False,False,False,False,False,False,False,False,False,False,False,False,False,False,False,False,False,False,False,False,False,False,False,False,False,False,False,False,False,False,False,False,False,False,False,False,True,False,False,False,False,False,False,False,False,False,False,False,False,False,False,False,False,False,False,False,False,False,False,False,False,False,False,False,False,False,False,False,False,False,False,False,False,False,False,False,False,False,False,False,False,False,False,False,False,False,False,False,False,False,False,False,False,False,False,False,False,False,False,False,False,False,False,False,False,False,False,False,False,False,False,False,False,False,False,False,False,False,False,False,False,False,False,False,False,False,False,False,False,False,False,False,False,False,False,False,False,False,False,False,False,False,False,False,False,False,False,False,False,False,False,False,False,False,False,False,False,False,False,False,False,False,False,False,False,False,False,False,False,False,False,False,False,False,False,False,False,False,False,False,False,False,False,False,False,False,False,False,False,False,False,False,False,False,False,False,False,False,False,False,False,False,False,False,False,False,False,False,False,False,False,False,False,False,False,False,False,False,False,False,False,False,False,False,False,False,False,False,False,False,False,False,False,False,False,False,False,False,False,False,False,False,False,False,False,False,False,False,False,False,False,False,False,False,False,False,False,False,False,False,False,False,False,False,False,False,False,False,False,False,False,False,False,False,False,False,False,False,False,False,False,False,False,False,False,False,False,False,False,False
2019,23.80564,23.80564,23.4169,23.04667,22.69496,22.25069,22.25069,22.25069,22.25069,22.25069,21.75088,21.47321,21.47321,21.47321,21.47321,21.47321,21.38065,21.51023,21.71386,21.14,21.75088,22.52836,22.52836,23.0837,24.17587,25.3606,26.28617,27.52643,29.11841,30.04398,30.32165,30.61783,31.32126,31.63596,31.58042,31.83958,32.24683,32.32088,32.50599,32.76515,32.30237,32.58004,32.61706,33.04282,33.35752,33.59816,33.91286,33.78328,34.09797,34.43118,34.43118,34.32011,34.02393,34.07946,33.74626,33.67221,33.94988,33.76477,33.67221,33.94988,34.17202,34.04244,33.85732,33.4871,33.8203,33.93137,33.37603,33.37603,33.0058,33.15389,32.96878,33.28347,32.72813,32.26534,32.39492,32.0247,31.72851,31.26573,31.2102,31.2102,30.7289,30.59932,30.17356,29.87738,29.59971,29.13692,28.74818,28.69265,27.98921,27.41536,27.1562,26.84151,26.10105,25.50869,25.26804,25.11995,False,False,False,False,False,False,False,False,False,False,False,False,False,False,False,False,False,False,False,False,False,False,False,False,False,False,False,False,False,False,False,False,False,False,False,False,False,False,False,False,False,False,False,False,False,False,False,False,False,False,False,False,False,False,False,False,False,False,False,False,False,False,False,False,False,False,False,False,False,False,False,False,False,False,False,False,False,False,False,False,False,False,False,False,False,False,False,False,False,False,False,False,False,False,False,False,False,False,False,False,False,False,False,False,False,False,False,False,False,False,False,False,False,False,False,False,False,False,True,False,False,False,False,False,False,False,False,False,False,False,False,False,False,False,False,False,False,False,False,False,False,False,False,False,False,False,False,False,False,False,False,False,False,False,False,False,False,False,False,False,False,False,False,False,False,False,False,False,False,False,False,False,False,False,False,False,False,False,False,False,False,False,False,False,False,False,False,False,False,False,False,False,False,False,False,False,False,False,False,False,False,False,False,False,False,False,False,False,False,False,False,False,False,False,False,False,False,False,False,False,False,False,False,False,False,False,False,False,False,False,False,False,False,False,False,False,False,False,False,False,False,False,False,False,False,False,False,False,False,False,False,False,False,False,False,False,False,False,False,False,False,False,False,False,False,False,False,False,False,False,False,False,False,False,False,False,False,False,False,False,False,False,False,False,False,False,False,False,False,False,False,False,False,False,False,False,False,False,False,False,False,False,False,False,False,False,False,False,False,False,False,False,False,False,False,False,False,False,False,False,False,False,False,False,False,False,False,False,False,False,False,False,False,False,False,False,False,False,False,False,False,False,False,False,False,False,False,False,False,False,False,False,False,False,False,False,False,False,False,False
2019,24.52759,24.34247,23.82415,23.82415,23.19477,23.19477,22.71347,22.30622,22.30622,22.30622,22.30622,22.30622,22.21366,22.19515,21.9545,21.54725,22.19515,22.21366,22.21366,22.21366,22.49133,23.04667,23.04667,24.00927,24.82377,25.76785,26.69342,27.71154,29.13692,29.93291,30.48825,30.83997,31.39531,31.89512,32.11725,32.30237,32.96878,33.35752,33.41305,33.41305,33.67221,34.06095,33.96839,33.96839,34.02393,33.87584,33.9869,34.11648,34.26457,34.28309,34.20904,34.15351,34.78289,34.4682,34.32011,34.57927,34.39415,34.91247,35.37526,35.24568,35.00503,34.74587,34.87545,34.83843,34.72736,34.52373,34.59778,34.59778,33.93137,33.91286,33.54263,33.74626,33.30198,33.32049,33.02431,33.07985,32.93175,32.30237,31.98767,31.72851,31.65447,31.35829,31.17317,31.08062,30.78443,30.61783,30.34016,29.11841,29.13692,28.50753,27.84112,27.74857,27.3228,27.02662,26.26766,25.91594,False,False,False,False,False,False,False,False,False,False,False,False,False,False,False,False,False,False,False,False,False,False,False,False,False,False,False,False,False,False,False,False,False,False,False,False,False,False,False,False,False,False,False,False,False,False,False,False,False,False,False,False,False,False,False,False,False,False,False,False,False,False,False,False,False,False,False,False,False,False,False,False,False,False,False,False,False,False,False,False,False,False,False,False,False,False,False,False,False,False,False,False,False,False,False,False,False,False,False,False,False,False,False,False,False,False,False,False,False,False,False,False,False,False,False,False,False,False,False,False,False,False,False,False,False,False,False,False,False,False,True,False,False,False,False,False,False,False,False,False,False,False,False,False,False,False,False,False,False,False,False,False,False,False,False,False,False,False,False,False,False,False,False,False,False,False,False,False,False,False,False,False,False,False,False,False,False,False,False,False,False,False,False,False,False,False,False,False,False,False,False,False,False,False,False,False,False,False,False,False,False,False,False,False,False,False,False,False,False,False,False,False,False,False,False,False,False,False,False,False,False,False,False,False,False,False,False,False,False,False,False,False,False,False,False,False,False,False,False,False,False,False,False,False,False,False,False,False,False,False,False,False,False,False,False,False,False,False,False,False,False,False,False,False,False,False,False,False,False,False,False,False,False,False,False,False,False,False,False,False,False,False,False,False,False,False,False,False,False,False,False,False,False,False,False,False,False,False,False,False,False,False,False,False,False,False,False,False,False,False,False,False,False,False,False,False,False,False,False,False,False,False,False,False,False,False,False,False,False,False,False,False,False,False,False,False,False,False,False,False,False,False,False,False,False,False,False,False,False,False,False,False,False,False,False,False,False,False,False,False
2019,25.41613,24.91632,24.74972,24.74972,24.47205,24.08331,23.75011,23.32435,23.32435,23.32435,23.32435,22.75049,22.69496,22.69496,22.69496,22.69496,22.41729,22.36175,21.93599,22.36175,22.54687,22.54687,22.54687,22.82454,23.2503,23.19477,23.67606,23.99076,24.93484,25.32358,25.76785,25.76785,26.3417,26.54533,26.71193,27.21174,27.69303,28.32242,28.60009,28.80372,29.35906,29.47013,29.82184,30.15505,30.65485,31.0621,31.2102,30.85848,30.61783,30.91401,31.28424,31.2102,30.96955,31.32126,31.58042,31.24722,31.26573,31.08062,31.26573,31.17317,30.82146,31.48787,31.74703,31.28424,31.09913,30.96955,30.78443,30.98806,31.08062,31.17317,32.50599,33.02431,32.59855,32.50599,32.0247,32.1913,32.1913,32.1913,32.1913,32.1913,32.1913,31.52489,30.96955,31.04359,30.65485,30.21058,30.41421,30.59932,30.081,29.63673,29.00734,28.19284,28.02624,27.74857,27.39685,27.23025,False,False,False,False,False,False,False,False,False,False,False,False,False,False,False,False,False,False,False,False,False,False,False,False,False,False,False,False,False,False,False,False,False,False,False,False,False,False,False,False,False,False,False,False,False,False,False,False,False,False,False,False,False,False,False,False,False,False,False,False,False,False,False,False,False,False,False,False,False,False,False,False,False,False,False,False,False,False,False,False,False,False,False,False,False,False,False,False,False,False,False,False,False,False,False,False,False,False,False,False,False,False,False,False,False,False,False,False,False,False,False,False,False,False,False,False,False,False,False,False,False,False,False,False,False,False,False,False,False,False,False,False,False,False,False,False,False,False,False,False,False,False,True,False,False,False,False,False,False,False,False,False,False,False,False,False,False,False,False,False,False,False,False,False,False,False,False,False,False,False,False,False,False,False,False,False,False,False,False,False,False,False,False,False,False,False,False,False,False,False,False,False,False,False,False,False,False,False,False,False,False,False,False,False,False,False,False,False,False,False,False,False,False,False,False,False,False,False,False,False,False,False,False,False,False,False,False,False,False,False,False,False,False,False,False,False,False,False,False,False,False,False,False,False,False,False,False,False,False,False,False,False,False,False,False,False,False,False,False,False,False,False,False,False,False,False,False,False,False,False,False,False,False,False,False,False,False,False,False,False,False,False,False,False,False,False,False,False,False,False,False,False,False,False,False,False,False,False,False,False,False,False,False,False,False,False,False,False,False,False,False,False,False,False,False,False,False,False,False,False,False,False,False,False,False,False,False,False,False,False,False,False,False,False,False,False,False,False,False,False,False,False,False,False,False,False,False,False,False,False,False,False,False,False,False,False,False,False,False,False
2019,26.76746,25.84189,25.06442,24.95335,25.0459,24.56461,23.95373,23.76862,23.76862,23.62053,23.36137,23.04667,22.88007,22.88007,22.88007,22.15813,22.50984,22.769,22.769,22.12111,22.10259,22.10259,22.45431,22.75049,23.00965,23.56499,23.93522,24.08331,24.36098,24.91632,24.89781,25.02739,25.6938,25.97147,26.15659,26.45277,27.08216,27.60048,28.13731,28.19284,28.13731,28.56307,29.04436,29.19245,29.45161,29.95142,30.35867,30.58081,30.04398,30.32165,29.56268,29.82184,29.98844,29.78482,30.15505,30.65485,30.15505,30.2476,30.09951,29.84035,30.09951,29.95142,29.87738,30.11802,30.35867,29.67375,29.84035,29.39608,29.59971,29.76631,30.50676,30.74741,31.15466,31.43233,31.13615,31.00657,30.58081,31.02508,30.50676,30.45123,30.35867,30.35867,29.95142,29.63673,29.21097,28.9333,28.60009,28.32242,27.74857,27.65601,26.89704,26.36021,26.15659,25.67529,25.54571,25.08293,False,False,False,False,False,False,False,False,False,False,False,False,False,False,False,False,False,False,False,False,False,False,False,False,False,False,False,False,False,False,False,False,False,False,False,False,False,False,False,False,False,False,False,False,False,False,False,False,False,False,False,False,False,False,False,False,False,False,False,False,False,False,False,False,False,False,False,False,False,False,False,False,False,False,False,False,False,False,False,False,False,False,False,False,False,False,False,False,False,False,False,False,False,False,False,False,False,False,False,False,False,False,False,False,False,False,False,False,False,False,False,False,False,False,False,False,False,False,False,False,False,False,False,False,False,False,False,False,False,False,False,False,False,False,False,False,False,False,False,False,False,False,False,False,False,False,False,False,False,False,False,False,False,False,True,False,False,False,False,False,False,False,False,False,False,False,False,False,False,False,False,False,False,False,False,False,False,False,False,False,False,False,False,False,False,False,False,False,False,False,False,False,False,False,False,False,False,False,False,False,False,False,False,False,False,False,False,False,False,False,False,False,False,False,False,False,False,False,False,False,False,False,False,False,False,False,False,False,False,False,False,False,False,False,False,False,False,False,False,False,False,False,False,False,False,False,False,False,False,False,False,False,False,False,False,False,False,False,False,False,False,False,False,False,False,False,False,False,False,False,False,False,False,False,False,False,False,False,False,False,False,False,False,False,False,False,False,False,False,False,False,False,False,False,False,False,False,False,False,False,False,False,False,False,False,False,False,False,False,False,False,False,False,False,False,False,False,False,False,False,False,False,False,False,False,False,False,False,False,False,False,False,False,False,False,False,False,False,False,False,False,False,False,False,False,False,False,False,False,False,False,False,False,False,False,False,False,False,False,False
2019,24.93484,24.50907,24.19438,24.08331,23.52797,23.52797,23.15774,22.9171,22.9171,22.62091,22.47282,22.47282,22.4358,22.71347,22.71347,21.88046,22.25069,22.12111,22.02855,22.54687,22.97263,23.4169,23.4169,23.60202,24.76823,25.82338,26.6564,27.50792,28.74818,29.76631,30.11802,30.85848,31.85809,32.0247,32.33939,32.8392,33.22794,33.32049,33.9869,34.26457,34.98652,35.13461,35.13461,35.17163,35.35675,34.91247,35.13461,35.06056,35.26419,35.61591,35.80102,35.78251,36.18976,35.91209,36.13422,35.98613,35.74549,35.764,36.07869,36.44892,36.33785,36.04167,35.63442,35.68995,35.61591,35.68995,35.06056,35.52335,34.81992,34.33862,34.04244,34.33862,33.39454,33.07985,33.06133,32.74664,32.43195,32.22832,31.82107,31.80256,31.15466,31.13615,30.54379,30.43272,30.02547,29.34055,28.87776,28.41498,27.76708,27.50792,27.17471,26.5083,25.93445,25.37911,25.37911,24.93484,False,False,False,False,False,False,False,False,False,False,False,False,False,False,False,False,False,False,False,False,False,False,False,False,False,False,False,False,False,False,False,False,False,False,False,False,False,False,False,False,False,False,False,False,False,False,False,False,False,False,False,False,False,False,False,False,False,False,False,False,False,False,False,False,False,False,False,False,False,False,False,False,False,False,False,False,False,False,False,False,False,False,False,False,False,False,False,False,False,False,False,False,False,False,False,False,False,False,False,False,False,False,False,False,False,False,False,False,False,False,False,False,False,False,False,False,False,False,False,False,False,False,False,False,False,False,False,False,False,False,False,False,False,False,False,False,False,False,False,False,False,False,False,False,False,False,False,False,False,False,False,False,False,False,False,False,False,False,False,False,False,False,False,False,False,False,True,False,False,False,False,False,False,False,False,False,False,False,False,False,False,False,False,False,False,False,False,False,False,False,False,False,False,False,False,False,False,False,False,False,False,False,False,False,False,False,False,False,False,False,False,False,False,False,False,False,False,False,False,False,False,False,False,False,False,False,False,False,False,False,False,False,False,False,False,False,False,False,False,False,False,False,False,False,False,False,False,False,False,False,False,False,False,False,False,False,False,False,False,False,False,False,False,False,False,False,False,False,False,False,False,False,False,False,False,False,False,False,False,False,False,False,False,False,False,False,False,False,False,False,False,False,False,False,False,False,False,False,False,False,False,False,False,False,False,False,False,False,False,False,False,False,False,False,False,False,False,False,False,False,False,False,False,False,False,False,False,False,False,False,False,False,False,False,False,False,False,False,False,False,False,False,False,False,False,False,False,False,False,False,False,False,False,False,False,False,False,False,False,False
2019,24.58312,24.39801,23.97224,23.69457,23.32435,23.32435,22.69496,22.54687,22.54687,22.54687,22.36175,22.04706,21.93599,21.93599,21.93599,21.93599,21.93599,21.93599,21.93599,21.93599,22.47282,23.19477,23.45393,23.87969,24.78675,25.61976,26.63788,27.26727,29.02585,29.85886,30.02547,31.08062,31.71,32.33939,32.72813,33.45007,34.00542,33.94988,34.44969,35.00503,35.41228,35.37526,35.33823,36.00464,35.81953,36.00464,35.56037,35.91209,36.35636,36.81915,36.80063,36.93021,36.67105,36.18976,36.48594,36.93021,36.76361,37.57811,37.393,36.89319,36.70808,36.2638,36.0972,36.20827,36.17125,36.15274,36.33785,36.13422,35.22717,34.44969,34.78289,34.8014,33.9869,33.83881,33.83881,33.52412,32.87622,32.13577,31.87661,31.89512,31.69149,31.69149,31.26573,30.78443,30.41421,29.71077,29.39608,28.85925,28.85925,28.15582,27.34132,27.17471,26.61937,26.19361,26.02701,25.41613,False,False,False,False,False,False,False,False,False,False,False,False,False,False,False,False,False,False,False,False,False,False,False,False,False,False,False,False,False,False,False,False,False,False,False,False,False,False,False,False,False,False,False,False,False,False,False,False,False,False,False,False,False,False,False,False,False,False,False,False,False,False,False,False,False,False,False,False,False,False,False,False,False,False,False,False,False,False,False,False,False,False,False,False,False,False,False,False,False,False,False,False,False,False,False,False,False,False,False,False,False,False,False,False,False,False,False,False,False,False,False,False,False,False,False,False,False,False,False,False,False,False,False,False,False,False,False,False,False,False,False,False,False,False,False,False,False,False,False,False,False,False,False,False,False,False,False,False,False,False,False,False,False,False,False,False,False,False,False,False,False,False,False,False,False,False,False,False,False,False,False,False,False,False,False,False,False,False,True,False,False,False,False,False,False,False,False,False,False,False,False,False,False,False,False,False,False,False,False,False,False,False,False,False,False,False,False,False,False,False,False,False,False,False,False,False,False,False,False,False,False,False,False,False,False,False,False,False,False,False,False,False,False,False,False,False,False,False,False,False,False,False,False,False,False,False,False,False,False,False,False,False,False,False,False,False,False,False,False,False,False,False,False,False,False,False,False,False,False,False,False,False,False,False,False,False,False,False,False,False,False,False,False,False,False,False,False,False,False,False,False,False,False,False,False,False,False,False,False,False,False,False,False,False,False,False,False,False,False,False,False,False,False,False,False,False,False,False,False,False,False,False,False,False,False,False,False,False,False,False,False,False,False,False,False,False,False,False,False,False,False,False,False,False,False,False,False,False,False,False,False,False,False,False,False,False,False,False,False,False
2019,24.82377,24.34247,24.19438,24.19438,24.19438,23.45393,23.30583,23.17625,22.84305,22.67645,22.49133,22.49133,22.49133,22.49133,22.23217,21.88046,22.32473,22.12111,22.52836,22.52836,22.88007,23.15774,23.15774,23.82415,24.76823,25.3606,26.41575,26.86002,28.69265,29.45161,30.21058,31.02508,31.48787,32.30237,33.24645,33.39454,34.19053,34.74587,35.65293,36.22678,36.18976,35.70846,35.59739,35.61591,36.04167,36.15274,37.05979,37.07831,36.94873,36.65254,36.52296,36.52296,36.93021,37.02277,37.5596,37.54109,37.11533,37.05979,37.05979,36.54147,36.5785,36.70808,36.85617,36.65254,36.96724,37.04128,36.68957,36.33785,35.50484,35.26419,35.20866,35.13461,34.48671,34.4682,34.28309,34.39415,33.72774,33.09836,32.58004,32.76515,32.59855,32.6726,32.37641,31.48787,30.71039,30.28463,30.02547,30.02547,29.02585,29.19245,28.452,27.65601,26.63788,26.58235,26.04552,25.87892,False,False,False,False,False,False,False,False,False,False,False,False,False,False,False,False,False,False,False,False,False,False,False,False,False,False,False,False,False,False,False,False,False,False,False,False,False,False,False,False,False,False,False,False,False,False,False,False,False,False,False,False,False,False,False,False,False,False,False,False,False,False,False,False,False,False,False,False,False,False,False,False,False,False,False,False,False,False,False,False,False,False,False,False,False,False,False,False,False,False,False,False,False,False,False,False,False,False,False,False,False,False,False,False,False,False,False,False,False,False,False,False,False,False,False,False,False,False,False,False,False,False,False,False,False,False,False,False,False,False,False,False,False,False,False,False,False,False,False,False,False,False,False,False,False,False,False,False,False,False,False,False,False,False,False,False,False,False,False,False,False,False,False,False,False,False,False,False,False,False,False,False,False,False,False,False,False,False,False,False,False,False,False,False,False,False,False,False,False,False,True,False,False,False,False,False,False,False,False,False,False,False,False,False,False,False,False,False,False,False,False,False,False,False,False,False,False,False,False,False,False,False,False,False,False,False,False,False,False,False,False,False,False,False,False,False,False,False,False,False,False,False,False,False,False,False,False,False,False,False,False,False,False,False,False,False,False,False,False,False,False,False,False,False,False,False,False,False,False,False,False,False,False,False,False,False,False,False,False,False,False,False,False,False,False,False,False,False,False,False,False,False,False,False,False,False,False,False,False,False,False,False,False,False,False,False,False,False,False,False,False,False,False,False,False,False,False,False,False,False,False,False,False,False,False,False,False,False,False,False,False,False,False,False,False,False,False,False,False,False,False,False,False,False,False,False,False,False,False,False,False,False,False,False,False,False,False,False,False,False
2019,25.56422,24.8793,24.5461,24.5461,24.12034,23.75011,23.49095,23.0837,23.0837,23.0837,22.93561,22.49133,22.47282,22.47282,22.47282,22.47282,22.2692,22.58389,22.84305,23.0837,23.0837,23.60202,23.71308,23.93522,24.8793,25.73083,26.30468,27.43387,29.30352,29.69226,30.21058,30.82146,31.69149,32.70962,33.28347,33.4871,34.6348,34.59778,34.85694,35.07908,35.81953,36.24529,36.48594,36.52296,36.37487,36.81915,37.05979,36.7451,37.13384,37.30044,37.35598,37.43002,38.09643,38.13345,38.39261,38.05941,38.02239,37.96685,38.05941,38.55922,38.22601,38.05941,37.43002,37.48556,37.02277,36.9117,36.2638,35.85655,35.41228,35.1161,35.19014,35.56037,34.35713,34.33862,34.00542,33.72774,33.24645,32.85771,33.06133,32.8392,32.85771,32.50599,31.45084,31.74703,31.15466,30.98806,30.98806,30.26612,30.22909,29.06288,29.00734,28.35944,27.82261,27.8041,27.71154,27.4709,False,False,False,False,False,False,False,False,False,False,False,False,False,False,False,False,False,False,False,False,False,False,False,False,False,False,False,False,False,False,False,False,False,False,False,False,False,False,False,False,False,False,False,False,False,False,False,False,False,False,False,False,False,False,False,False,False,False,False,False,False,False,False,False,False,False,False,False,False,False,False,False,False,False,False,False,False,False,False,False,False,False,False,False,False,False,False,False,False,False,False,False,False,False,False,False,False,False,False,False,False,False,False,False,False,False,False,False,False,False,False,False,False,False,False,False,False,False,False,False,False,False,False,False,False,False,False,False,False,False,False,False,False,False,False,False,False,False,False,False,False,False,False,False,False,False,False,False,False,False,False,False,False,False,False,False,False,False,False,False,False,False,False,False,False,False,False,False,False,False,False,False,False,False,False,False,False,False,False,False,False,False,False,False,False,False,False,False,False,False,False,False,False,False,False,False,False,False,False,False,False,False,True,False,False,False,False,False,False,False,False,False,False,False,False,False,False,False,False,False,False,False,False,False,False,False,False,False,False,False,False,False,False,False,False,False,False,False,False,False,False,False,False,False,False,False,False,False,False,False,False,False,False,False,False,False,False,False,False,False,False,False,False,False,False,False,False,False,False,False,False,False,False,False,False,False,False,False,False,False,False,False,False,False,False,False,False,False,False,False,False,False,False,False,False,False,False,False,False,False,False,False,False,False,False,False,False,False,False,False,False,False,False,False,False,False,False,False,False,False,False,False,False,False,False,False,False,False,False,False,False,False,False,False,False,False,False,False,False,False,False,False,False,False,False,False,False,False,False,False,False,False,False,False,False,False,False,False,False,False
2019,26.32319,25.98999,25.5272,25.21251,25.21251,24.82377,24.49056,24.47205,24.39801,23.86118,23.80564,23.69457,23.0837,23.0837,23.0837,23.0837,22.88007,22.78752,22.78752,23.19477,23.19477,23.19477,23.19477,23.65755,24.02778,23.93522,24.67568,25.30506,25.76785,26.74895,26.93407,27.06365,27.21174,27.89666,28.35944,28.63711,29.52566,29.76631,30.19207,29.98844,30.82146,30.78443,30.74741,30.74741,31.43233,31.85809,32.20981,32.20981,31.96916,32.45046,32.22832,32.41344,32.87622,32.91324,33.39454,33.20943,33.96839,33.93137,33.35752,33.24645,33.0058,33.20943,33.32049,33.07985,32.98729,32.98729,32.74664,32.3579,32.3579,32.46897,32.72813,33.04282,32.13577,31.93214,31.63596,31.89512,31.24722,31.2102,31.17317,30.83997,30.67337,30.26612,30.26612,30.28463,30.13654,29.4331,29.63673,29.11841,28.452,28.35944,28.04475,27.52643,27.11918,26.87853,26.52682,26.19361,False,False,False,False,False,False,False,False,False,False,False,False,False,False,False,False,False,False,False,False,False,False,False,False,False,False,False,False,False,False,False,False,False,False,False,False,False,False,False,False,False,False,False,False,False,False,False,False,False,False,False,False,False,False,False,False,False,False,False,False,False,False,False,False,False,False,False,False,False,False,False,False,False,False,False,False,False,False,False,False,False,False,False,False,False,False,False,False,False,False,False,False,False,False,False,False,False,False,False,False,False,False,False,False,False,False,False,False,False,False,False,False,False,False,False,False,False,False,False,False,False,False,False,False,False,False,False,False,False,False,False,False,False,False,False,False,False,False,False,False,False,False,False,False,False,False,False,False,False,False,False,False,False,False,False,False,False,False,False,False,False,False,False,False,False,False,False,False,False,False,False,False,False,False,False,False,False,False,False,False,False,False,False,False,False,False,False,False,False,False,False,False,False,False,False,False,False,False,False,False,False,False,False,False,False,False,False,False,False,False,False,False,False,False,True,False,False,False,False,False,False,False,False,False,False,False,False,False,False,False,False,False,False,False,False,False,False,False,False,False,False,False,False,False,False,False,False,False,False,False,False,False,False,False,False,False,False,False,False,False,False,False,False,False,False,False,False,False,False,False,False,False,False,False,False,False,False,False,False,False,False,False,False,False,False,False,False,False,False,False,False,False,False,False,False,False,False,False,False,False,False,False,False,False,False,False,False,False,False,False,False,False,False,False,False,False,False,False,False,False,False,False,False,False,False,False,False,False,False,False,False,False,False,False,False,False,False,False,False,False,False,False,False,False,False,False,False,False,False,False,False,False,False,False,False,False,False,False,False,False
2019,25.5272,25.41613,25.41613,24.80526,24.69419,24.45354,23.87969,23.32435,23.32435,23.32435,23.32435,23.19477,23.37988,23.37988,23.12072,22.63942,22.63942,22.63942,22.63942,22.63942,22.63942,22.84305,22.58389,23.15774,23.36137,23.36137,23.50946,23.87969,24.17587,25.06442,25.37911,25.37911,25.67529,26.13808,26.74895,27.26727,27.98921,28.30391,28.82223,29.45161,29.96993,30.04398,30.58081,30.5623,30.61783,30.71039,31.13615,30.96955,31.58042,32.46897,32.00619,31.89512,31.82107,32.06172,31.93214,32.33939,32.09874,32.06172,32.50599,32.20981,32.09874,32.1913,32.26534,32.1913,32.08023,32.48748,32.50599,32.32088,32.11725,32.24683,32.41344,32.50599,32.63557,32.72813,32.50599,32.69111,32.26534,32.28386,32.30237,32.17279,31.59893,31.96916,31.96916,31.93214,31.2102,31.15466,31.04359,30.87699,30.58081,30.19207,29.89589,29.69226,29.2665,29.15543,28.67414,28.02624,False,False,False,False,False,False,False,False,False,False,False,False,False,False,False,False,False,False,False,False,False,False,False,False,False,False,False,False,False,False,False,False,False,False,False,False,False,False,False,False,False,False,False,False,False,False,False,False,False,False,False,False,False,False,False,False,False,False,False,False,False,False,False,False,False,False,False,False,False,False,False,False,False,False,False,False,False,False,False,False,False,False,False,False,False,False,False,False,False,False,False,False,False,False,False,False,False,False,False,False,False,False,False,False,False,False,False,False,False,False,False,False,False,False,False,False,False,False,False,False,False,False,False,False,False,False,False,False,False,False,False,False,False,False,False,False,False,False,False,False,False,False,False,False,False,False,False,False,False,False,False,False,False,False,False,False,False,False,False,False,False,False,False,False,False,False,False,False,False,False,False,False,False,False,False,False,False,False,False,False,False,False,False,False,False,False,False,False,False,False,False,False,False,False,False,False,False,False,False,False,False,False,False,False,False,False,False,False,False,False,False,False,False,False,False,False,False,False,False,False,False,False,False,False,False,False,True,False,False,False,False,False,False,False,False,False,False,False,False,False,False,False,False,False,False,False,False,False,False,False,False,False,False,False,False,False,False,False,False,False,False,False,False,False,False,False,False,False,False,False,False,False,False,False,False,False,False,False,False,False,False,False,False,False,False,False,False,False,False,False,False,False,False,False,False,False,False,False,False,False,False,False,False,False,False,False,False,False,False,False,False,False,False,False,False,False,False,False,False,False,False,False,False,False,False,False,False,False,False,False,False,False,False,False,False,False,False,False,False,False,False,False,False,False,False,False,False,False,False,False,False,False,False,False,False,False,False,False,False,False
2019,27.19323,27.08216,26.21212,26.10105,25.80487,25.32358,25.10144,24.62014,24.49056,24.49056,24.21289,23.86118,23.86118,23.86118,23.86118,23.86118,23.52797,23.58351,23.15774,22.86156,23.02816,23.02816,23.32435,23.63904,23.63904,23.76862,24.24991,24.5461,25.02739,25.17548,25.41613,25.73083,26.15659,26.58235,27.10067,27.30429,27.84112,28.48902,28.52604,29.11841,29.22948,29.76631,30.081,30.081,30.45123,30.48825,30.74741,30.45123,30.67337,30.85848,30.91401,30.87699,30.98806,30.98806,31.00657,31.13615,31.08062,31.17317,30.95104,31.00657,31.2102,31.43233,30.93253,31.11764,31.13615,31.02508,30.85848,31.09913,31.04359,31.11764,31.69149,31.65447,31.43233,31.35829,31.32126,31.09913,30.93253,30.91401,30.65485,30.67337,30.78443,31.04359,30.67337,30.43272,29.9144,29.93291,29.45161,29.39608,29.41459,28.84074,28.76669,28.00773,27.4709,27.3228,27.26727,26.71193,False,False,False,False,False,False,False,False,False,False,False,False,False,False,False,False,False,False,False,False,False,False,False,False,False,False,False,False,False,False,False,False,False,False,False,False,False,False,False,False,False,False,False,False,False,False,False,False,False,False,False,False,False,False,False,False,False,False,False,False,False,False,False,False,False,False,False,False,False,False,False,False,False,False,False,False,False,False,False,False,False,False,False,False,False,False,False,False,False,False,False,False,False,False,False,False,False,False,False,False,False,False,False,False,False,False,False,False,False,False,False,False,False,False,False,False,False,False,False,False,False,False,False,False,False,False,False,False,False,False,False,False,False,False,False,False,False,False,False,False,False,False,False,False,False,False,False,False,False,False,False,False,False,False,False,False,False,False,False,False,False,False,False,False,False,False,False,False,False,False,False,False,False,False,False,False,False,False,False,False,False,False,False,False,False,False,False,False,False,False,False,False,False,False,False,False,False,False,False,False,False,False,False,False,False,False,False,False,False,False,False,False,False,False,False,False,False,False,False,False,False,False,False,False,False,False,False,False,False,False,False,False,False,False,False,False,False,False,True,False,False,False,False,False,False,False,False,False,False,False,False,False,False,False,False,False,False,False,False,False,False,False,False,False,False,False,False,False,False,False,False,False,False,False,False,False,False,False,False,False,False,False,False,False,False,False,False,False,False,False,False,False,False,False,False,False,False,False,False,False,False,False,False,False,False,False,False,False,False,False,False,False,False,False,False,False,False,False,False,False,False,False,False,False,False,False,False,False,False,False,False,False,False,False,False,False,False,False,False,False,False,False,False,False,False,False,False,False,False,False,False,False,False,False,False,False,False,False,False,False
2019,26.21212,25.91594,25.89743,25.60125,25.17548,24.8793,24.8793,24.37949,24.24991,24.24991,24.24991,23.69457,23.58351,23.19477,23.37988,23.58351,23.58351,23.58351,23.58351,23.58351,23.58351,23.58351,23.95373,24.26843,24.74972,25.194,24.93484,25.50869,26.80449,27.73006,28.02624,28.02624,28.6186,28.80372,29.2665,29.45161,30.15505,31.00657,30.91401,30.98806,31.67298,31.65447,31.98767,32.43195,32.43195,32.63557,32.70962,33.13538,33.45007,33.43156,33.45007,33.59816,33.94988,33.4871,33.4871,33.67221,33.59816,33.59816,33.41305,33.45007,33.1724,33.69072,33.52412,33.94988,33.87584,34.19053,34.09797,33.52412,32.95027,32.98729,33.26496,33.43156,32.69111,32.6726,32.61706,32.69111,32.04321,31.93214,31.45084,31.32126,31.32126,31.32126,31.19168,30.65485,30.30314,29.93291,29.58119,29.32203,28.9333,28.48902,28.11879,27.8041,27.19323,27.1562,26.86002,26.43426,False,False,False,False,False,False,False,False,False,False,False,False,False,False,False,False,False,False,False,False,False,False,False,False,False,False,False,False,False,False,False,False,False,False,False,False,False,False,False,False,False,False,False,False,False,False,False,False,False,False,False,False,False,False,False,False,False,False,False,False,False,False,False,False,False,False,False,False,False,False,False,False,False,False,False,False,False,False,False,False,False,False,False,False,False,False,False,False,False,False,False,False,False,False,False,False,False,False,False,False,False,False,False,False,False,False,False,False,False,False,False,False,False,False,False,False,False,False,False,False,False,False,False,False,False,False,False,False,False,False,False,False,False,False,False,False,False,False,False,False,False,False,False,False,False,False,False,False,False,False,False,False,False,False,False,False,False,False,False,False,False,False,False,False,False,False,False,False,False,False,False,False,False,False,False,False,False,False,False,False,False,False,False,False,False,False,False,False,False,False,False,False,False,False,False,False,False,False,False,False,False,False,False,False,False,False,False,False,False,False,False,False,False,False,False,False,False,False,False,False,False,False,False,False,False,False,False,False,False,False,False,False,False,False,False,False,False,False,False,False,False,False,False,False,False,False,False,False,False,False,True,False,False,False,False,False,False,False,False,False,False,False,False,False,False,False,False,False,False,False,False,False,False,False,False,False,False,False,False,False,False,False,False,False,False,False,False,False,False,False,False,False,False,False,False,False,False,False,False,False,False,False,False,False,False,False,False,False,False,False,False,False,False,False,False,False,False,False,False,False,False,False,False,False,False,False,False,False,False,False,False,False,False,False,False,False,False,False,False,False,False,False,False,False,False,False,False,False,False,False,False,False,False,False,False,False,False,False,False,False
2019,26.08254,25.74934,25.45315,25.13846,24.5461,24.41652,24.41652,23.87969,23.80564,23.86118,23.80564,23.26881,23.0837,23.58351,23.71308,23.71308,23.71308,23.56499,23.54648,24.00927,24.15736,24.15736,24.32396,24.80526,26.0085,26.74895,27.28578,28.47051,30.26612,31.2102,32.06172,32.65408,33.37603,34.02393,34.65331,35.46781,35.98613,36.4119,36.52296,36.7451,37.02277,36.68957,36.81915,36.98575,37.05979,37.5596,38.02239,38.0409,37.74471,38.42964,38.48517,38.65177,38.70731,38.59624,38.35559,38.8554,38.59624,38.26303,38.18899,37.92983,37.89281,37.57811,37.78174,37.61514,37.35598,37.07831,36.93021,36.70808,36.44892,36.04167,36.22678,36.18976,35.20866,35.06056,34.76438,34.76438,34.13499,33.8203,33.02431,32.87622,32.87622,32.87622,32.22832,32.04321,30.98806,30.35867,29.85886,29.69226,29.21097,28.7852,28.10028,27.60048,27.06365,26.76746,26.76746,26.67491,False,False,False,False,False,False,False,False,False,False,False,False,False,False,False,False,False,False,False,False,False,False,False,False,False,False,False,False,False,False,False,False,False,False,False,False,False,False,False,False,False,False,False,False,False,False,False,False,False,False,False,False,False,False,False,False,False,False,False,False,False,False,False,False,False,False,False,False,False,False,False,False,False,False,False,False,False,False,False,False,False,False,False,False,False,False,False,False,False,False,False,False,False,False,False,False,False,False,False,False,False,False,False,False,False,False,False,False,False,False,False,False,False,False,False,False,False,False,False,False,False,False,False,False,False,False,False,False,False,False,False,False,False,False,False,False,False,False,False,False,False,False,False,False,False,False,False,False,False,False,False,False,False,False,False,False,False,False,False,False,False,False,False,False,False,False,False,False,False,False,False,False,False,False,False,False,False,False,False,False,False,False,False,False,False,False,False,False,False,False,False,False,False,False,False,False,False,False,False,False,False,False,False,False,False,False,False,False,False,False,False,False,False,False,False,False,False,False,False,False,False,False,False,False,False,False,False,False,False,False,False,False,False,False,False,False,False,False,False,False,False,False,False,False,False,False,False,False,False,False,False,False,False,False,False,False,False,False,False,False,False,False,True,False,False,False,False,False,False,False,False,False,False,False,False,False,False,False,False,False,False,False,False,False,False,False,False,False,False,False,False,False,False,False,False,False,False,False,False,False,False,False,False,False,False,False,False,False,False,False,False,False,False,False,False,False,False,False,False,False,False,False,False,False,False,False,False,False,False,False,False,False,False,False,False,False,False,False,False,False,False,False,False,False,False,False,False,False,False,False,False,False,False,False,False,False,False,False,False,False
2019,25.67529,25.30506,24.69419,24.47205,24.47205,24.47205,23.91671,23.69457,23.69457,23.69457,23.04667,23.04667,23.04667,23.04667,23.04667,23.04667,22.75049,22.75049,22.75049,22.75049,23.10221,23.65755,23.84266,24.26843,25.15697,26.06403,26.41575,27.30429,29.28501,30.39569,31.30275,31.69149,32.46897,33.50561,34.52373,35.15312,35.89358,36.68957,36.2638,36.30083,37.18937,38.0409,37.52258,37.67067,38.07792,37.91132,37.76323,37.54109,37.96685,37.96685,38.5407,38.2075,38.07792,38.13345,37.89281,37.80025,37.85578,37.94834,38.0409,38.0409,38.02239,38.35559,38.17048,38.07792,37.65216,37.37449,37.28193,36.7451,36.48594,36.30083,36.43041,35.81953,35.1161,34.67182,34.39415,34.33862,33.67221,33.4871,33.20943,33.09836,32.56153,32.46897,32.50599,31.71,31.32126,30.85848,30.54379,29.96993,29.54417,28.9333,28.69265,27.93368,27.28578,27.21174,26.80449,26.30468,False,False,False,False,False,False,False,False,False,False,False,False,False,False,False,False,False,False,False,False,False,False,False,False,False,False,False,False,False,False,False,False,False,False,False,False,False,False,False,False,False,False,False,False,False,False,False,False,False,False,False,False,False,False,False,False,False,False,False,False,False,False,False,False,False,False,False,False,False,False,False,False,False,False,False,False,False,False,False,False,False,False,False,False,False,False,False,False,False,False,False,False,False,False,False,False,False,False,False,False,False,False,False,False,False,False,False,False,False,False,False,False,False,False,False,False,False,False,False,False,False,False,False,False,False,False,False,False,False,False,False,False,False,False,False,False,False,False,False,False,False,False,False,False,False,False,False,False,False,False,False,False,False,False,False,False,False,False,False,False,False,False,False,False,False,False,False,False,False,False,False,False,False,False,False,False,False,False,False,False,False,False,False,False,False,False,False,False,False,False,False,False,False,False,False,False,False,False,False,False,False,False,False,False,False,False,False,False,False,False,False,False,False,False,False,False,False,False,False,False,False,False,False,False,False,False,False,False,False,False,False,False,False,False,False,False,False,False,False,False,False,False,False,False,False,False,False,False,False,False,False,False,False,False,False,False,False,False,False,False,False,False,False,False,False,False,False,False,False,False,False,False,False,False,True,False,False,False,False,False,False,False,False,False,False,False,False,False,False,False,False,False,False,False,False,False,False,False,False,False,False,False,False,False,False,False,False,False,False,False,False,False,False,False,False,False,False,False,False,False,False,False,False,False,False,False,False,False,False,False,False,False,False,False,False,False,False,False,False,False,False,False,False,False,False,False,False,False,False,False,False,False,False,False,False,False,False,False,False,False
2019,25.65678,25.47167,25.13846,25.02739,24.5461,24.5461,23.91671,23.86118,23.47244,23.7316,23.34286,23.34286,22.97263,22.97263,22.97263,22.97263,22.97263,22.97263,22.97263,22.97263,22.99114,23.58351,23.58351,23.58351,24.15736,24.43503,24.65717,25.10144,26.02701,26.80449,26.84151,27.24876,27.89666,28.06326,28.41498,29.15543,29.54417,29.72929,29.96993,30.52527,30.78443,31.33978,31.71,31.65447,32.0247,32.06172,32.33939,32.82069,32.91324,33.0058,33.4871,33.32049,33.43156,34.35713,33.96839,34.15351,34.3016,34.39415,34.57927,34.91247,34.87545,35.17163,35.06056,34.98652,34.91247,34.26457,34.3016,33.93137,33.9869,33.96839,34.44969,34.41267,34.07946,33.74626,33.8203,33.52412,33.22794,33.04282,32.74664,32.46897,31.87661,31.87661,31.43233,31.19168,30.45123,30.22909,29.93291,29.48864,29.00734,28.43349,27.84112,27.6375,26.9896,26.9896,26.54533,25.80487,False,False,False,False,False,False,False,False,False,False,False,False,False,False,False,False,False,False,False,False,False,False,False,False,False,False,False,False,False,False,False,False,False,False,False,False,False,False,False,False,False,False,False,False,False,False,False,False,False,False,False,False,False,False,False,False,False,False,False,False,False,False,False,False,False,False,False,False,False,False,False,False,False,False,False,False,False,False,False,False,False,False,False,False,False,False,False,False,False,False,False,False,False,False,False,False,False,False,False,False,False,False,False,False,False,False,False,False,False,False,False,False,False,False,False,False,False,False,False,False,False,False,False,False,False,False,False,False,False,False,False,False,False,False,False,False,False,False,False,False,False,False,False,False,False,False,False,False,False,False,False,False,False,False,False,False,False,False,False,False,False,False,False,False,False,False,False,False,False,False,False,False,False,False,False,False,False,False,False,False,False,False,False,False,False,False,False,False,False,False,False,False,False,False,False,False,False,False,False,False,False,False,False,False,False,False,False,False,False,False,False,False,False,False,False,False,False,False,False,False,False,False,False,False,False,False,False,False,False,False,False,False,False,False,False,False,False,False,False,False,False,False,False,False,False,False,False,False,False,False,False,False,False,False,False,False,False,False,False,False,False,False,False,False,False,False,False,False,False,False,False,False,False,False,False,False,False,False,False,False,False,False,False,False,False,False,True,False,False,False,False,False,False,False,False,False,False,False,False,False,False,False,False,False,False,False,False,False,False,False,False,False,False,False,False,False,False,False,False,False,False,False,False,False,False,False,False,False,False,False,False,False,False,False,False,False,False,False,False,False,False,False,False,False,False,False,False,False,False,False,False,False,False,False,False,False,False,False,False,False
2019,25.08293,25.58273,25.21251,25.0459,24.5461,24.24991,23.62053,23.58351,23.58351,23.34286,22.86156,23.23179,22.82454,22.82454,22.82454,22.82454,22.82454,22.82454,22.82454,23.36137,23.47244,24.13885,24.21289,24.21289,25.26804,25.98999,26.48979,27.06365,28.91478,29.9144,30.41421,30.76592,31.76554,32.48748,33.19091,33.61668,34.24606,34.72736,35.39377,35.04205,35.764,36.04167,36.31934,36.43041,37.76323,37.98536,37.26342,37.48556,37.54109,37.85578,37.94834,37.74471,37.89281,37.89281,38.09643,38.05941,38.26303,38.70731,38.46666,37.78174,37.57811,37.44853,37.44853,37.33746,37.04128,37.02277,37.18937,37.26342,36.39338,36.18976,35.87506,35.67144,34.48671,34.20904,33.61668,33.20943,32.6726,32.69111,32.32088,31.89512,31.56191,31.35829,30.95104,30.58081,30.34016,29.85886,29.85886,29.34055,28.7852,28.37795,28.04475,27.56345,27.11918,26.71193,26.37872,25.86041,False,False,False,False,False,False,False,False,False,False,False,False,False,False,False,False,False,False,False,False,False,False,False,False,False,False,False,False,False,False,False,False,False,False,False,False,False,False,False,False,False,False,False,False,False,False,False,False,False,False,False,False,False,False,False,False,False,False,False,False,False,False,False,False,False,False,False,False,False,False,False,False,False,False,False,False,False,False,False,False,False,False,False,False,False,False,False,False,False,False,False,False,False,False,False,False,False,False,False,False,False,False,False,False,False,False,False,False,False,False,False,False,False,False,False,False,False,False,False,False,False,False,False,False,False,False,False,False,False,False,False,False,False,False,False,False,False,False,False,False,False,False,False,False,False,False,False,False,False,False,False,False,False,False,False,False,False,False,False,False,False,False,False,False,False,False,False,False,False,False,False,False,False,False,False,False,False,False,False,False,False,False,False,False,False,False,False,False,False,False,False,False,False,False,False,False,False,False,False,False,False,False,False,False,False,False,False,False,False,False,False,False,False,False,False,False,False,False,False,False,False,False,False,False,False,False,False,False,False,False,False,False,False,False,False,False,False,False,False,False,False,False,False,False,False,False,False,False,False,False,False,False,False,False,False,False,False,False,False,False,False,False,False,False,False,False,False,False,False,False,False,False,False,False,False,False,False,False,False,False,False,False,False,False,False,False,False,False,False,False,False,False,False,False,False,False,False,False,True,False,False,False,False,False,False,False,False,False,False,False,False,False,False,False,False,False,False,False,False,False,False,False,False,False,False,False,False,False,False,False,False,False,False,False,False,False,False,False,False,False,False,False,False,False,False,False,False,False,False,False,False,False,False,False,False,False,False,False,False,False
2019,25.41613,25.0459,24.67568,24.43503,23.87969,23.82415,23.78713,23.02816,22.84305,22.41729,22.41729,22.41729,22.41729,22.41729,22.41729,22.41729,21.63981,21.58428,21.58428,21.58428,21.7879,22.21366,22.21366,22.21366,22.67645,22.9171,22.9171,23.28732,23.95373,24.45354,24.93484,24.93484,25.17548,25.82338,25.91594,26.32319,26.71193,27.11918,26.87853,27.4709,27.71154,27.84112,27.41536,27.37834,27.82261,28.58158,28.6186,28.63711,28.65562,29.02585,29.02585,29.02585,28.65562,29.04436,29.08139,29.08139,29.08139,29.08139,29.08139,29.08139,29.08139,29.08139,29.06288,29.04436,29.04436,29.13692,29.24799,29.19245,29.19245,29.19245,29.76631,29.69226,30.02547,30.02547,30.00696,29.96993,29.59971,29.61822,29.48864,29.48864,29.48864,29.39608,29.39608,29.48864,29.04436,28.97032,28.35944,28.30391,27.69303,27.08216,27.08216,27.08216,26.39724,25.87892,25.5272,24.93484,False,False,False,False,False,False,False,False,False,False,False,False,False,False,False,False,False,False,False,False,False,False,False,False,False,False,False,False,False,False,False,False,False,False,False,False,False,False,False,False,False,False,False,False,False,False,False,False,False,False,False,False,False,False,False,False,False,False,False,False,False,False,False,False,False,False,False,False,False,False,False,False,False,False,False,False,False,False,False,False,False,False,False,False,False,False,False,False,False,False,False,False,False,False,False,False,False,False,False,False,False,False,False,False,False,False,False,False,False,False,False,False,False,False,False,False,False,False,False,False,False,False,False,False,False,False,False,False,False,False,False,False,False,False,False,False,False,False,False,False,False,False,False,False,False,False,False,False,False,False,False,False,False,False,False,False,False,False,False,False,False,False,False,False,False,False,False,False,False,False,False,False,False,False,False,False,False,False,False,False,False,False,False,False,False,False,False,False,False,False,False,False,False,False,False,False,False,False,False,False,False,False,False,False,False,False,False,False,False,False,False,False,False,False,False,False,False,False,False,False,False,False,False,False,False,False,False,False,False,False,False,False,False,False,False,False,False,False,False,False,False,False,False,False,False,False,False,False,False,False,False,False,False,False,False,False,False,False,False,False,False,False,False,False,False,False,False,False,False,False,False,False,False,False,False,False,False,False,False,False,False,False,False,False,False,False,False,False,False,False,False,False,False,False,False,False,False,False,False,False,False,False,False,False,False,False,False,False,False,True,False,False,False,False,False,False,False,False,False,False,False,False,False,False,False,False,False,False,False,False,False,False,False,False,False,False,False,False,False,False,False,False,False,False,False,False,False,False,False,False,False,False,False,False,False,False,False,False,False,False
2019,24.7127,24.08331,23.32435,23.32435,23.32435,23.26881,22.49133,22.49133,22.04706,21.65832,21.65832,21.65832,21.65832,21.65832,21.01042,20.88084,20.88084,21.38065,21.93599,21.49172,21.32512,21.32512,21.32512,21.32512,21.56576,22.19515,22.49133,22.69496,23.43541,23.43541,23.43541,23.80564,24.43503,24.43503,24.99037,25.08293,25.82338,26.21212,26.21212,26.71193,26.91555,27.56345,27.58196,27.50792,28.26689,28.37795,28.30391,28.30391,28.30391,28.2854,28.58158,28.452,28.32242,28.6186,28.85925,28.52604,28.52604,28.52604,28.52604,28.52604,28.52604,28.71116,28.58158,28.58158,28.60009,29.24799,28.89627,29.19245,29.24799,29.39608,29.48864,30.22909,30.32165,30.13654,29.89589,30.09951,30.17356,29.84035,29.2665,29.2665,29.2665,28.7852,28.63711,28.63711,28.32242,27.85964,27.3228,27.19323,26.6564,26.36021,26.36021,25.65678,25.3606,24.97186,24.69419,23.97224,False,False,False,False,False,False,False,False,False,False,False,False,False,False,False,False,False,False,False,False,False,False,False,False,False,False,False,False,False,False,False,False,False,False,False,False,False,False,False,False,False,False,False,False,False,False,False,False,False,False,False,False,False,False,False,False,False,False,False,False,False,False,False,False,False,False,False,False,False,False,False,False,False,False,False,False,False,False,False,False,False,False,False,False,False,False,False,False,False,False,False,False,False,False,False,False,False,False,False,False,False,False,False,False,False,False,False,False,False,False,False,False,False,False,False,False,False,False,False,False,False,False,False,False,False,False,False,False,False,False,False,False,False,False,False,False,False,False,False,False,False,False,False,False,False,False,False,False,False,False,False,False,False,False,False,False,False,False,False,False,False,False,False,False,False,False,False,False,False,False,False,False,False,False,False,False,False,False,False,False,False,False,False,False,False,False,False,False,False,False,False,False,False,False,False,False,False,False,False,False,False,False,False,False,False,False,False,False,False,False,False,False,False,False,False,False,False,False,False,False,False,False,False,False,False,False,False,False,False,False,False,False,False,False,False,False,False,False,False,False,False,False,False,False,False,False,False,False,False,False,False,False,False,False,False,False,False,False,False,False,False,False,False,False,False,False,False,False,False,False,False,False,False,False,False,False,False,False,False,False,False,False,False,False,False,False,False,False,False,False,False,False,False,False,False,False,False,False,False,False,False,False,False,False,False,False,False,False,False,False,False,False,False,False,False,False,False,False,False,False,False,True,False,False,False,False,False,False,False,False,False,False,False,False,False,False,False,False,False,False,False,False,False,False,False,False,False,False,False,False,False,False,False,False,False,False,False,False,False,False
2019,23.71308,23.30583,22.63942,22.49133,22.49133,22.32473,21.75088,21.75088,21.75088,21.65832,21.04745,21.04745,21.04745,21.04745,21.04745,21.04745,21.04745,21.6213,21.91748,21.91748,22.04706,22.75049,22.75049,23.04667,24.43503,25.37911,26.32319,26.93407,28.58158,29.34055,29.78482,30.59932,31.0621,31.30275,31.46936,31.85809,31.65447,31.72851,31.74703,32.1913,32.3579,32.5245,32.48748,32.59855,33.09836,33.20943,33.32049,33.67221,33.9869,34.06095,34.19053,34.37564,34.4682,34.28309,34.65331,34.43118,34.59778,34.33862,34.32011,34.22755,34.28309,34.20904,33.69072,33.80179,33.46858,33.22794,33.41305,33.43156,33.19091,33.19091,33.43156,33.70923,32.78366,32.65408,32.28386,32.28386,32.13577,31.59893,31.0621,30.76592,30.71039,30.71039,30.22909,30.19207,29.50715,28.89627,28.69265,28.69265,27.76708,27.34132,26.9896,26.43426,25.95296,25.76785,25.28655,24.86079,False,False,False,False,False,False,False,False,False,False,False,False,False,False,False,False,False,False,False,False,False,False,False,False,False,False,False,False,False,False,False,False,False,False,False,False,False,False,False,False,False,False,False,False,False,False,False,False,False,False,False,False,False,False,False,False,False,False,False,False,False,False,False,False,False,False,False,False,False,False,False,False,False,False,False,False,False,False,False,False,False,False,False,False,False,False,False,False,False,False,False,False,False,False,False,False,False,False,False,False,False,False,False,False,False,False,False,False,False,False,False,False,False,False,False,False,False,False,False,False,False,False,False,False,False,False,False,False,False,False,False,False,False,False,False,False,False,False,False,False,False,False,False,False,False,False,False,False,False,False,False,False,False,False,False,False,False,False,False,False,False,False,False,False,False,False,False,False,False,False,False,False,False,False,False,False,False,False,False,False,False,False,False,False,False,False,False,False,False,False,False,False,False,False,False,False,False,False,False,False,False,False,False,False,False,False,False,False,False,False,False,False,False,False,False,False,False,False,False,False,False,False,False,False,False,False,False,False,False,False,False,False,False,False,False,False,False,False,False,False,False,False,False,False,False,False,False,False,False,False,False,False,False,False,False,False,False,False,False,False,False,False,False,False,False,False,False,False,False,False,False,False,False,False,False,False,False,False,False,False,False,False,False,False,False,False,False,False,False,False,False,False,False,False,False,False,False,False,False,False,False,False,False,False,False,False,False,False,False,False,False,False,False,False,False,False,False,False,False,False,False,False,False,False,False,False,False,False,False,False,False,False,False,True,False,False,False,False,False,False,False,False,False,False,False,False,False,False,False,False,False,False,False,False,False,False,False,False,False,False
2019,24.41652,24.04629,23.71308,23.71308,22.93561,22.88007,22.52836,22.73198,22.30622,21.93599,21.93599,21.93599,21.93599,21.93599,21.93599,21.93599,21.60279,21.60279,21.60279,21.60279,22.02855,22.65794,23.28732,23.7316,24.86079,25.54571,26.78597,27.56345,29.19245,29.95142,30.59932,31.2102,31.72851,32.09874,32.45046,32.85771,33.41305,33.45007,33.61668,34.00542,34.61629,35.07908,35.24568,35.43079,35.54186,35.81953,35.81953,35.43079,35.70846,35.70846,35.70846,35.57888,36.33785,36.48594,36.44892,36.37487,36.00464,35.72697,35.80102,35.764,35.68995,35.68995,35.50484,35.13461,34.85694,34.50522,34.85694,34.89396,34.89396,34.87545,35.13461,35.41228,33.87584,33.63519,33.43156,33.33901,33.0058,32.54302,32.46897,32.20981,31.61745,31.52489,30.8955,30.82146,30.17356,29.65524,29.32203,28.65562,28.17433,27.9707,27.30429,26.89704,26.3417,25.86041,25.194,25.10144,False,False,False,False,False,False,False,False,False,False,False,False,False,False,False,False,False,False,False,False,False,False,False,False,False,False,False,False,False,False,False,False,False,False,False,False,False,False,False,False,False,False,False,False,False,False,False,False,False,False,False,False,False,False,False,False,False,False,False,False,False,False,False,False,False,False,False,False,False,False,False,False,False,False,False,False,False,False,False,False,False,False,False,False,False,False,False,False,False,False,False,False,False,False,False,False,False,False,False,False,False,False,False,False,False,False,False,False,False,False,False,False,False,False,False,False,False,False,False,False,False,False,False,False,False,False,False,False,False,False,False,False,False,False,False,False,False,False,False,False,False,False,False,False,False,False,False,False,False,False,False,False,False,False,False,False,False,False,False,False,False,False,False,False,False,False,False,False,False,False,False,False,False,False,False,False,False,False,False,False,False,False,False,False,False,False,False,False,False,False,False,False,False,False,False,False,False,False,False,False,False,False,False,False,False,False,False,False,False,False,False,False,False,False,False,False,False,False,False,False,False,False,False,False,False,False,False,False,False,False,False,False,False,False,False,False,False,False,False,False,False,False,False,False,False,False,False,False,False,False,False,False,False,False,False,False,False,False,False,False,False,False,False,False,False,False,False,False,False,False,False,False,False,False,False,False,False,False,False,False,False,False,False,False,False,False,False,False,False,False,False,False,False,False,False,False,False,False,False,False,False,False,False,False,False,False,False,False,False,False,False,False,False,False,False,False,False,False,False,False,False,False,False,False,False,False,False,False,False,False,False,False,False,False,False,False,False,False,False,False,False,False,False,True,False,False,False,False,False,False,False,False,False,False,False,False,False,False,False,False
